274 1 1
238 1 2
261 1 3
253 1 4
261 1 5
255 1 6
266 1 7
264 1 8
253 1 9
236 1 10
245 1 11
256 1 12
268 1 13
257 1 14
258 1 15
266 1 16
260 1 17
270 1 18
266 1 19
257 1 20
250 1 21
270 1 22
284 1 23
268 1 24
253 1 25
275 1 26
254 1 27
263 1 28
270 1 29
259 1 30
255 1 31
259 1 32
263 1 33
254 1 34
260 1 35
269 1 36
270 1 37
258 1 38
267 1 39
256 1 40
257 1 41
259 1 42
252 1 43
265 1 44
268 1 45
271 1 46
276 1 47
248 1 48
249 1 49
260 1 50
250 1 51
257 1 52
248 1 53
257 1 54
264 1 55
259 1 56
259 1 57
263 1 58
258 1 59
280 1 60
256 1 61
270 1 62
251 1 63
261 1 64
261 1 65
256 1 66
268 1 67
266 1 68
260 1 69
260 1 70
254 1 71
269 1 72
264 1 73
248 1 74
267 1 75
262 1 76
268 1 77
286 1 78
258 1 79
258 1 80
268 1 81
256 1 82
264 1 83
257 1 84
253 1 85
252 1 86
254 1 87
287 1 88
274 1 89
270 1 90
260 1 91
263 1 92
262 1 93
263 1 94
261 1 95
263 1 96
258 1 97
265 1 98
265 1 99
246 1 100
266 2 1
245 2 2
266 2 3
256 2 4
269 2 5
254 2 6
272 2 7
267 2 8
255 2 9
241 2 10
255 2 11
263 2 12
268 2 13
260 2 14
258 2 15
271 2 16
264 2 17
273 2 18
271 2 19
265 2 20
254 2 21
276 2 22
292 2 23
271 2 24
256 2 25
278 2 26
255 2 27
270 2 28
270 2 29
266 2 30
263 2 31
264 2 32
269 2 33
253 2 34
268 2 35
274 2 36
271 2 37
265 2 38
267 2 39
258 2 40
265 2 41
265 2 42
251 2 43
269 2 44
267 2 45
274 2 46
276 2 47
250 2 48
256 2 49
262 2 50
254 2 51
266 2 52
256 2 53
261 2 54
268 2 55
264 2 56
263 2 57
265 2 58
256 2 59
282 2 60
261 2 61
277 2 62
256 2 63
267 2 64
268 2 65
262 2 66
269 2 67
268 2 68
269 2 69
263 2 70
257 2 71
274 2 72
264 2 73
258 2 74
268 2 75
267 2 76
271 2 77
288 2 78
264 2 79
259 2 80
269 2 81
260 2 82
272 2 83
257 2 84
260 2 85
260 2 86
263 2 87
287 2 88
276 2 89
272 2 90
256 2 91
269 2 92
268 2 93
268 2 94
267 2 95
262 2 96
258 2 97
265 2 98
267 2 99
246 2 100
262 3 1
232 3 2
268 3 3
245 3 4
258 3 5
247 3 6
262 3 7
264 3 8
247 3 9
234 3 10
249 3 11
254 3 12
263 3 13
250 3 14
254 3 15
263 3 16
255 3 17
268 3 18
261 3 19
252 3 20
244 3 21
263 3 22
282 3 23
264 3 24
250 3 25
272 3 26
241 3 27
261 3 28
265 3 29
256 3 30
253 3 31
259 3 32
258 3 33
242 3 34
249 3 35
263 3 36
266 3 37
253 3 38
258 3 39
255 3 40
256 3 41
257 3 42
249 3 43
257 3 44
259 3 45
267 3 46
266 3 47
240 3 48
241 3 49
256 3 50
243 3 51
256 3 52
245 3 53
250 3 54
260 3 55
255 3 56
251 3 57
254 3 58
249 3 59
272 3 60
247 3 61
263 3 62
255 3 63
255 3 64
257 3 65
252 3 66
259 3 67
261 3 68
257 3 69
257 3 70
249 3 71
265 3 72
254 3 73
245 3 74
260 3 75
252 3 76
263 3 77
280 3 78
256 3 79
253 3 80
260 3 81
256 3 82
265 3 83
250 3 84
250 3 85
253 3 86
255 3 87
283 3 88
272 3 89
263 3 90
248 3 91
261 3 92
256 3 93
271 3 94
259 3 95
259 3 96
246 3 97
257 3 98
262 3 99
237 3 100
253 4 1
229 4 2
256 4 3
259 4 4
263 4 5
241 4 6
264 4 7
258 4 8
247 4 9
232 4 10
248 4 11
251 4 12
260 4 13
250 4 14
252 4 15
264 4 16
252 4 17
266 4 18
260 4 19
258 4 20
242 4 21
262 4 22
283 4 23
263 4 24
244 4 25
261 4 26
246 4 27
255 4 28
262 4 29
253 4 30
251 4 31
256 4 32
258 4 33
247 4 34
251 4 35
261 4 36
264 4 37
249 4 38
259 4 39
247 4 40
251 4 41
256 4 42
241 4 43
258 4 44
263 4 45
264 4 46
265 4 47
247 4 48
244 4 49
249 4 50
246 4 51
256 4 52
246 4 53
252 4 54
255 4 55
254 4 56
254 4 57
254 4 58
253 4 59
271 4 60
255 4 61
265 4 62
249 4 63
248 4 64
258 4 65
248 4 66
253 4 67
259 4 68
252 4 69
259 4 70
254 4 71
264 4 72
257 4 73
247 4 74
258 4 75
257 4 76
261 4 77
274 4 78
256 4 79
255 4 80
258 4 81
252 4 82
260 4 83
254 4 84
244 4 85
246 4 86
251 4 87
280 4 88
265 4 89
268 4 90
247 4 91
260 4 92
259 4 93
255 4 94
256 4 95
250 4 96
246 4 97
254 4 98
255 4 99
239 4 100
261 5 1
234 5 2
252 5 3
247 5 4
271 5 5
242 5 6
259 5 7
258 5 8
243 5 9
231 5 10
245 5 11
250 5 12
256 5 13
250 5 14
259 5 15
265 5 16
251 5 17
264 5 18
255 5 19
253 5 20
240 5 21
266 5 22
280 5 23
254 5 24
244 5 25
267 5 26
242 5 27
257 5 28
258 5 29
256 5 30
250 5 31
254 5 32
258 5 33
247 5 34
253 5 35
260 5 36
264 5 37
255 5 38
253 5 39
244 5 40
251 5 41
255 5 42
242 5 43
255 5 44
258 5 45
268 5 46
268 5 47
240 5 48
245 5 49
250 5 50
242 5 51
257 5 52
250 5 53
253 5 54
251 5 55
245 5 56
256 5 57
251 5 58
250 5 59
270 5 60
253 5 61
257 5 62
247 5 63
249 5 64
251 5 65
255 5 66
257 5 67
256 5 68
255 5 69
252 5 70
244 5 71
260 5 72
251 5 73
244 5 74
262 5 75
253 5 76
257 5 77
276 5 78
257 5 79
248 5 80
256 5 81
242 5 82
265 5 83
244 5 84
251 5 85
252 5 86
247 5 87
273 5 88
263 5 89
262 5 90
242 5 91
261 5 92
258 5 93
263 5 94
252 5 95
253 5 96
245 5 97
250 5 98
255 5 99
241 5 100
263 6 1
238 6 2
262 6 3
255 6 4
261 6 5
255 6 6
270 6 7
263 6 8
254 6 9
242 6 10
248 6 11
259 6 12
267 6 13
259 6 14
258 6 15
266 6 16
263 6 17
271 6 18
265 6 19
259 6 20
245 6 21
278 6 22
289 6 23
269 6 24
260 6 25
276 6 26
252 6 27
268 6 28
269 6 29
262 6 30
260 6 31
259 6 32
265 6 33
252 6 34
266 6 35
266 6 36
270 6 37
261 6 38
263 6 39
258 6 40
260 6 41
262 6 42
248 6 43
267 6 44
269 6 45
272 6 46
272 6 47
245 6 48
246 6 49
257 6 50
250 6 51
263 6 52
251 6 53
262 6 54
263 6 55
256 6 56
255 6 57
264 6 58
256 6 59
277 6 60
257 6 61
270 6 62
250 6 63
261 6 64
263 6 65
256 6 66
269 6 67
264 6 68
263 6 69
261 6 70
250 6 71
266 6 72
263 6 73
248 6 74
263 6 75
267 6 76
269 6 77
284 6 78
261 6 79
258 6 80
264 6 81
253 6 82
271 6 83
253 6 84
257 6 85
255 6 86
258 6 87
283 6 88
271 6 89
272 6 90
254 6 91
262 6 92
261 6 93
270 6 94
256 6 95
258 6 96
256 6 97
257 6 98
267 6 99
243 6 100
269 7 1
244 7 2
269 7 3
254 7 4
268 7 5
254 7 6
273 7 7
271 7 8
252 7 9
243 7 10
254 7 11
263 7 12
268 7 13
263 7 14
260 7 15
270 7 16
262 7 17
272 7 18
271 7 19
262 7 20
252 7 21
272 7 22
290 7 23
274 7 24
257 7 25
274 7 26
260 7 27
272 7 28
275 7 29
263 7 30
262 7 31
264 7 32
271 7 33
255 7 34
267 7 35
273 7 36
273 7 37
264 7 38
269 7 39
258 7 40
263 7 41
268 7 42
253 7 43
271 7 44
271 7 45
277 7 46
274 7 47
248 7 48
252 7 49
262 7 50
251 7 51
271 7 52
252 7 53
263 7 54
269 7 55
263 7 56
264 7 57
262 7 58
259 7 59
284 7 60
260 7 61
278 7 62
260 7 63
263 7 64
263 7 65
262 7 66
269 7 67
270 7 68
263 7 69
267 7 70
256 7 71
275 7 72
268 7 73
257 7 74
269 7 75
267 7 76
272 7 77
285 7 78
263 7 79
261 7 80
267 7 81
263 7 82
274 7 83
258 7 84
262 7 85
262 7 86
262 7 87
289 7 88
280 7 89
275 7 90
259 7 91
266 7 92
268 7 93
272 7 94
262 7 95
264 7 96
260 7 97
262 7 98
272 7 99
245 7 100
259 8 1
231 8 2
258 8 3
249 8 4
260 8 5
251 8 6
263 8 7
267 8 8
244 8 9
239 8 10
241 8 11
257 8 12
259 8 13
251 8 14
250 8 15
263 8 16
255 8 17
264 8 18
260 8 19
250 8 20
243 8 21
267 8 22
281 8 23
266 8 24
244 8 25
267 8 26
238 8 27
256 8 28
268 8 29
252 8 30
254 8 31
255 8 32
263 8 33
243 8 34
255 8 35
260 8 36
259 8 37
258 8 38
261 8 39
252 8 40
253 8 41
257 8 42
247 8 43
262 8 44
264 8 45
265 8 46
266 8 47
238 8 48
243 8 49
251 8 50
242 8 51
260 8 52
249 8 53
249 8 54
258 8 55
255 8 56
252 8 57
256 8 58
252 8 59
275 8 60
249 8 61
266 8 62
249 8 63
255 8 64
257 8 65
255 8 66
260 8 67
259 8 68
261 8 69
258 8 70
256 8 71
265 8 72
257 8 73
245 8 74
258 8 75
255 8 76
266 8 77
280 8 78
255 8 79
255 8 80
258 8 81
248 8 82
261 8 83
254 8 84
250 8 85
254 8 86
250 8 87
280 8 88
271 8 89
260 8 90
254 8 91
261 8 92
258 8 93
261 8 94
256 8 95
254 8 96
250 8 97
257 8 98
256 8 99
237 8 100
270 9 1
239 9 2
269 9 3
256 9 4
268 9 5
258 9 6
273 9 7
273 9 8
262 9 9
243 9 10
254 9 11
263 9 12
268 9 13
264 9 14
260 9 15
269 9 16
268 9 17
274 9 18
271 9 19
266 9 20
255 9 21
274 9 22
297 9 23
272 9 24
258 9 25
273 9 26
259 9 27
269 9 28
274 9 29
269 9 30
264 9 31
263 9 32
267 9 33
255 9 34
265 9 35
271 9 36
272 9 37
267 9 38
268 9 39
259 9 40
262 9 41
269 9 42
253 9 43
269 9 44
269 9 45
276 9 46
279 9 47
249 9 48
257 9 49
266 9 50
253 9 51
264 9 52
260 9 53
267 9 54
271 9 55
262 9 56
265 9 57
266 9 58
260 9 59
284 9 60
265 9 61
275 9 62
259 9 63
268 9 64
269 9 65
262 9 66
271 9 67
271 9 68
270 9 69
264 9 70
256 9 71
271 9 72
271 9 73
257 9 74
270 9 75
271 9 76
271 9 77
284 9 78
267 9 79
263 9 80
267 9 81
259 9 82
276 9 83
263 9 84
259 9 85
262 9 86
263 9 87
291 9 88
275 9 89
274 9 90
258 9 91
269 9 92
263 9 93
270 9 94
265 9 95
265 9 96
260 9 97
263 9 98
269 9 99
246 9 100
262 10 1
236 10 2
263 10 3
251 10 4
261 10 5
247 10 6
262 10 7
264 10 8
252 10 9
249 10 10
247 10 11
255 10 12
262 10 13
260 10 14
254 10 15
264 10 16
256 10 17
265 10 18
258 10 19
257 10 20
243 10 21
267 10 22
285 10 23
266 10 24
246 10 25
269 10 26
250 10 27
266 10 28
267 10 29
255 10 30
258 10 31
258 10 32
262 10 33
250 10 34
257 10 35
264 10 36
267 10 37
253 10 38
259 10 39
258 10 40
257 10 41
260 10 42
246 10 43
262 10 44
260 10 45
267 10 46
266 10 47
241 10 48
243 10 49
253 10 50
251 10 51
258 10 52
247 10 53
258 10 54
262 10 55
248 10 56
260 10 57
256 10 58
253 10 59
280 10 60
252 10 61
267 10 62
247 10 63
254 10 64
257 10 65
258 10 66
263 10 67
265 10 68
260 10 69
258 10 70
249 10 71
265 10 72
260 10 73
243 10 74
261 10 75
259 10 76
266 10 77
281 10 78
258 10 79
256 10 80
260 10 81
251 10 82
269 10 83
254 10 84
253 10 85
253 10 86
253 10 87
282 10 88
263 10 89
270 10 90
251 10 91
265 10 92
258 10 93
263 10 94
259 10 95
258 10 96
254 10 97
253 10 98
262 10 99
241 10 100
270 11 1
242 11 2
265 11 3
258 11 4
267 11 5
253 11 6
267 11 7
268 11 8
254 11 9
243 11 10
261 11 11
261 11 12
270 11 13
263 11 14
261 11 15
269 11 16
268 11 17
272 11 18
270 11 19
260 11 20
252 11 21
274 11 22
293 11 23
272 11 24
254 11 25
269 11 26
255 11 27
270 11 28
270 11 29
259 11 30
261 11 31
262 11 32
267 11 33
260 11 34
263 11 35
270 11 36
275 11 37
260 11 38
263 11 39
257 11 40
262 11 41
268 11 42
251 11 43
269 11 44
267 11 45
271 11 46
278 11 47
249 11 48
259 11 49
260 11 50
248 11 51
266 11 52
253 11 53
262 11 54
267 11 55
262 11 56
263 11 57
263 11 58
256 11 59
282 11 60
265 11 61
271 11 62
253 11 63
259 11 64
265 11 65
261 11 66
268 11 67
269 11 68
265 11 69
265 11 70
258 11 71
274 11 72
267 11 73
256 11 74
268 11 75
265 11 76
264 11 77
284 11 78
264 11 79
258 11 80
265 11 81
260 11 82
271 11 83
262 11 84
256 11 85
258 11 86
255 11 87
286 11 88
274 11 89
272 11 90
261 11 91
266 11 92
269 11 93
269 11 94
260 11 95
262 11 96
256 11 97
259 11 98
269 11 99
245 11 100
267 12 1
238 12 2
262 12 3
252 12 4
265 12 5
253 12 6
270 12 7
265 12 8
258 12 9
241 12 10
250 12 11
270 12 12
269 12 13
266 12 14
262 12 15
268 12 16
264 12 17
274 12 18
268 12 19
261 12 20
252 12 21
273 12 22
293 12 23
270 12 24
255 12 25
279 12 26
257 12 27
272 12 28
268 12 29
261 12 30
263 12 31
263 12 32
269 12 33
256 12 34
266 12 35
272 12 36
275 12 37
265 12 38
268 12 39
261 12 40
264 12 41
262 12 42
250 12 43
270 12 44
265 12 45
276 12 46
276 12 47
249 12 48
259 12 49
262 12 50
253 12 51
268 12 52
252 12 53
263 12 54
267 12 55
263 12 56
265 12 57
265 12 58
258 12 59
280 12 60
264 12 61
273 12 62
259 12 63
265 12 64
268 12 65
263 12 66
268 12 67
271 12 68
269 12 69
264 12 70
257 12 71
275 12 72
266 12 73
256 12 74
271 12 75
270 12 76
272 12 77
286 12 78
260 12 79
259 12 80
266 12 81
259 12 82
276 12 83
257 12 84
263 12 85
260 12 86
264 12 87
288 12 88
278 12 89
274 12 90
256 12 91
269 12 92
269 12 93
270 12 94
266 12 95
266 12 96
254 12 97
263 12 98
273 12 99
247 12 100
267 13 1
240 13 2
260 13 3
250 13 4
261 13 5
252 13 6
265 13 7
266 13 8
253 13 9
235 13 10
252 13 11
258 13 12
276 13 13
257 13 14
260 13 15
262 13 16
259 13 17
270 13 18
266 13 19
257 13 20
249 13 21
274 13 22
292 13 23
266 13 24
254 13 25
275 13 26
256 13 27
269 13 28
270 13 29
257 13 30
259 13 31
260 13 32
264 13 33
256 13 34
261 13 35
270 13 36
273 13 37
260 13 38
264 13 39
255 13 40
261 13 41
264 13 42
252 13 43
271 13 44
266 13 45
274 13 46
271 13 47
246 13 48
250 13 49
257 13 50
247 13 51
263 13 52
248 13 53
258 13 54
259 13 55
259 13 56
260 13 57
262 13 58
257 13 59
279 13 60
257 13 61
268 13 62
251 13 63
265 13 64
262 13 65
252 13 66
268 13 67
265 13 68
267 13 69
263 13 70
252 13 71
276 13 72
263 13 73
257 13 74
268 13 75
266 13 76
266 13 77
286 13 78
265 13 79
256 13 80
264 13 81
256 13 82
269 13 83
253 13 84
256 13 85
251 13 86
256 13 87
286 13 88
274 13 89
270 13 90
256 13 91
267 13 92
265 13 93
267 13 94
260 13 95
263 13 96
252 13 97
263 13 98
268 13 99
245 13 100
256 14 1
232 14 2
255 14 3
245 14 4
259 14 5
246 14 6
260 14 7
258 14 8
246 14 9
236 14 10
242 14 11
253 14 12
256 14 13
256 14 14
249 14 15
260 14 16
249 14 17
255 14 18
254 14 19
249 14 20
237 14 21
260 14 22
278 14 23
262 14 24
241 14 25
262 14 26
243 14 27
260 14 28
267 14 29
254 14 30
245 14 31
245 14 32
252 14 33
239 14 34
255 14 35
258 14 36
261 14 37
250 14 38
258 14 39
249 14 40
254 14 41
250 14 42
238 14 43
259 14 44
259 14 45
265 14 46
261 14 47
238 14 48
235 14 49
244 14 50
242 14 51
258 14 52
238 14 53
249 14 54
257 14 55
245 14 56
256 14 57
252 14 58
249 14 59
275 14 60
245 14 61
260 14 62
243 14 63
251 14 64
260 14 65
248 14 66
253 14 67
260 14 68
255 14 69
256 14 70
244 14 71
258 14 72
251 14 73
242 14 74
259 14 75
255 14 76
264 14 77
277 14 78
257 14 79
253 14 80
252 14 81
245 14 82
265 14 83
241 14 84
249 14 85
247 14 86
246 14 87
278 14 88
259 14 89
260 14 90
248 14 91
254 14 92
249 14 93
257 14 94
254 14 95
255 14 96
242 14 97
247 14 98
260 14 99
232 14 100
259 15 1
233 15 2
255 15 3
250 15 4
261 15 5
246 15 6
257 15 7
260 15 8
249 15 9
236 15 10
246 15 11
255 15 12
262 15 13
255 15 14
258 15 15
262 15 16
256 15 17
261 15 18
262 15 19
256 15 20
241 15 21
268 15 22
280 15 23
263 15 24
249 15 25
262 15 26
243 15 27
261 15 28
265 15 29
256 15 30
255 15 31
247 15 32
254 15 33
249 15 34
250 15 35
263 15 36
262 15 37
254 15 38
256 15 39
249 15 40
252 15 41
256 15 42
243 15 43
255 15 44
258 15 45
261 15 46
276 15 47
242 15 48
246 15 49
255 15 50
243 15 51
257 15 52
248 15 53
250 15 54
257 15 55
254 15 56
251 15 57
254 15 58
251 15 59
273 15 60
261 15 61
265 15 62
249 15 63
249 15 64
254 15 65
255 15 66
256 15 67
260 15 68
257 15 69
254 15 70
249 15 71
267 15 72
258 15 73
244 15 74
259 15 75
256 15 76
261 15 77
276 15 78
255 15 79
254 15 80
256 15 81
253 15 82
269 15 83
246 15 84
246 15 85
253 15 86
253 15 87
281 15 88
267 15 89
268 15 90
245 15 91
262 15 92
255 15 93
260 15 94
253 15 95
256 15 96
245 15 97
250 15 98
258 15 99
235 15 100
254 16 1
227 16 2
250 16 3
236 16 4
256 16 5
241 16 6
257 16 7
255 16 8
242 16 9
232 16 10
239 16 11
248 16 12
251 16 13
251 16 14
251 16 15
275 16 16
246 16 17
255 16 18
255 16 19
249 16 20
234 16 21
257 16 22
272 16 23
259 16 24
242 16 25
263 16 26
244 16 27
252 16 28
262 16 29
255 16 30
248 16 31
244 16 32
254 16 33
243 16 34
247 16 35
254 16 36
259 16 37
247 16 38
252 16 39
242 16 40
257 16 41
247 16 42
238 16 43
252 16 44
255 16 45
262 16 46
258 16 47
235 16 48
238 16 49
246 16 50
238 16 51
251 16 52
246 16 53
245 16 54
254 16 55
247 16 56
250 16 57
246 16 58
244 16 59
271 16 60
249 16 61
259 16 62
241 16 63
243 16 64
248 16 65
254 16 66
250 16 67
253 16 68
249 16 69
255 16 70
241 16 71
253 16 72
245 16 73
241 16 74
253 16 75
256 16 76
251 16 77
268 16 78
247 16 79
247 16 80
251 16 81
243 16 82
260 16 83
243 16 84
244 16 85
245 16 86
249 16 87
271 16 88
261 16 89
258 16 90
243 16 91
253 16 92
250 16 93
255 16 94
246 16 95
248 16 96
241 16 97
246 16 98
252 16 99
229 16 100
261 17 1
236 17 2
257 17 3
249 17 4
260 17 5
247 17 6
263 17 7
258 17 8
248 17 9
237 17 10
246 17 11
259 17 12
263 17 13
259 17 14
256 17 15
263 17 16
267 17 17
267 17 18
262 17 19
259 17 20
244 17 21
269 17 22
283 17 23
265 17 24
253 17 25
270 17 26
252 17 27
266 17 28
269 17 29
256 17 30
251 17 31
258 17 32
265 17 33
255 17 34
260 17 35
264 17 36
271 17 37
264 17 38
264 17 39
256 17 40
255 17 41
261 17 42
248 17 43
263 17 44
262 17 45
266 17 46
269 17 47
247 17 48
251 17 49
255 17 50
246 17 51
256 17 52
249 17 53
255 17 54
263 17 55
254 17 56
254 17 57
260 17 58
256 17 59
276 17 60
259 17 61
267 17 62
254 17 63
258 17 64
264 17 65
260 17 66
262 17 67
264 17 68
261 17 69
260 17 70
247 17 71
266 17 72
253 17 73
255 17 74
264 17 75
264 17 76
265 17 77
281 17 78
258 17 79
253 17 80
258 17 81
252 17 82
267 17 83
251 17 84
253 17 85
254 17 86
253 17 87
281 17 88
273 17 89
267 17 90
255 17 91
263 17 92
266 17 93
262 17 94
255 17 95
262 17 96
248 17 97
257 17 98
264 17 99
241 17 100
264 18 1
241 18 2
261 18 3
253 18 4
265 18 5
253 18 6
266 18 7
264 18 8
256 18 9
238 18 10
256 18 11
261 18 12
272 18 13
264 18 14
256 18 15
268 18 16
269 18 17
281 18 18
268 18 19
261 18 20
252 18 21
276 18 22
290 18 23
268 18 24
256 18 25
274 18 26
254 18 27
262 18 28
271 18 29
265 18 30
257 18 31
262 18 32
266 18 33
253 18 34
268 18 35
269 18 36
271 18 37
263 18 38
265 18 39
258 18 40
263 18 41
266 18 42
249 18 43
270 18 44
267 18 45
274 18 46
274 18 47
249 18 48
257 18 49
260 18 50
250 18 51
265 18 52
249 18 53
264 18 54
264 18 55
264 18 56
262 18 57
262 18 58
257 18 59
282 18 60
261 18 61
268 18 62
255 18 63
259 18 64
268 18 65
258 18 66
269 18 67
268 18 68
266 18 69
262 18 70
254 18 71
271 18 72
261 18 73
253 18 74
265 18 75
267 18 76
268 18 77
288 18 78
260 18 79
256 18 80
265 18 81
256 18 82
272 18 83
256 18 84
258 18 85
260 18 86
255 18 87
285 18 88
273 18 89
273 18 90
255 18 91
265 18 92
271 18 93
264 18 94
261 18 95
258 18 96
250 18 97
261 18 98
265 18 99
248 18 100
246 19 1
225 19 2
240 19 3
242 19 4
248 19 5
231 19 6
246 19 7
246 19 8
233 19 9
221 19 10
235 19 11
245 19 12
246 19 13
232 19 14
235 19 15
251 19 16
240 19 17
253 19 18
260 19 19
243 19 20
233 19 21
249 19 22
263 19 23
249 19 24
236 19 25
254 19 26
234 19 27
251 19 28
250 19 29
242 19 30
243 19 31
241 19 32
246 19 33
242 19 34
243 19 35
249 19 36
251 19 37
239 19 38
244 19 39
241 19 40
245 19 41
244 19 42
238 19 43
246 19 44
245 19 45
244 19 46
252 19 47
231 19 48
235 19 49
237 19 50
227 19 51
249 19 52
233 19 53
241 19 54
249 19 55
242 19 56
241 19 57
238 19 58
237 19 59
261 19 60
234 19 61
252 19 62
236 19 63
239 19 64
243 19 65
236 19 66
248 19 67
249 19 68
247 19 69
244 19 70
242 19 71
247 19 72
247 19 73
237 19 74
247 19 75
243 19 76
241 19 77
257 19 78
237 19 79
250 19 80
246 19 81
240 19 82
245 19 83
239 19 84
238 19 85
233 19 86
237 19 87
263 19 88
255 19 89
253 19 90
243 19 91
250 19 92
248 19 93
248 19 94
237 19 95
233 19 96
239 19 97
240 19 98
247 19 99
227 19 100
269 20 1
240 20 2
270 20 3
254 20 4
268 20 5
258 20 6
273 20 7
270 20 8
256 20 9
244 20 10
254 20 11
265 20 12
275 20 13
267 20 14
260 20 15
272 20 16
267 20 17
272 20 18
268 20 19
269 20 20
253 20 21
278 20 22
297 20 23
275 20 24
257 20 25
275 20 26
258 20 27
270 20 28
275 20 29
265 20 30
263 20 31
266 20 32
268 20 33
257 20 34
269 20 35
274 20 36
275 20 37
263 20 38
266 20 39
258 20 40
262 20 41
266 20 42
255 20 43
272 20 44
272 20 45
274 20 46
277 20 47
253 20 48
255 20 49
263 20 50
255 20 51
270 20 52
256 20 53
266 20 54
269 20 55
263 20 56
266 20 57
265 20 58
262 20 59
284 20 60
263 20 61
277 20 62
259 20 63
264 20 64
270 20 65
265 20 66
269 20 67
272 20 68
268 20 69
268 20 70
256 20 71
276 20 72
267 20 73
257 20 74
272 20 75
270 20 76
271 20 77
287 20 78
263 20 79
262 20 80
266 20 81
260 20 82
273 20 83
260 20 84
258 20 85
262 20 86
260 20 87
292 20 88
274 20 89
274 20 90
261 20 91
272 20 92
270 20 93
268 20 94
265 20 95
265 20 96
257 20 97
266 20 98
271 20 99
250 20 100
265 21 1
239 21 2
261 21 3
252 21 4
266 21 5
254 21 6
267 21 7
266 21 8
253 21 9
236 21 10
252 21 11
258 21 12
268 21 13
264 21 14
260 21 15
270 21 16
265 21 17
269 21 18
266 21 19
259 21 20
257 21 21
276 21 22
292 21 23
265 21 24
255 21 25
275 21 26
261 21 27
271 21 28
270 21 29
261 21 30
259 21 31
261 21 32
267 21 33
261 21 34
264 21 35
273 21 36
271 21 37
266 21 38
264 21 39
254 21 40
265 21 41
266 21 42
254 21 43
267 21 44
267 21 45
274 21 46
274 21 47
244 21 48
253 21 49
259 21 50
249 21 51
265 21 52
249 21 53
263 21 54
263 21 55
258 21 56
262 21 57
260 21 58
258 21 59
280 21 60
264 21 61
271 21 62
257 21 63
261 21 64
264 21 65
260 21 66
268 21 67
267 21 68
264 21 69
262 21 70
254 21 71
269 21 72
265 21 73
253 21 74
267 21 75
271 21 76
264 21 77
281 21 78
264 21 79
257 21 80
264 21 81
256 21 82
275 21 83
255 21 84
264 21 85
257 21 86
258 21 87
283 21 88
273 21 89
271 21 90
258 21 91
265 21 92
265 21 93
266 21 94
262 21 95
262 21 96
253 21 97
261 21 98
266 21 99
247 21 100
268 22 1
240 22 2
267 22 3
257 22 4
266 22 5
255 22 6
271 22 7
267 22 8
256 22 9
242 22 10
254 22 11
265 22 12
270 22 13
263 22 14
264 22 15
270 22 16
269 22 17
272 22 18
271 22 19
262 22 20
254 22 21
281 22 22
293 22 23
271 22 24
258 22 25
278 22 26
259 22 27
275 22 28
271 22 29
265 22 30
266 22 31
264 22 32
273 22 33
259 22 34
267 22 35
276 22 36
278 22 37
270 22 38
267 22 39
260 22 40
267 22 41
266 22 42
255 22 43
267 22 44
269 22 45
277 22 46
281 22 47
248 22 48
261 22 49
263 22 50
250 22 51
268 22 52
255 22 53
268 22 54
268 22 55
262 22 56
266 22 57
265 22 58
263 22 59
285 22 60
266 22 61
276 22 62
262 22 63
265 22 64
268 22 65
262 22 66
270 22 67
272 22 68
270 22 69
265 22 70
255 22 71
276 22 72
265 22 73
263 22 74
268 22 75
273 22 76
271 22 77
289 22 78
265 22 79
263 22 80
266 22 81
260 22 82
275 22 83
258 22 84
263 22 85
263 22 86
257 22 87
292 22 88
278 22 89
274 22 90
263 22 91
270 22 92
268 22 93
270 22 94
265 22 95
265 22 96
257 22 97
264 22 98
273 22 99
249 22 100
270 23 1
236 23 2
265 23 3
256 23 4
263 23 5
252 23 6
269 23 7
266 23 8
254 23 9
237 23 10
246 23 11
257 23 12
268 23 13
259 23 14
259 23 15
264 23 16
261 23 17
269 23 18
261 23 19
263 23 20
253 23 21
273 23 22
298 23 23
273 23 24
252 23 25
271 23 26
254 23 27
267 23 28
271 23 29
260 23 30
259 23 31
261 23 32
264 23 33
253 23 34
265 23 35
270 23 36
266 23 37
256 23 38
265 23 39
254 23 40
257 23 41
265 23 42
251 23 43
268 23 44
267 23 45
271 23 46
272 23 47
246 23 48
250 23 49
259 23 50
251 23 51
264 23 52
249 23 53
259 23 54
262 23 55
256 23 56
257 23 57
261 23 58
257 23 59
280 23 60
258 23 61
273 23 62
252 23 63
260 23 64
260 23 65
260 23 66
262 23 67
263 23 68
267 23 69
262 23 70
257 23 71
270 23 72
262 23 73
250 23 74
264 23 75
266 23 76
269 23 77
285 23 78
260 23 79
259 23 80
260 23 81
262 23 82
271 23 83
258 23 84
258 23 85
256 23 86
258 23 87
283 23 88
277 23 89
271 23 90
254 23 91
268 23 92
263 23 93
268 23 94
262 23 95
259 23 96
253 23 97
261 23 98
272 23 99
240 23 100
266 24 1
237 24 2
258 24 3
257 24 4
263 24 5
251 24 6
264 24 7
261 24 8
251 24 9
237 24 10
247 24 11
258 24 12
266 24 13
259 24 14
257 24 15
268 24 16
262 24 17
266 24 18
262 24 19
259 24 20
251 24 21
271 24 22
287 24 23
275 24 24
247 24 25
269 24 26
248 24 27
264 24 28
269 24 29
257 24 30
256 24 31
257 24 32
268 24 33
250 24 34
261 24 35
267 24 36
271 24 37
257 24 38
262 24 39
256 24 40
254 24 41
260 24 42
246 24 43
267 24 44
263 24 45
266 24 46
273 24 47
241 24 48
249 24 49
260 24 50
250 24 51
265 24 52
250 24 53
255 24 54
265 24 55
259 24 56
257 24 57
256 24 58
257 24 59
279 24 60
254 24 61
268 24 62
255 24 63
259 24 64
261 24 65
253 24 66
263 24 67
266 24 68
265 24 69
259 24 70
250 24 71
268 24 72
259 24 73
249 24 74
263 24 75
264 24 76
269 24 77
280 24 78
262 24 79
257 24 80
264 24 81
256 24 82
265 24 83
257 24 84
257 24 85
253 24 86
252 24 87
284 24 88
276 24 89
265 24 90
252 24 91
262 24 92
262 24 93
265 24 94
260 24 95
259 24 96
250 24 97
258 24 98
267 24 99
244 24 100
268 25 1
241 25 2
265 25 3
253 25 4
265 25 5
258 25 6
271 25 7
269 25 8
252 25 9
238 25 10
254 25 11
262 25 12
271 25 13
261 25 14
262 25 15
272 25 16
265 25 17
270 25 18
270 25 19
261 25 20
251 25 21
279 25 22
291 25 23
273 25 24
263 25 25
278 25 26
253 25 27
270 25 28
270 25 29
266 25 30
257 25 31
266 25 32
268 25 33
259 25 34
265 25 35
273 25 36
276 25 37
266 25 38
268 25 39
261 25 40
265 25 41
264 25 42
253 25 43
267 25 44
267 25 45
275 25 46
278 25 47
246 25 48
258 25 49
259 25 50
248 25 51
266 25 52
258 25 53
264 25 54
266 25 55
262 25 56
264 25 57
262 25 58
260 25 59
284 25 60
262 25 61
272 25 62
259 25 63
264 25 64
267 25 65
258 25 66
268 25 67
270 25 68
269 25 69
264 25 70
256 25 71
274 25 72
263 25 73
260 25 74
267 25 75
270 25 76
269 25 77
287 25 78
260 25 79
258 25 80
264 25 81
260 25 82
271 25 83
257 25 84
260 25 85
259 25 86
258 25 87
291 25 88
277 25 89
274 25 90
259 25 91
270 25 92
267 25 93
266 25 94
262 25 95
263 25 96
257 25 97
263 25 98
266 25 99
248 25 100
269 26 1
239 26 2
266 26 3
257 26 4
273 26 5
258 26 6
273 26 7
269 26 8
257 26 9
246 26 10
255 26 11
267 26 12
272 26 13
266 26 14
263 26 15
276 26 16
265 26 17
276 26 18
272 26 19
265 26 20
252 26 21
281 26 22
296 26 23
273 26 24
261 26 25
281 26 26
257 26 27
270 26 28
272 26 29
265 26 30
264 26 31
268 26 32
271 26 33
258 26 34
270 26 35
277 26 36
278 26 37
267 26 38
267 26 39
258 26 40
265 26 41
268 26 42
254 26 43
269 26 44
268 26 45
276 26 46
279 26 47
250 26 48
258 26 49
265 26 50
254 26 51
267 26 52
257 26 53
267 26 54
271 26 55
267 26 56
267 26 57
266 26 58
262 26 59
284 26 60
263 26 61
277 26 62
260 26 63
267 26 64
268 26 65
264 26 66
267 26 67
270 26 68
270 26 69
269 26 70
261 26 71
277 26 72
268 26 73
258 26 74
272 26 75
271 26 76
271 26 77
286 26 78
267 26 79
265 26 80
269 26 81
259 26 82
275 26 83
260 26 84
261 26 85
267 26 86
266 26 87
293 26 88
280 26 89
273 26 90
260 26 91
271 26 92
269 26 93
270 26 94
266 26 95
267 26 96
261 26 97
265 26 98
276 26 99
248 26 100
264 27 1
236 27 2
263 27 3
250 27 4
259 27 5
253 27 6
265 27 7
261 27 8
255 27 9
239 27 10
247 27 11
258 27 12
264 27 13
258 27 14
255 27 15
264 27 16
262 27 17
272 27 18
267 27 19
255 27 20
251 27 21
270 27 22
287 27 23
268 27 24
253 27 25
269 27 26
257 27 27
268 27 28
266 27 29
256 27 30
259 27 31
260 27 32
264 27 33
251 27 34
260 27 35
267 27 36
269 27 37
259 27 38
260 27 39
253 27 40
259 27 41
257 27 42
255 27 43
262 27 44
265 27 45
274 27 46
276 27 47
244 27 48
250 27 49
257 27 50
249 27 51
267 27 52
248 27 53
257 27 54
263 27 55
253 27 56
255 27 57
256 27 58
256 27 59
282 27 60
258 27 61
268 27 62
256 27 63
257 27 64
263 27 65
257 27 66
263 27 67
263 27 68
262 27 69
265 27 70
254 27 71
267 27 72
262 27 73
251 27 74
265 27 75
262 27 76
266 27 77
283 27 78
261 27 79
257 27 80
264 27 81
254 27 82
267 27 83
256 27 84
258 27 85
253 27 86
256 27 87
289 27 88
269 27 89
270 27 90
257 27 91
263 27 92
264 27 93
266 27 94
261 27 95
260 27 96
256 27 97
261 27 98
265 27 99
244 27 100
270 28 1
242 28 2
268 28 3
255 28 4
268 28 5
256 28 6
270 28 7
272 28 8
255 28 9
244 28 10
255 28 11
266 28 12
272 28 13
265 28 14
260 28 15
271 28 16
266 28 17
270 28 18
266 28 19
262 28 20
252 28 21
277 28 22
295 28 23
271 28 24
258 28 25
276 28 26
256 28 27
271 28 28
270 28 29
267 28 30
261 28 31
262 28 32
272 28 33
255 28 34
268 28 35
270 28 36
271 28 37
267 28 38
267 28 39
261 28 40
264 28 41
264 28 42
256 28 43
271 28 44
268 28 45
274 28 46
278 28 47
249 28 48
255 28 49
261 28 50
256 28 51
267 28 52
254 28 53
264 28 54
269 28 55
259 28 56
265 28 57
260 28 58
258 28 59
284 28 60
258 28 61
275 28 62
258 28 63
263 28 64
266 28 65
261 28 66
268 28 67
275 28 68
269 28 69
268 28 70
256 28 71
270 28 72
264 28 73
258 28 74
269 28 75
269 28 76
271 28 77
287 28 78
264 28 79
261 28 80
264 28 81
258 28 82
275 28 83
258 28 84
260 28 85
260 28 86
259 28 87
290 28 88
277 28 89
275 28 90
259 28 91
267 28 92
267 28 93
270 28 94
263 28 95
268 28 96
258 28 97
265 28 98
268 28 99
244 28 100
267 29 1
234 29 2
264 29 3
254 29 4
260 29 5
256 29 6
270 29 7
267 29 8
250 29 9
238 29 10
250 29 11
258 29 12
261 29 13
258 29 14
258 29 15
268 29 16
256 29 17
267 29 18
266 29 19
259 29 20
247 29 21
267 29 22
287 29 23
270 29 24
248 29 25
270 29 26
250 29 27
267 29 28
275 29 29
261 29 30
257 29 31
261 29 32
266 29 33
253 29 34
258 29 35
266 29 36
265 29 37
256 29 38
262 29 39
251 29 40
258 29 41
263 29 42
246 29 43
269 29 44
264 29 45
269 29 46
270 29 47
245 29 48
250 29 49
260 29 50
248 29 51
261 29 52
252 29 53
257 29 54
267 29 55
254 29 56
258 29 57
257 29 58
255 29 59
283 29 60
257 29 61
269 29 62
253 29 63
259 29 64
261 29 65
257 29 66
262 29 67
267 29 68
268 29 69
259 29 70
250 29 71
267 29 72
261 29 73
250 29 74
265 29 75
266 29 76
269 29 77
284 29 78
262 29 79
260 29 80
261 29 81
258 29 82
268 29 83
259 29 84
256 29 85
252 29 86
256 29 87
284 29 88
269 29 89
267 29 90
248 29 91
266 29 92
264 29 93
267 29 94
261 29 95
258 29 96
254 29 97
256 29 98
263 29 99
242 29 100
261 30 1
238 30 2
263 30 3
252 30 4
262 30 5
249 30 6
269 30 7
261 30 8
254 30 9
236 30 10
245 30 11
256 30 12
263 30 13
255 30 14
257 30 15
268 30 16
262 30 17
268 30 18
266 30 19
256 30 20
250 30 21
272 30 22
285 30 23
268 30 24
255 30 25
270 30 26
250 30 27
269 30 28
266 30 29
270 30 30
254 30 31
259 30 32
262 30 33
257 30 34
263 30 35
267 30 36
269 30 37
262 30 38
260 30 39
261 30 40
253 30 41
264 30 42
249 30 43
268 30 44
262 30 45
274 30 46
275 30 47
242 30 48
249 30 49
255 30 50
246 30 51
261 30 52
249 30 53
261 30 54
259 30 55
257 30 56
260 30 57
257 30 58
253 30 59
278 30 60
262 30 61
267 30 62
253 30 63
254 30 64
265 30 65
254 30 66
266 30 67
269 30 68
260 30 69
259 30 70
252 30 71
273 30 72
263 30 73
252 30 74
264 30 75
263 30 76
263 30 77
284 30 78
255 30 79
252 30 80
263 30 81
253 30 82
269 30 83
256 30 84
252 30 85
258 30 86
251 30 87
283 30 88
275 30 89
268 30 90
252 30 91
263 30 92
265 30 93
260 30 94
259 30 95
257 30 96
255 30 97
260 30 98
261 30 99
240 30 100
264 31 1
235 31 2
257 31 3
248 31 4
259 31 5
256 31 6
262 31 7
259 31 8
251 31 9
235 31 10
244 31 11
254 31 12
258 31 13
260 31 14
253 31 15
265 31 16
260 31 17
266 31 18
257 31 19
257 31 20
245 31 21
270 31 22
280 31 23
264 31 24
251 31 25
266 31 26
247 31 27
258 31 28
268 31 29
265 31 30
264 31 31
252 31 32
263 31 33
246 31 34
262 31 35
267 31 36
264 31 37
257 31 38
257 31 39
256 31 40
258 31 41
260 31 42
249 31 43
262 31 44
259 31 45
265 31 46
269 31 47
243 31 48
249 31 49
256 31 50
245 31 51
256 31 52
243 31 53
258 31 54
259 31 55
252 31 56
251 31 57
257 31 58
250 31 59
274 31 60
256 31 61
265 31 62
255 31 63
258 31 64
257 31 65
252 31 66
261 31 67
265 31 68
260 31 69
255 31 70
251 31 71
269 31 72
259 31 73
249 31 74
261 31 75
263 31 76
262 31 77
278 31 78
256 31 79
255 31 80
263 31 81
256 31 82
267 31 83
252 31 84
253 31 85
257 31 86
251 31 87
284 31 88
270 31 89
267 31 90
252 31 91
258 31 92
263 31 93
264 31 94
258 31 95
260 31 96
252 31 97
256 31 98
257 31 99
243 31 100
258 32 1
224 32 2
259 32 3
244 32 4
252 32 5
246 32 6
261 32 7
262 32 8
238 32 9
228 32 10
241 32 11
251 32 12
259 32 13
248 32 14
252 32 15
257 32 16
253 32 17
256 32 18
259 32 19
255 32 20
243 32 21
258 32 22
287 32 23
264 32 24
241 32 25
262 32 26
240 32 27
260 32 28
268 32 29
252 32 30
248 32 31
261 32 32
262 32 33
244 32 34
259 32 35
261 32 36
262 32 37
254 32 38
257 32 39
249 32 40
251 32 41
251 32 42
242 32 43
255 32 44
265 32 45
261 32 46
261 32 47
235 32 48
244 32 49
251 32 50
239 32 51
252 32 52
248 32 53
250 32 54
255 32 55
254 32 56
248 32 57
253 32 58
251 32 59
273 32 60
251 32 61
266 32 62
246 32 63
253 32 64
256 32 65
243 32 66
255 32 67
257 32 68
253 32 69
254 32 70
247 32 71
265 32 72
254 32 73
247 32 74
256 32 75
254 32 76
255 32 77
276 32 78
254 32 79
251 32 80
255 32 81
252 32 82
260 32 83
251 32 84
247 32 85
247 32 86
249 32 87
273 32 88
267 32 89
260 32 90
242 32 91
261 32 92
255 32 93
258 32 94
257 32 95
250 32 96
250 32 97
253 32 98
260 32 99
235 32 100
271 33 1
244 33 2
267 33 3
256 33 4
268 33 5
257 33 6
269 33 7
271 33 8
256 33 9
241 33 10
254 33 11
265 33 12
272 33 13
260 33 14
260 33 15
270 33 16
265 33 17
272 33 18
271 33 19
260 33 20
256 33 21
273 33 22
292 33 23
274 33 24
258 33 25
276 33 26
257 33 27
274 33 28
273 33 29
265 33 30
259 33 31
263 33 32
274 33 33
257 33 34
267 33 35
275 33 36
276 33 37
264 33 38
263 33 39
260 33 40
265 33 41
265 33 42
253 33 43
266 33 44
269 33 45
274 33 46
280 33 47
250 33 48
260 33 49
259 33 50
255 33 51
266 33 52
254 33 53
264 33 54
271 33 55
261 33 56
267 33 57
265 33 58
263 33 59
286 33 60
263 33 61
275 33 62
262 33 63
265 33 64
270 33 65
264 33 66
266 33 67
270 33 68
268 33 69
268 33 70
254 33 71
277 33 72
266 33 73
257 33 74
269 33 75
266 33 76
270 33 77
286 33 78
263 33 79
258 33 80
265 33 81
261 33 82
275 33 83
260 33 84
262 33 85
263 33 86
262 33 87
291 33 88
278 33 89
272 33 90
260 33 91
269 33 92
269 33 93
268 33 94
263 33 95
268 33 96
259 33 97
262 33 98
273 33 99
246 33 100
269 34 1
237 34 2
259 34 3
251 34 4
266 34 5
250 34 6
268 34 7
267 34 8
248 34 9
239 34 10
250 34 11
263 34 12
264 34 13
256 34 14
260 34 15
264 34 16
263 34 17
268 34 18
263 34 19
261 34 20
247 34 21
274 34 22
291 34 23
267 34 24
253 34 25
269 34 26
250 34 27
263 34 28
268 34 29
263 34 30
256 34 31
260 34 32
263 34 33
261 34 34
262 34 35
270 34 36
270 34 37
263 34 38
262 34 39
259 34 40
258 34 41
258 34 42
246 34 43
265 34 44
261 34 45
266 34 46
274 34 47
247 34 48
257 34 49
258 34 50
251 34 51
265 34 52
249 34 53
259 34 54
264 34 55
258 34 56
255 34 57
261 34 58
249 34 59
278 34 60
263 34 61
269 34 62
252 34 63
259 34 64
263 34 65
256 34 66
262 34 67
264 34 68
265 34 69
255 34 70
251 34 71
269 34 72
263 34 73
254 34 74
268 34 75
266 34 76
265 34 77
282 34 78
258 34 79
253 34 80
263 34 81
257 34 82
270 34 83
254 34 84
258 34 85
254 34 86
252 34 87
287 34 88
270 34 89
268 34 90
254 34 91
265 34 92
261 34 93
264 34 94
261 34 95
261 34 96
254 34 97
259 34 98
268 34 99
244 34 100
259 35 1
238 35 2
260 35 3
247 35 4
265 35 5
250 35 6
263 35 7
264 35 8
248 35 9
235 35 10
250 35 11
259 35 12
264 35 13
261 35 14
253 35 15
262 35 16
260 35 17
272 35 18
260 35 19
260 35 20
251 35 21
274 35 22
288 35 23
264 35 24
252 35 25
274 35 26
247 35 27
264 35 28
268 35 29
256 35 30
258 35 31
259 35 32
260 35 33
249 35 34
272 35 35
265 35 36
267 35 37
262 35 38
261 35 39
251 35 40
259 35 41
264 35 42
247 35 43
265 35 44
262 35 45
267 35 46
271 35 47
240 35 48
253 35 49
253 35 50
247 35 51
260 35 52
247 35 53
258 35 54
262 35 55
260 35 56
261 35 57
260 35 58
259 35 59
277 35 60
256 35 61
272 35 62
249 35 63
257 35 64
266 35 65
246 35 66
260 35 67
265 35 68
261 35 69
258 35 70
254 35 71
271 35 72
262 35 73
248 35 74
265 35 75
259 35 76
267 35 77
281 35 78
261 35 79
254 35 80
261 35 81
256 35 82
269 35 83
252 35 84
255 35 85
251 35 86
256 35 87
280 35 88
272 35 89
265 35 90
249 35 91
264 35 92
260 35 93
262 35 94
255 35 95
260 35 96
250 35 97
255 35 98
263 35 99
242 35 100
260 36 1
239 36 2
259 36 3
250 36 4
260 36 5
254 36 6
266 36 7
264 36 8
250 36 9
234 36 10
246 36 11
261 36 12
265 36 13
252 36 14
253 36 15
260 36 16
256 36 17
265 36 18
260 36 19
259 36 20
245 36 21
268 36 22
289 36 23
267 36 24
250 36 25
268 36 26
253 36 27
263 36 28
264 36 29
254 36 30
256 36 31
262 36 32
266 36 33
246 36 34
258 36 35
278 36 36
270 36 37
257 36 38
258 36 39
258 36 40
261 36 41
261 36 42
246 36 43
267 36 44
261 36 45
269 36 46
271 36 47
241 36 48
250 36 49
258 36 50
251 36 51
265 36 52
250 36 53
259 36 54
259 36 55
257 36 56
256 36 57
266 36 58
258 36 59
275 36 60
255 36 61
270 36 62
250 36 63
259 36 64
265 36 65
256 36 66
265 36 67
267 36 68
260 36 69
259 36 70
256 36 71
270 36 72
266 36 73
251 36 74
266 36 75
259 36 76
266 36 77
281 36 78
257 36 79
256 36 80
258 36 81
257 36 82
273 36 83
258 36 84
257 36 85
252 36 86
256 36 87
288 36 88
271 36 89
267 36 90
254 36 91
262 36 92
259 36 93
265 36 94
261 36 95
265 36 96
253 36 97
260 36 98
267 36 99
237 36 100
256 37 1
230 37 2
259 37 3
253 37 4
254 37 5
247 37 6
261 37 7
258 37 8
245 37 9
236 37 10
249 37 11
250 37 12
261 37 13
251 37 14
254 37 15
258 37 16
263 37 17
264 37 18
260 37 19
251 37 20
242 37 21
269 37 22
280 37 23
262 37 24
250 37 25
265 37 26
252 37 27
259 37 28
264 37 29
251 37 30
251 37 31
256 37 32
258 37 33
249 37 34
261 37 35
265 37 36
279 37 37
261 37 38
259 37 39
250 37 40
254 37 41
258 37 42
243 37 43
258 37 44
258 37 45
264 37 46
273 37 47
240 37 48
251 37 49
254 37 50
243 37 51
263 37 52
248 37 53
256 37 54
259 37 55
258 37 56
256 37 57
258 37 58
249 37 59
275 37 60
250 37 61
266 37 62
254 37 63
257 37 64
259 37 65
251 37 66
262 37 67
260 37 68
257 37 69
257 37 70
248 37 71
265 37 72
256 37 73
248 37 74
259 37 75
261 37 76
259 37 77
273 37 78
257 37 79
249 37 80
260 37 81
250 37 82
257 37 83
247 37 84
249 37 85
247 37 86
251 37 87
281 37 88
266 37 89
266 37 90
248 37 91
262 37 92
253 37 93
259 37 94
253 37 95
256 37 96
248 37 97
251 37 98
261 37 99
239 37 100
272 38 1
242 38 2
269 38 3
258 38 4
268 38 5
259 38 6
272 38 7
271 38 8
258 38 9
243 38 10
255 38 11
268 38 12
271 38 13
262 38 14
261 38 15
273 38 16
269 38 17
277 38 18
270 38 19
266 38 20
256 38 21
279 38 22
294 38 23
278 38 24
260 38 25
278 38 26
256 38 27
274 38 28
272 38 29
270 38 30
264 38 31
265 38 32
268 38 33
261 38 34
270 38 35
276 38 36
273 38 37
272 38 38
270 38 39
262 38 40
264 38 41
268 38 42
258 38 43
270 38 44
270 38 45
277 38 46
284 38 47
254 38 48
262 38 49
267 38 50
256 38 51
272 38 52
257 38 53
265 38 54
268 38 55
266 38 56
267 38 57
265 38 58
261 38 59
285 38 60
263 38 61
278 38 62
263 38 63
264 38 64
269 38 65
266 38 66
272 38 67
273 38 68
269 38 69
269 38 70
260 38 71
275 38 72
267 38 73
258 38 74
271 38 75
272 38 76
272 38 77
289 38 78
264 38 79
263 38 80
269 38 81
263 38 82
275 38 83
264 38 84
259 38 85
265 38 86
260 38 87
295 38 88
282 38 89
277 38 90
260 38 91
272 38 92
272 38 93
271 38 94
266 38 95
269 38 96
261 38 97
268 38 98
275 38 99
247 38 100
261 39 1
241 39 2
258 39 3
247 39 4
259 39 5
249 39 6
261 39 7
262 39 8
251 39 9
239 39 10
247 39 11
255 39 12
263 39 13
257 39 14
250 39 15
264 39 16
253 39 17
263 39 18
263 39 19
249 39 20
249 39 21
259 39 22
281 39 23
261 39 24
250 39 25
273 39 26
247 39 27
260 39 28
262 39 29
253 39 30
252 39 31
253 39 32
261 39 33
247 39 34
255 39 35
271 39 36
265 39 37
252 39 38
271 39 39
252 39 40
256 39 41
258 39 42
250 39 43
262 39 44
263 39 45
266 39 46
268 39 47
243 39 48
249 39 49
256 39 50
245 39 51
258 39 52
243 39 53
252 39 54
259 39 55
250 39 56
258 39 57
253 39 58
252 39 59
278 39 60
254 39 61
271 39 62
252 39 63
257 39 64
258 39 65
253 39 66
260 39 67
262 39 68
259 39 69
259 39 70
252 39 71
267 39 72
261 39 73
248 39 74
266 39 75
260 39 76
259 39 77
278 39 78
255 39 79
253 39 80
263 39 81
252 39 82
261 39 83
254 39 84
252 39 85
252 39 86
252 39 87
284 39 88
269 39 89
258 39 90
248 39 91
257 39 92
255 39 93
257 39 94
256 39 95
258 39 96
253 39 97
256 39 98
267 39 99
236 39 100
259 40 1
235 40 2
257 40 3
252 40 4
261 40 5
247 40 6
262 40 7
260 40 8
250 40 9
240 40 10
241 40 11
256 40 12
256 40 13
260 40 14
256 40 15
264 40 16
252 40 17
262 40 18
260 40 19
255 40 20
243 40 21
266 40 22
283 40 23
265 40 24
247 40 25
265 40 26
249 40 27
261 40 28
267 40 29
263 40 30
260 40 31
256 40 32
261 40 33
251 40 34
262 40 35
263 40 36
269 40 37
254 40 38
258 40 39
258 40 40
257 40 41
261 40 42
245 40 43
263 40 44
262 40 45
266 40 46
267 40 47
240 40 48
245 40 49
253 40 50
244 40 51
257 40 52
244 40 53
252 40 54
259 40 55
252 40 56
256 40 57
256 40 58
252 40 59
273 40 60
254 40 61
262 40 62
249 40 63
253 40 64
256 40 65
252 40 66
259 40 67
262 40 68
259 40 69
256 40 70
249 40 71
265 40 72
265 40 73
248 40 74
267 40 75
261 40 76
264 40 77
282 40 78
256 40 79
252 40 80
256 40 81
256 40 82
270 40 83
252 40 84
251 40 85
253 40 86
249 40 87
278 40 88
264 40 89
266 40 90
244 40 91
262 40 92
256 40 93
259 40 94
254 40 95
260 40 96
255 40 97
255 40 98
259 40 99
238 40 100
251 41 1
227 41 2
255 41 3
243 41 4
250 41 5
241 41 6
256 41 7
251 41 8
238 41 9
223 41 10
237 41 11
248 41 12
251 41 13
246 41 14
247 41 15
256 41 16
247 41 17
255 41 18
259 41 19
243 41 20
239 41 21
252 41 22
278 41 23
256 41 24
238 41 25
261 41 26
237 41 27
254 41 28
257 41 29
247 41 30
248 41 31
252 41 32
252 41 33
244 41 34
247 41 35
254 41 36
259 41 37
249 41 38
249 41 39
246 41 40
267 41 41
247 41 42
240 41 43
253 41 44
246 41 45
259 41 46
261 41 47
234 41 48
241 41 49
247 41 50
230 41 51
252 41 52
238 41 53
247 41 54
253 41 55
242 41 56
243 41 57
244 41 58
244 41 59
267 41 60
247 41 61
260 41 62
239 41 63
249 41 64
250 41 65
249 41 66
256 41 67
253 41 68
250 41 69
248 41 70
243 41 71
257 41 72
254 41 73
244 41 74
255 41 75
248 41 76
257 41 77
273 41 78
249 41 79
250 41 80
250 41 81
245 41 82
257 41 83
242 41 84
249 41 85
244 41 86
246 41 87
272 41 88
263 41 89
261 41 90
253 41 91
255 41 92
254 41 93
258 41 94
250 41 95
248 41 96
239 41 97
250 41 98
253 41 99
238 41 100
261 42 1
240 42 2
257 42 3
252 42 4
270 42 5
251 42 6
265 42 7
265 42 8
251 42 9
236 42 10
247 42 11
259 42 12
263 42 13
261 42 14
258 42 15
266 42 16
265 42 17
267 42 18
268 42 19
262 42 20
248 42 21
275 42 22
287 42 23
267 42 24
254 42 25
271 42 26
253 42 27
267 42 28
268 42 29
264 42 30
258 42 31
254 42 32
266 42 33
251 42 34
265 42 35
271 42 36
273 42 37
261 42 38
262 42 39
257 42 40
257 42 41
271 42 42
251 42 43
267 42 44
265 42 45
268 42 46
273 42 47
247 42 48
253 42 49
260 42 50
250 42 51
262 42 52
251 42 53
254 42 54
266 42 55
263 42 56
263 42 57
261 42 58
258 42 59
282 42 60
264 42 61
275 42 62
254 42 63
261 42 64
265 42 65
257 42 66
263 42 67
267 42 68
265 42 69
264 42 70
256 42 71
267 42 72
261 42 73
255 42 74
265 42 75
262 42 76
265 42 77
282 42 78
260 42 79
259 42 80
265 42 81
253 42 82
269 42 83
254 42 84
257 42 85
258 42 86
257 42 87
289 42 88
271 42 89
270 42 90
255 42 91
264 42 92
267 42 93
267 42 94
257 42 95
260 42 96
258 42 97
260 42 98
265 42 99
246 42 100
263 43 1
239 43 2
260 43 3
247 43 4
256 43 5
254 43 6
265 43 7
265 43 8
250 43 9
234 43 10
246 43 11
257 43 12
267 43 13
255 43 14
253 43 15
261 43 16
259 43 17
265 43 18
266 43 19
256 43 20
251 43 21
273 43 22
280 43 23
261 43 24
250 43 25
271 43 26
257 43 27
266 43 28
267 43 29
256 43 30
257 43 31
256 43 32
265 43 33
252 43 34
259 43 35
271 43 36
264 43 37
262 43 38
262 43 39
252 43 40
257 43 41
261 43 42
257 43 43
265 43 44
266 43 45
271 43 46
273 43 47
248 43 48
251 43 49
262 43 50
249 43 51
264 43 52
246 43 53
253 43 54
264 43 55
254 43 56
255 43 57
255 43 58
256 43 59
281 43 60
259 43 61
272 43 62
254 43 63
257 43 64
258 43 65
257 43 66
266 43 67
267 43 68
255 43 69
264 43 70
252 43 71
271 43 72
258 43 73
252 43 74
264 43 75
263 43 76
261 43 77
279 43 78
258 43 79
257 43 80
265 43 81
254 43 82
264 43 83
254 43 84
258 43 85
255 43 86
254 43 87
290 43 88
268 43 89
266 43 90
254 43 91
261 43 92
267 43 93
259 43 94
258 43 95
262 43 96
255 43 97
262 43 98
264 43 99
240 43 100
264 44 1
233 44 2
257 44 3
253 44 4
264 44 5
251 44 6
265 44 7
260 44 8
249 44 9
234 44 10
247 44 11
257 44 12
267 44 13
256 44 14
257 44 15
267 44 16
255 44 17
267 44 18
262 44 19
260 44 20
248 44 21
272 44 22
284 44 23
265 44 24
249 44 25
274 44 26
252 44 27
262 44 28
266 44 29
261 44 30
252 44 31
260 44 32
264 44 33
247 44 34
260 44 35
265 44 36
269 44 37
253 44 38
263 44 39
256 44 40
257 44 41
260 44 42
247 44 43
274 44 44
264 44 45
272 44 46
270 44 47
243 44 48
248 44 49
255 44 50
249 44 51
258 44 52
253 44 53
253 44 54
259 44 55
256 44 56
259 44 57
260 44 58
261 44 59
276 44 60
255 44 61
266 44 62
250 44 63
260 44 64
257 44 65
257 44 66
260 44 67
265 44 68
262 44 69
254 44 70
257 44 71
270 44 72
261 44 73
249 44 74
263 44 75
257 44 76
265 44 77
279 44 78
257 44 79
246 44 80
261 44 81
258 44 82
264 44 83
251 44 84
248 44 85
256 44 86
256 44 87
279 44 88
273 44 89
266 44 90
253 44 91
264 44 92
261 44 93
258 44 94
255 44 95
259 44 96
254 44 97
258 44 98
261 44 99
241 44 100
266 45 1
240 45 2
263 45 3
253 45 4
265 45 5
253 45 6
269 45 7
264 45 8
252 45 9
234 45 10
250 45 11
259 45 12
269 45 13
258 45 14
258 45 15
264 45 16
265 45 17
271 45 18
261 45 19
260 45 20
246 45 21
272 45 22
288 45 23
271 45 24
254 45 25
276 45 26
253 45 27
266 45 28
272 45 29
257 45 30
260 45 31
264 45 32
265 45 33
251 45 34
265 45 35
269 45 36
265 45 37
260 45 38
261 45 39
257 45 40
262 45 41
261 45 42
249 45 43
267 45 44
272 45 45
268 45 46
270 45 47
245 45 48
254 45 49
258 45 50
247 45 51
263 45 52
251 45 53
258 45 54
264 45 55
260 45 56
255 45 57
262 45 58
260 45 59
280 45 60
261 45 61
270 45 62
254 45 63
259 45 64
260 45 65
258 45 66
264 45 67
270 45 68
262 45 69
262 45 70
255 45 71
270 45 72
264 45 73
251 45 74
269 45 75
266 45 76
266 45 77
289 45 78
263 45 79
257 45 80
266 45 81
260 45 82
268 45 83
255 45 84
256 45 85
255 45 86
256 45 87
285 45 88
273 45 89
272 45 90
253 45 91
266 45 92
264 45 93
264 45 94
260 45 95
260 45 96
254 45 97
262 45 98
267 45 99
245 45 100
268 46 1
240 46 2
261 46 3
250 46 4
264 46 5
254 46 6
267 46 7
265 46 8
251 46 9
236 46 10
249 46 11
257 46 12
274 46 13
257 46 14
262 46 15
266 46 16
260 46 17
271 46 18
269 46 19
260 46 20
248 46 21
271 46 22
288 46 23
272 46 24
250 46 25
273 46 26
256 46 27
270 46 28
271 46 29
260 46 30
257 46 31
261 46 32
264 46 33
254 46 34
261 46 35
270 46 36
269 46 37
263 46 38
268 46 39
256 46 40
258 46 41
256 46 42
248 46 43
267 46 44
263 46 45
278 46 46
275 46 47
246 46 48
252 46 49
258 46 50
246 46 51
260 46 52
251 46 53
260 46 54
263 46 55
257 46 56
257 46 57
265 46 58
258 46 59
275 46 60
259 46 61
270 46 62
257 46 63
262 46 64
264 46 65
258 46 66
265 46 67
268 46 68
265 46 69
262 46 70
255 46 71
273 46 72
261 46 73
255 46 74
263 46 75
266 46 76
265 46 77
286 46 78
256 46 79
258 46 80
267 46 81
253 46 82
269 46 83
259 46 84
256 46 85
254 46 86
256 46 87
285 46 88
272 46 89
271 46 90
260 46 91
266 46 92
264 46 93
267 46 94
262 46 95
263 46 96
254 46 97
263 46 98
265 46 99
245 46 100
266 47 1
243 47 2
265 47 3
258 47 4
268 47 5
254 47 6
271 47 7
268 47 8
258 47 9
241 47 10
251 47 11
262 47 12
270 47 13
263 47 14
261 47 15
271 47 16
266 47 17
272 47 18
273 47 19
267 47 20
253 47 21
278 47 22
294 47 23
273 47 24
261 47 25
274 47 26
256 47 27
270 47 28
271 47 29
267 47 30
259 47 31
261 47 32
276 47 33
256 47 34
266 47 35
273 47 36
273 47 37
264 47 38
267 47 39
260 47 40
266 47 41
268 47 42
252 47 43
270 47 44
265 47 45
274 47 46
284 47 47
250 47 48
257 47 49
260 47 50
254 47 51
264 47 52
255 47 53
263 47 54
269 47 55
260 47 56
267 47 57
262 47 58
261 47 59
285 47 60
265 47 61
273 47 62
259 47 63
266 47 64
267 47 65
262 47 66
269 47 67
272 47 68
270 47 69
265 47 70
258 47 71
273 47 72
267 47 73
258 47 74
268 47 75
269 47 76
270 47 77
287 47 78
264 47 79
261 47 80
267 47 81
262 47 82
272 47 83
260 47 84
259 47 85
259 47 86
259 47 87
289 47 88
278 47 89
273 47 90
259 47 91
272 47 92
269 47 93
273 47 94
260 47 95
265 47 96
257 47 97
262 47 98
271 47 99
246 47 100
262 48 1
237 48 2
265 48 3
255 48 4
265 48 5
249 48 6
264 48 7
260 48 8
251 48 9
242 48 10
249 48 11
260 48 12
267 48 13
256 48 14
260 48 15
267 48 16
260 48 17
273 48 18
267 48 19
260 48 20
249 48 21
270 48 22
287 48 23
265 48 24
252 48 25
268 48 26
246 48 27
263 48 28
264 48 29
256 48 30
258 48 31
257 48 32
266 48 33
252 48 34
259 48 35
263 48 36
272 48 37
256 48 38
260 48 39
259 48 40
260 48 41
262 48 42
242 48 43
263 48 44
261 48 45
269 48 46
279 48 47
252 48 48
253 48 49
253 48 50
246 48 51
261 48 52
247 48 53
259 48 54
257 48 55
258 48 56
261 48 57
252 48 58
257 48 59
277 48 60
260 48 61
267 48 62
248 48 63
260 48 64
261 48 65
254 48 66
261 48 67
259 48 68
265 48 69
255 48 70
247 48 71
272 48 72
253 48 73
248 48 74
265 48 75
260 48 76
263 48 77
281 48 78
259 48 79
253 48 80
259 48 81
257 48 82
266 48 83
253 48 84
250 48 85
259 48 86
253 48 87
282 48 88
272 48 89
269 48 90
253 48 91
265 48 92
265 48 93
266 48 94
255 48 95
255 48 96
250 48 97
255 48 98
266 48 99
243 48 100
271 49 1
238 49 2
264 49 3
251 49 4
266 49 5
251 49 6
262 49 7
268 49 8
250 49 9
238 49 10
257 49 11
260 49 12
269 49 13
262 49 14
257 49 15
262 49 16
269 49 17
270 49 18
264 49 19
261 49 20
250 49 21
277 49 22
291 49 23
270 49 24
254 49 25
269 49 26
253 49 27
272 49 28
272 49 29
263 49 30
259 49 31
258 49 32
266 49 33
253 49 34
267 49 35
270 49 36
268 49 37
262 49 38
267 49 39
255 49 40
260 49 41
263 49 42
250 49 43
270 49 44
267 49 45
269 49 46
273 49 47
244 49 48
257 49 49
256 49 50
253 49 51
266 49 52
248 49 53
259 49 54
265 49 55
262 49 56
261 49 57
263 49 58
258 49 59
281 49 60
260 49 61
275 49 62
254 49 63
263 49 64
265 49 65
255 49 66
264 49 67
266 49 68
266 49 69
258 49 70
256 49 71
271 49 72
265 49 73
249 49 74
267 49 75
265 49 76
267 49 77
287 49 78
267 49 79
255 49 80
263 49 81
255 49 82
270 49 83
257 49 84
258 49 85
255 49 86
256 49 87
287 49 88
272 49 89
269 49 90
260 49 91
264 49 92
265 49 93
267 49 94
262 49 95
262 49 96
253 49 97
261 49 98
267 49 99
244 49 100
268 50 1
240 50 2
271 50 3
261 50 4
268 50 5
260 50 6
275 50 7
273 50 8
258 50 9
245 50 10
254 50 11
264 50 12
272 50 13
265 50 14
260 50 15
273 50 16
264 50 17
271 50 18
269 50 19
266 50 20
254 50 21
274 50 22
295 50 23
277 50 24
257 50 25
281 50 26
258 50 27
270 50 28
273 50 29
266 50 30
263 50 31
264 50 32
271 50 33
257 50 34
265 50 35
277 50 36
275 50 37
265 50 38
269 50 39
263 50 40
262 50 41
266 50 42
256 50 43
270 50 44
273 50 45
276 50 46
277 50 47
250 50 48
257 50 49
268 50 50
254 50 51
269 50 52
257 50 53
264 50 54
271 50 55
263 50 56
265 50 57
267 50 58
262 50 59
289 50 60
262 50 61
279 50 62
261 50 63
263 50 64
268 50 65
265 50 66
268 50 67
274 50 68
269 50 69
266 50 70
261 50 71
276 50 72
266 50 73
256 50 74
270 50 75
269 50 76
276 50 77
287 50 78
263 50 79
264 50 80
268 50 81
261 50 82
275 50 83
261 50 84
262 50 85
261 50 86
263 50 87
293 50 88
279 50 89
277 50 90
258 50 91
272 50 92
268 50 93
271 50 94
265 50 95
268 50 96
258 50 97
264 50 98
274 50 99
246 50 100
260 51 1
234 51 2
259 51 3
250 51 4
260 51 5
249 51 6
265 51 7
266 51 8
244 51 9
236 51 10
245 51 11
256 51 12
262 51 13
256 51 14
256 51 15
266 51 16
250 51 17
263 51 18
264 51 19
263 51 20
247 51 21
267 51 22
289 51 23
262 51 24
252 51 25
276 51 26
252 51 27
261 51 28
269 51 29
262 51 30
255 51 31
258 51 32
267 51 33
251 51 34
262 51 35
264 51 36
266 51 37
259 51 38
263 51 39
252 51 40
254 51 41
258 51 42
250 51 43
265 51 44
263 51 45
270 51 46
274 51 47
241 51 48
249 51 49
257 51 50
249 51 51
260 51 52
247 51 53
255 51 54
264 51 55
256 51 56
259 51 57
256 51 58
256 51 59
280 51 60
264 51 61
271 51 62
254 51 63
258 51 64
265 51 65
259 51 66
262 51 67
270 51 68
264 51 69
262 51 70
254 51 71
266 51 72
264 51 73
253 51 74
265 51 75
262 51 76
269 51 77
277 51 78
256 51 79
258 51 80
259 51 81
254 51 82
270 51 83
257 51 84
250 51 85
254 51 86
254 51 87
277 51 88
269 51 89
267 51 90
252 51 91
263 51 92
260 51 93
263 51 94
256 51 95
260 51 96
253 51 97
257 51 98
261 51 99
238 51 100
265 52 1
237 52 2
261 52 3
252 52 4
266 52 5
257 52 6
265 52 7
264 52 8
253 52 9
238 52 10
255 52 11
264 52 12
267 52 13
266 52 14
261 52 15
269 52 16
263 52 17
272 52 18
265 52 19
261 52 20
252 52 21
277 52 22
289 52 23
264 52 24
253 52 25
274 52 26
256 52 27
270 52 28
268 52 29
262 52 30
265 52 31
260 52 32
266 52 33
262 52 34
265 52 35
273 52 36
269 52 37
264 52 38
262 52 39
255 52 40
258 52 41
264 52 42
253 52 43
268 52 44
268 52 45
274 52 46
279 52 47
245 52 48
258 52 49
260 52 50
253 52 51
274 52 52
251 52 53
261 52 54
267 52 55
260 52 56
261 52 57
260 52 58
261 52 59
285 52 60
268 52 61
271 52 62
257 52 63
261 52 64
263 52 65
262 52 66
265 52 67
271 52 68
262 52 69
263 52 70
255 52 71
271 52 72
262 52 73
254 52 74
266 52 75
268 52 76
266 52 77
283 52 78
262 52 79
258 52 80
264 52 81
256 52 82
272 52 83
256 52 84
263 52 85
260 52 86
259 52 87
294 52 88
273 52 89
273 52 90
255 52 91
267 52 92
264 52 93
266 52 94
262 52 95
264 52 96
257 52 97
263 52 98
270 52 99
247 52 100
263 53 1
243 53 2
265 53 3
252 53 4
267 53 5
252 53 6
263 53 7
263 53 8
252 53 9
242 53 10
252 53 11
259 53 12
269 53 13
263 53 14
262 53 15
270 53 16
265 53 17
270 53 18
266 53 19
260 53 20
248 53 21
272 53 22
291 53 23
272 53 24
255 53 25
275 53 26
253 53 27
272 53 28
272 53 29
265 53 30
258 53 31
260 53 32
267 53 33
250 53 34
265 53 35
273 53 36
273 53 37
260 53 38
265 53 39
253 53 40
263 53 41
263 53 42
246 53 43
269 53 44
268 53 45
272 53 46
274 53 47
251 53 48
252 53 49
261 53 50
250 53 51
261 53 52
261 53 53
259 53 54
265 53 55
259 53 56
263 53 57
264 53 58
257 53 59
283 53 60
261 53 61
269 53 62
253 53 63
265 53 64
264 53 65
258 53 66
262 53 67
269 53 68
267 53 69
260 53 70
257 53 71
271 53 72
263 53 73
253 53 74
270 53 75
267 53 76
265 53 77
282 53 78
259 53 79
258 53 80
267 53 81
253 53 82
277 53 83
259 53 84
258 53 85
258 53 86
257 53 87
280 53 88
279 53 89
270 53 90
257 53 91
267 53 92
265 53 93
266 53 94
259 53 95
260 53 96
254 53 97
260 53 98
269 53 99
243 53 100
258 54 1
231 54 2
249 54 3
242 54 4
255 54 5
248 54 6
257 54 7
258 54 8
246 54 9
234 54 10
246 54 11
261 54 12
262 54 13
261 54 14
247 54 15
258 54 16
257 54 17
266 54 18
258 54 19
254 54 20
239 54 21
270 54 22
282 54 23
263 54 24
244 54 25
266 54 26
249 54 27
262 54 28
264 54 29
253 54 30
255 54 31
252 54 32
259 54 33
253 54 34
255 54 35
264 54 36
269 54 37
260 54 38
261 54 39
248 54 40
254 54 41
256 54 42
243 54 43
259 54 44
258 54 45
265 54 46
267 54 47
241 54 48
252 54 49
253 54 50
243 54 51
259 54 52
244 54 53
266 54 54
254 54 55
259 54 56
255 54 57
259 54 58
246 54 59
274 54 60
254 54 61
266 54 62
250 54 63
252 54 64
259 54 65
248 54 66
258 54 67
258 54 68
261 54 69
254 54 70
246 54 71
269 54 72
262 54 73
249 54 74
264 54 75
263 54 76
255 54 77
274 54 78
247 54 79
249 54 80
258 54 81
250 54 82
263 54 83
249 54 84
252 54 85
250 54 86
253 54 87
283 54 88
267 54 89
266 54 90
249 54 91
256 54 92
258 54 93
261 54 94
254 54 95
259 54 96
248 54 97
254 54 98
263 54 99
244 54 100
255 55 1
224 55 2
254 55 3
243 55 4
250 55 5
245 55 6
256 55 7
260 55 8
244 55 9
231 55 10
239 55 11
251 55 12
257 55 13
258 55 14
249 55 15
260 55 16
252 55 17
256 55 18
252 55 19
248 55 20
243 55 21
259 55 22
281 55 23
260 55 24
244 55 25
268 55 26
241 55 27
255 55 28
265 55 29
256 55 30
252 55 31
252 55 32
259 55 33
242 55 34
254 55 35
258 55 36
261 55 37
247 55 38
257 55 39
250 55 40
249 55 41
250 55 42
237 55 43
259 55 44
253 55 45
264 55 46
263 55 47
237 55 48
237 55 49
253 55 50
244 55 51
254 55 52
245 55 53
250 55 54
273 55 55
250 55 56
254 55 57
258 55 58
246 55 59
270 55 60
248 55 61
264 55 62
245 55 63
253 55 64
256 55 65
251 55 66
250 55 67
256 55 68
254 55 69
255 55 70
244 55 71
263 55 72
255 55 73
243 55 74
263 55 75
257 55 76
259 55 77
273 55 78
249 55 79
252 55 80
257 55 81
253 55 82
262 55 83
247 55 84
242 55 85
245 55 86
249 55 87
279 55 88
259 55 89
255 55 90
247 55 91
257 55 92
258 55 93
257 55 94
251 55 95
252 55 96
247 55 97
248 55 98
259 55 99
235 55 100
264 56 1
244 56 2
267 56 3
255 56 4
265 56 5
252 56 6
269 56 7
267 56 8
254 56 9
243 56 10
254 56 11
264 56 12
271 56 13
262 56 14
260 56 15
267 56 16
268 56 17
277 56 18
270 56 19
262 56 20
249 56 21
279 56 22
293 56 23
273 56 24
259 56 25
277 56 26
256 56 27
270 56 28
273 56 29
265 56 30
260 56 31
264 56 32
271 56 33
258 56 34
267 56 35
274 56 36
276 56 37
267 56 38
267 56 39
260 56 40
263 56 41
265 56 42
250 56 43
271 56 44
267 56 45
274 56 46
279 56 47
248 56 48
257 56 49
261 56 50
250 56 51
267 56 52
255 56 53
264 56 54
265 56 55
266 56 56
264 56 57
267 56 58
262 56 59
282 56 60
262 56 61
275 56 62
260 56 63
265 56 64
270 56 65
259 56 66
268 56 67
269 56 68
268 56 69
264 56 70
259 56 71
275 56 72
269 56 73
255 56 74
267 56 75
267 56 76
267 56 77
286 56 78
267 56 79
260 56 80
263 56 81
259 56 82
275 56 83
256 56 84
259 56 85
259 56 86
258 56 87
290 56 88
276 56 89
274 56 90
258 56 91
267 56 92
267 56 93
268 56 94
264 56 95
265 56 96
257 56 97
260 56 98
272 56 99
246 56 100
269 57 1
239 57 2
263 57 3
252 57 4
268 57 5
255 57 6
267 57 7
267 57 8
253 57 9
236 57 10
245 57 11
262 57 12
268 57 13
256 57 14
256 57 15
270 57 16
264 57 17
268 57 18
264 57 19
260 57 20
247 57 21
274 57 22
289 57 23
266 57 24
255 57 25
272 57 26
256 57 27
269 57 28
273 57 29
263 57 30
258 57 31
259 57 32
266 57 33
253 57 34
267 57 35
269 57 36
271 57 37
263 57 38
265 57 39
256 57 40
258 57 41
265 57 42
249 57 43
269 57 44
264 57 45
275 57 46
274 57 47
242 57 48
253 57 49
258 57 50
251 57 51
264 57 52
252 57 53
261 57 54
266 57 55
258 57 56
266 57 57
262 57 58
256 57 59
283 57 60
261 57 61
274 57 62
253 57 63
264 57 64
265 57 65
256 57 66
260 57 67
266 57 68
264 57 69
262 57 70
255 57 71
265 57 72
266 57 73
248 57 74
266 57 75
268 57 76
266 57 77
287 57 78
260 57 79
259 57 80
263 57 81
259 57 82
274 57 83
261 57 84
257 57 85
261 57 86
256 57 87
285 57 88
274 57 89
270 57 90
253 57 91
268 57 92
267 57 93
266 57 94
258 57 95
263 57 96
255 57 97
261 57 98
271 57 99
246 57 100
268 58 1
239 58 2
261 58 3
256 58 4
263 58 5
255 58 6
266 58 7
266 58 8
254 58 9
237 58 10
251 58 11
261 58 12
269 58 13
259 58 14
258 58 15
263 58 16
263 58 17
267 58 18
267 58 19
263 58 20
249 58 21
272 58 22
291 58 23
269 58 24
255 58 25
273 58 26
257 58 27
265 58 28
268 58 29
257 58 30
256 58 31
261 58 32
264 58 33
255 58 34
265 58 35
276 58 36
274 58 37
259 58 38
265 58 39
259 58 40
260 58 41
261 58 42
249 58 43
270 58 44
266 58 45
275 58 46
272 58 47
245 58 48
253 58 49
258 58 50
248 58 51
265 58 52
253 58 53
260 58 54
265 58 55
259 58 56
258 58 57
271 58 58
260 58 59
282 58 60
261 58 61
272 58 62
255 58 63
266 58 64
266 58 65
259 58 66
262 58 67
268 58 68
268 58 69
263 58 70
255 58 71
271 58 72
266 58 73
254 58 74
267 58 75
264 58 76
271 58 77
286 58 78
259 58 79
262 58 80
263 58 81
253 58 82
270 58 83
259 58 84
258 58 85
255 58 86
259 58 87
288 58 88
275 58 89
274 58 90
258 58 91
266 58 92
267 58 93
262 58 94
263 58 95
262 58 96
255 58 97
262 58 98
271 58 99
246 58 100
254 59 1
234 59 2
256 59 3
246 59 4
259 59 5
239 59 6
256 59 7
257 59 8
249 59 9
234 59 10
244 59 11
252 59 12
262 59 13
251 59 14
250 59 15
263 59 16
257 59 17
261 59 18
257 59 19
254 59 20
241 59 21
268 59 22
281 59 23
263 59 24
246 59 25
268 59 26
251 59 27
263 59 28
263 59 29
252 59 30
248 59 31
254 59 32
256 59 33
247 59 34
259 59 35
264 59 36
263 59 37
254 59 38
262 59 39
247 59 40
250 59 41
255 59 42
241 59 43
262 59 44
258 59 45
267 59 46
268 59 47
241 59 48
242 59 49
254 59 50
246 59 51
260 59 52
245 59 53
252 59 54
262 59 55
251 59 56
248 59 57
260 59 58
262 59 59
274 59 60
257 59 61
266 59 62
251 59 63
255 59 64
261 59 65
251 59 66
260 59 67
262 59 68
258 59 69
259 59 70
251 59 71
261 59 72
254 59 73
249 59 74
259 59 75
257 59 76
262 59 77
277 59 78
257 59 79
253 59 80
258 59 81
245 59 82
264 59 83
251 59 84
254 59 85
248 59 86
253 59 87
276 59 88
270 59 89
266 59 90
250 59 91
262 59 92
257 59 93
258 59 94
257 59 95
260 59 96
246 59 97
256 59 98
262 59 99
233 59 100
272 60 1
242 60 2
272 60 3
262 60 4
272 60 5
258 60 6
275 60 7
275 60 8
262 60 9
247 60 10
255 60 11
266 60 12
271 60 13
267 60 14
264 60 15
274 60 16
267 60 17
274 60 18
273 60 19
267 60 20
254 60 21
276 60 22
295 60 23
277 60 24
260 60 25
282 60 26
260 60 27
275 60 28
277 60 29
265 60 30
262 60 31
265 60 32
272 60 33
258 60 34
268 60 35
278 60 36
276 60 37
265 60 38
269 60 39
263 60 40
263 60 41
267 60 42
255 60 43
271 60 44
271 60 45
277 60 46
280 60 47
251 60 48
257 60 49
266 60 50
254 60 51
272 60 52
258 60 53
264 60 54
274 60 55
265 60 56
268 60 57
267 60 58
262 60 59
290 60 60
265 60 61
278 60 62
260 60 63
267 60 64
270 60 65
268 60 66
271 60 67
274 60 68
271 60 69
270 60 70
261 60 71
277 60 72
270 60 73
260 60 74
274 60 75
270 60 76
272 60 77
290 60 78
267 60 79
266 60 80
268 60 81
263 60 82
274 60 83
265 60 84
263 60 85
264 60 86
267 60 87
296 60 88
278 60 89
278 60 90
260 60 91
272 60 92
270 60 93
275 60 94
266 60 95
267 60 96
260 60 97
266 60 98
274 60 99
246 60 100
265 61 1
234 61 2
263 61 3
248 61 4
263 61 5
250 61 6
264 61 7
265 61 8
252 61 9
236 61 10
246 61 11
261 61 12
262 61 13
257 61 14
259 61 15
267 61 16
262 61 17
268 61 18
270 61 19
256 61 20
251 61 21
273 61 22
285 61 23
269 61 24
251 61 25
275 61 26
256 61 27
266 61 28
268 61 29
257 61 30
260 61 31
256 61 32
270 61 33
253 61 34
261 61 35
270 61 36
270 61 37
260 61 38
260 61 39
254 61 40
262 61 41
261 61 42
251 61 43
266 61 44
264 61 45
273 61 46
271 61 47
246 61 48
252 61 49
255 61 50
252 61 51
262 61 52
248 61 53
258 61 54
266 61 55
256 61 56
258 61 57
260 61 58
257 61 59
280 61 60
264 61 61
269 61 62
254 61 63
260 61 64
261 61 65
260 61 66
264 61 67
266 61 68
264 61 69
264 61 70
254 61 71
268 61 72
259 61 73
254 61 74
265 61 75
266 61 76
269 61 77
280 61 78
260 61 79
257 61 80
266 61 81
252 61 82
269 61 83
255 61 84
259 61 85
257 61 86
257 61 87
284 61 88
273 61 89
269 61 90
253 61 91
264 61 92
265 61 93
263 61 94
259 61 95
260 61 96
252 61 97
259 61 98
264 61 99
240 61 100
270 62 1
244 62 2
268 62 3
258 62 4
271 62 5
258 62 6
276 62 7
273 62 8
259 62 9
247 62 10
257 62 11
267 62 12
271 62 13
269 62 14
262 62 15
272 62 16
269 62 17
275 62 18
272 62 19
268 62 20
259 62 21
279 62 22
296 62 23
277 62 24
262 62 25
279 62 26
256 62 27
275 62 28
277 62 29
267 62 30
267 62 31
268 62 32
271 62 33
261 62 34
272 62 35
275 62 36
278 62 37
269 62 38
271 62 39
261 62 40
266 62 41
268 62 42
256 62 43
270 62 44
271 62 45
278 62 46
280 62 47
251 62 48
259 62 49
268 62 50
255 62 51
271 62 52
257 62 53
266 62 54
274 62 55
266 62 56
269 62 57
268 62 58
259 62 59
289 62 60
267 62 61
281 62 62
261 62 63
269 62 64
272 62 65
265 62 66
272 62 67
270 62 68
271 62 69
267 62 70
262 62 71
277 62 72
273 62 73
259 62 74
273 62 75
273 62 76
273 62 77
291 62 78
267 62 79
265 62 80
270 62 81
264 62 82
277 62 83
263 62 84
262 62 85
261 62 86
263 62 87
294 62 88
280 62 89
276 62 90
258 62 91
270 62 92
269 62 93
276 62 94
270 62 95
269 62 96
263 62 97
266 62 98
273 62 99
250 62 100
258 63 1
233 63 2
257 63 3
246 63 4
263 63 5
250 63 6
260 63 7
266 63 8
244 63 9
236 63 10
250 63 11
257 63 12
264 63 13
260 63 14
252 63 15
264 63 16
260 63 17
268 63 18
268 63 19
254 63 20
246 63 21
268 63 22
291 63 23
265 63 24
248 63 25
268 63 26
253 63 27
265 63 28
268 63 29
259 63 30
260 63 31
260 63 32
263 63 33
254 63 34
262 63 35
265 63 36
264 63 37
258 63 38
263 63 39
253 63 40
261 63 41
259 63 42
249 63 43
259 63 44
267 63 45
269 63 46
271 63 47
239 63 48
252 63 49
256 63 50
248 63 51
262 63 52
249 63 53
262 63 54
260 63 55
255 63 56
260 63 57
261 63 58
256 63 59
277 63 60
254 63 61
264 63 62
258 63 63
256 63 64
264 63 65
250 63 66
262 63 67
265 63 68
260 63 69
261 63 70
255 63 71
267 63 72
258 63 73
249 63 74
263 63 75
261 63 76
263 63 77
274 63 78
259 63 79
254 63 80
260 63 81
258 63 82
270 63 83
253 63 84
257 63 85
252 63 86
255 63 87
285 63 88
267 63 89
266 63 90
257 63 91
261 63 92
263 63 93
263 63 94
253 63 95
257 63 96
249 63 97
253 63 98
260 63 99
241 63 100
265 64 1
242 64 2
268 64 3
258 64 4
266 64 5
259 64 6
272 64 7
270 64 8
254 64 9
241 64 10
249 64 11
261 64 12
271 64 13
264 64 14
260 64 15
268 64 16
262 64 17
268 64 18
268 64 19
261 64 20
252 64 21
270 64 22
289 64 23
270 64 24
258 64 25
278 64 26
258 64 27
272 64 28
274 64 29
264 64 30
258 64 31
264 64 32
272 64 33
254 64 34
262 64 35
276 64 36
275 64 37
265 64 38
268 64 39
257 64 40
261 64 41
265 64 42
255 64 43
270 64 44
268 64 45
272 64 46
275 64 47
247 64 48
253 64 49
261 64 50
251 64 51
265 64 52
253 64 53
262 64 54
269 64 55
262 64 56
265 64 57
265 64 58
258 64 59
284 64 60
258 64 61
273 64 62
257 64 63
272 64 64
266 64 65
262 64 66
263 64 67
269 64 68
267 64 69
270 64 70
258 64 71
274 64 72
264 64 73
255 64 74
269 64 75
267 64 76
271 64 77
285 64 78
265 64 79
262 64 80
266 64 81
261 64 82
274 64 83
258 64 84
259 64 85
265 64 86
261 64 87
289 64 88
274 64 89
270 64 90
259 64 91
267 64 92
267 64 93
270 64 94
264 64 95
263 64 96
261 64 97
262 64 98
269 64 99
245 64 100
253 65 1
232 65 2
255 65 3
242 65 4
256 65 5
241 65 6
256 65 7
256 65 8
243 65 9
233 65 10
239 65 11
256 65 12
265 65 13
259 65 14
249 65 15
263 65 16
257 65 17
263 65 18
253 65 19
246 65 20
248 65 21
267 65 22
280 65 23
258 65 24
252 65 25
267 65 26
245 65 27
262 65 28
258 65 29
257 65 30
252 65 31
251 65 32
255 65 33
249 65 34
257 65 35
263 65 36
263 65 37
254 65 38
260 65 39
251 65 40
251 65 41
254 65 42
239 65 43
258 65 44
254 65 45
270 65 46
263 65 47
237 65 48
251 65 49
251 65 50
244 65 51
259 65 52
245 65 53
257 65 54
257 65 55
253 65 56
255 65 57
257 65 58
245 65 59
271 65 60
254 65 61
266 65 62
249 65 63
257 65 64
265 65 65
248 65 66
259 65 67
255 65 68
253 65 69
256 65 70
248 65 71
264 65 72
257 65 73
243 65 74
254 65 75
260 65 76
254 65 77
276 65 78
250 65 79
244 65 80
255 65 81
249 65 82
268 65 83
250 65 84
255 65 85
252 65 86
244 65 87
282 65 88
263 65 89
266 65 90
251 65 91
252 65 92
260 65 93
259 65 94
255 65 95
259 65 96
247 65 97
256 65 98
257 65 99
240 65 100
258 66 1
230 66 2
260 66 3
245 66 4
259 66 5
246 66 6
263 66 7
260 66 8
246 66 9
238 66 10
245 66 11
255 66 12
257 66 13
256 66 14
256 66 15
261 66 16
257 66 17
259 66 18
255 66 19
255 66 20
245 66 21
268 66 22
285 66 23
262 66 24
244 66 25
267 66 26
251 66 27
258 66 28
263 66 29
256 66 30
254 66 31
251 66 32
257 66 33
246 66 34
258 66 35
265 66 36
265 66 37
259 66 38
260 66 39
252 66 40
252 66 41
258 66 42
238 66 43
259 66 44
260 66 45
264 66 46
267 66 47
240 66 48
249 66 49
254 66 50
243 66 51
258 66 52
245 66 53
251 66 54
259 66 55
252 66 56
257 66 57
257 66 58
254 66 59
276 66 60
255 66 61
267 66 62
246 66 63
256 66 64
260 66 65
269 66 66
259 66 67
262 66 68
258 66 69
256 66 70
246 66 71
264 66 72
257 66 73
242 66 74
256 66 75
257 66 76
263 66 77
276 66 78
253 66 79
256 66 80
257 66 81
249 66 82
266 66 83
254 66 84
248 66 85
255 66 86
255 66 87
277 66 88
266 66 89
263 66 90
248 66 91
262 66 92
260 66 93
253 66 94
259 66 95
256 66 96
253 66 97
251 66 98
260 66 99
235 66 100
271 67 1
241 67 2
266 67 3
257 67 4
268 67 5
256 67 6
271 67 7
267 67 8
257 67 9
242 67 10
256 67 11
265 67 12
271 67 13
265 67 14
260 67 15
272 67 16
265 67 17
276 67 18
269 67 19
263 67 20
258 67 21
277 67 22
294 67 23
274 67 24
256 67 25
278 67 26
256 67 27
273 67 28
276 67 29
266 67 30
264 67 31
265 67 32
268 67 33
258 67 34
269 67 35
273 67 36
273 67 37
264 67 38
269 67 39
262 67 40
261 67 41
266 67 42
255 67 43
273 67 44
272 67 45
280 67 46
275 67 47
252 67 48
257 67 49
260 67 50
254 67 51
267 67 52
252 67 53
268 67 54
268 67 55
261 67 56
264 67 57
268 67 58
259 67 59
287 67 60
264 67 61
278 67 62
256 67 63
264 67 64
268 67 65
261 67 66
267 67 67
271 67 68
269 67 69
263 67 70
257 67 71
275 67 72
270 67 73
255 67 74
270 67 75
270 67 76
271 67 77
290 67 78
265 67 79
259 67 80
269 67 81
262 67 82
278 67 83
263 67 84
260 67 85
264 67 86
262 67 87
292 67 88
276 67 89
274 67 90
256 67 91
269 67 92
270 67 93
269 67 94
268 67 95
264 67 96
261 67 97
266 67 98
273 67 99
252 67 100
260 68 1
236 68 2
262 68 3
255 68 4
266 68 5
249 68 6
268 68 7
269 68 8
256 68 9
240 68 10
250 68 11
260 68 12
267 68 13
262 68 14
259 68 15
265 68 16
260 68 17
269 68 18
266 68 19
261 68 20
248 68 21
268 68 22
291 68 23
274 68 24
251 68 25
271 68 26
256 68 27
266 68 28
273 68 29
265 68 30
259 68 31
262 68 32
266 68 33
252 68 34
263 68 35
270 68 36
270 68 37
254 68 38
263 68 39
259 68 40
258 68 41
259 68 42
249 68 43
268 68 44
267 68 45
275 68 46
273 68 47
249 68 48
250 68 49
256 68 50
253 68 51
263 68 52
247 68 53
259 68 54
268 68 55
259 68 56
261 68 57
261 68 58
254 68 59
282 68 60
263 68 61
271 68 62
254 68 63
263 68 64
264 68 65
259 68 66
265 68 67
279 68 68
263 68 69
262 68 70
259 68 71
274 68 72
268 68 73
251 68 74
271 68 75
267 68 76
271 68 77
285 68 78
260 68 79
257 68 80
266 68 81
258 68 82
275 68 83
261 68 84
254 68 85
257 68 86
256 68 87
288 68 88
272 68 89
271 68 90
261 68 91
268 68 92
262 68 93
271 68 94
260 68 95
259 68 96
251 68 97
262 68 98
267 68 99
242 68 100
265 69 1
232 69 2
257 69 3
243 69 4
264 69 5
246 69 6
260 69 7
258 69 8
253 69 9
233 69 10
247 69 11
254 69 12
262 69 13
256 69 14
250 69 15
263 69 16
255 69 17
264 69 18
258 69 19
257 69 20
242 69 21
265 69 22
284 69 23
261 69 24
252 69 25
266 69 26
244 69 27
257 69 28
261 69 29
260 69 30
250 69 31
251 69 32
257 69 33
247 69 34
262 69 35
258 69 36
262 69 37
253 69 38
256 69 39
247 69 40
255 69 41
257 69 42
245 69 43
259 69 44
261 69 45
266 69 46
262 69 47
242 69 48
241 69 49
252 69 50
247 69 51
256 69 52
245 69 53
258 69 54
259 69 55
249 69 56
256 69 57
253 69 58
245 69 59
268 69 60
253 69 61
272 69 62
252 69 63
255 69 64
265 69 65
248 69 66
262 69 67
262 69 68
268 69 69
257 69 70
250 69 71
264 69 72
256 69 73
249 69 74
262 69 75
256 69 76
262 69 77
281 69 78
255 69 79
255 69 80
256 69 81
250 69 82
261 69 83
253 69 84
250 69 85
248 69 86
245 69 87
277 69 88
264 69 89
264 69 90
244 69 91
261 69 92
261 69 93
255 69 94
254 69 95
254 69 96
247 69 97
250 69 98
262 69 99
233 69 100
268 70 1
240 70 2
267 70 3
258 70 4
263 70 5
258 70 6
270 70 7
271 70 8
258 70 9
242 70 10
251 70 11
260 70 12
269 70 13
263 70 14
261 70 15
271 70 16
262 70 17
269 70 18
272 70 19
262 70 20
254 70 21
273 70 22
293 70 23
270 70 24
259 70 25
279 70 26
258 70 27
272 70 28
271 70 29
261 70 30
260 70 31
259 70 32
270 70 33
258 70 34
265 70 35
274 70 36
274 70 37
263 70 38
271 70 39
260 70 40
262 70 41
266 70 42
254 70 43
268 70 44
267 70 45
276 70 46
276 70 47
247 70 48
255 70 49
260 70 50
252 70 51
267 70 52
254 70 53
262 70 54
270 70 55
261 70 56
266 70 57
263 70 58
262 70 59
286 70 60
260 70 61
278 70 62
261 70 63
265 70 64
267 70 65
263 70 66
264 70 67
267 70 68
269 70 69
270 70 70
257 70 71
271 70 72
266 70 73
259 70 74
269 70 75
268 70 76
269 70 77
286 70 78
261 70 79
263 70 80
265 70 81
257 70 82
271 70 83
261 70 84
259 70 85
258 70 86
260 70 87
289 70 88
275 70 89
268 70 90
258 70 91
269 70 92
268 70 93
267 70 94
261 70 95
268 70 96
260 70 97
265 70 98
274 70 99
245 70 100
264 71 1
237 71 2
266 71 3
255 71 4
268 71 5
250 71 6
272 71 7
268 71 8
252 71 9
236 71 10
253 71 11
265 71 12
267 71 13
261 71 14
258 71 15
269 71 16
257 71 17
264 71 18
266 71 19
262 71 20
252 71 21
273 71 22
292 71 23
270 71 24
254 71 25
273 71 26
253 71 27
265 71 28
271 71 29
260 71 30
254 71 31
260 71 32
265 71 33
253 71 34
262 71 35
270 71 36
272 71 37
259 71 38
263 71 39
257 71 40
265 71 41
262 71 42
248 71 43
270 71 44
267 71 45
270 71 46
273 71 47
245 71 48
252 71 49
260 71 50
250 71 51
263 71 52
252 71 53
259 71 54
267 71 55
262 71 56
261 71 57
261 71 58
258 71 59
280 71 60
258 71 61
276 71 62
256 71 63
258 71 64
264 71 65
257 71 66
260 71 67
269 71 68
266 71 69
267 71 70
262 71 71
270 71 72
266 71 73
258 71 74
266 71 75
265 71 76
269 71 77
285 71 78
261 71 79
258 71 80
265 71 81
258 71 82
272 71 83
256 71 84
254 71 85
258 71 86
258 71 87
284 71 88
276 71 89
270 71 90
258 71 91
269 71 92
264 71 93
266 71 94
262 71 95
260 71 96
254 71 97
261 71 98
269 71 99
242 71 100
262 72 1
232 72 2
258 72 3
244 72 4
263 72 5
250 72 6
267 72 7
259 72 8
247 72 9
234 72 10
244 72 11
256 72 12
262 72 13
258 72 14
253 72 15
262 72 16
252 72 17
259 72 18
259 72 19
247 72 20
239 72 21
262 72 22
280 72 23
261 72 24
248 72 25
262 72 26
247 72 27
259 72 28
261 72 29
254 72 30
254 72 31
258 72 32
262 72 33
252 72 34
252 72 35
260 72 36
263 72 37
252 72 38
264 72 39
256 72 40
249 72 41
255 72 42
240 72 43
262 72 44
265 72 45
265 72 46
267 72 47
242 72 48
242 72 49
250 72 50
242 72 51
259 72 52
243 72 53
253 72 54
260 72 55
250 72 56
260 72 57
256 72 58
253 72 59
272 72 60
253 72 61
268 72 62
248 72 63
258 72 64
263 72 65
248 72 66
258 72 67
258 72 68
259 72 69
260 72 70
246 72 71
268 72 72
260 72 73
247 72 74
267 72 75
262 72 76
263 72 77
277 72 78
251 72 79
252 72 80
254 72 81
252 72 82
264 72 83
250 72 84
255 72 85
252 72 86
249 72 87
275 72 88
265 72 89
260 72 90
253 72 91
258 72 92
261 72 93
263 72 94
253 72 95
257 72 96
247 72 97
252 72 98
265 72 99
240 72 100
270 73 1
242 73 2
269 73 3
261 73 4
270 73 5
257 73 6
273 73 7
269 73 8
260 73 9
244 73 10
254 73 11
266 73 12
271 73 13
267 73 14
263 73 15
274 73 16
271 73 17
276 73 18
270 73 19
266 73 20
253 73 21
278 73 22
296 73 23
276 73 24
260 73 25
279 73 26
258 73 27
273 73 28
277 73 29
270 73 30
262 73 31
264 73 32
271 73 33
263 73 34
270 73 35
275 73 36
278 73 37
268 73 38
268 73 39
266 73 40
262 73 41
267 73 42
257 73 43
273 73 44
273 73 45
276 73 46
283 73 47
250 73 48
260 73 49
263 73 50
255 73 51
269 73 52
257 73 53
267 73 54
272 73 55
265 73 56
268 73 57
266 73 58
261 73 59
289 73 60
268 73 61
275 73 62
260 73 63
266 73 64
271 73 65
264 73 66
269 73 67
275 73 68
269 73 69
269 73 70
255 73 71
276 73 72
270 73 73
260 73 74
273 73 75
272 73 76
273 73 77
288 73 78
267 73 79
264 73 80
268 73 81
263 73 82
276 73 83
264 73 84
261 73 85
263 73 86
259 73 87
290 73 88
276 73 89
276 73 90
260 73 91
273 73 92
270 73 93
273 73 94
268 73 95
270 73 96
261 73 97
266 73 98
272 73 99
250 73 100
255 74 1
231 74 2
255 74 3
242 74 4
258 74 5
241 74 6
259 74 7
259 74 8
245 74 9
231 74 10
245 74 11
251 74 12
261 74 13
250 74 14
253 74 15
261 74 16
257 74 17
260 74 18
264 74 19
252 74 20
239 74 21
270 74 22
281 74 23
261 74 24
247 74 25
265 74 26
250 74 27
262 74 28
262 74 29
248 74 30
248 74 31
252 74 32
265 74 33
244 74 34
254 74 35
261 74 36
261 74 37
253 74 38
263 74 39
253 74 40
249 74 41
255 74 42
246 74 43
261 74 44
259 74 45
270 74 46
267 74 47
242 74 48
247 74 49
250 74 50
238 74 51
259 74 52
249 74 53
253 74 54
257 74 55
249 74 56
253 74 57
253 74 58
254 74 59
277 74 60
252 74 61
263 74 62
250 74 63
261 74 64
257 74 65
253 74 66
261 74 67
259 74 68
260 74 69
255 74 70
252 74 71
266 74 72
257 74 73
257 74 74
260 74 75
259 74 76
264 74 77
274 74 78
256 74 79
250 74 80
256 74 81
250 74 82
263 74 83
250 74 84
250 74 85
247 74 86
248 74 87
279 74 88
271 74 89
264 74 90
251 74 91
259 74 92
256 74 93
261 74 94
253 74 95
248 74 96
247 74 97
253 74 98
254 74 99
235 74 100
264 75 1
232 75 2
259 75 3
246 75 4
263 75 5
249 75 6
267 75 7
264 75 8
254 75 9
238 75 10
247 75 11
257 75 12
269 75 13
258 75 14
252 75 15
264 75 16
258 75 17
264 75 18
260 75 19
256 75 20
244 75 21
267 75 22
285 75 23
271 75 24
251 75 25
268 75 26
253 75 27
265 75 28
264 75 29
262 75 30
256 75 31
254 75 32
262 75 33
252 75 34
265 75 35
263 75 36
266 75 37
259 75 38
261 75 39
258 75 40
259 75 41
260 75 42
247 75 43
264 75 44
262 75 45
268 75 46
270 75 47
240 75 48
247 75 49
249 75 50
247 75 51
256 75 52
248 75 53
254 75 54
263 75 55
251 75 56
255 75 57
253 75 58
251 75 59
278 75 60
255 75 61
267 75 62
245 75 63
252 75 64
264 75 65
258 75 66
258 75 67
267 75 68
261 75 69
261 75 70
250 75 71
269 75 72
258 75 73
246 75 74
271 75 75
263 75 76
263 75 77
281 75 78
253 75 79
255 75 80
255 75 81
251 75 82
269 75 83
255 75 84
247 75 85
254 75 86
252 75 87
280 75 88
268 75 89
264 75 90
253 75 91
260 75 92
264 75 93
267 75 94
253 75 95
256 75 96
251 75 97
255 75 98
265 75 99
241 75 100
264 76 1
237 76 2
261 76 3
249 76 4
264 76 5
255 76 6
266 76 7
267 76 8
258 76 9
239 76 10
249 76 11
261 76 12
269 76 13
262 76 14
261 76 15
267 76 16
261 76 17
270 76 18
264 76 19
261 76 20
256 76 21
279 76 22
288 76 23
271 76 24
255 76 25
275 76 26
255 76 27
270 76 28
272 76 29
267 76 30
262 76 31
262 76 32
267 76 33
252 76 34
265 76 35
272 76 36
271 76 37
268 76 38
264 76 39
258 76 40
262 76 41
262 76 42
256 76 43
267 76 44
270 76 45
273 76 46
273 76 47
244 76 48
258 76 49
263 76 50
251 76 51
261 76 52
254 76 53
263 76 54
267 76 55
258 76 56
259 76 57
265 76 58
256 76 59
282 76 60
263 76 61
272 76 62
257 76 63
262 76 64
267 76 65
260 76 66
269 76 67
271 76 68
265 76 69
263 76 70
255 76 71
273 76 72
263 76 73
257 76 74
270 76 75
275 76 76
267 76 77
287 76 78
261 76 79
258 76 80
265 76 81
257 76 82
272 76 83
257 76 84
259 76 85
262 76 86
256 76 87
290 76 88
274 76 89
271 76 90
258 76 91
270 76 92
267 76 93
269 76 94
257 76 95
264 76 96
256 76 97
263 76 98
269 76 99
248 76 100
250 77 1
226 77 2
246 77 3
243 77 4
249 77 5
243 77 6
262 77 7
257 77 8
246 77 9
233 77 10
235 77 11
247 77 12
259 77 13
248 77 14
246 77 15
256 77 16
248 77 17
259 77 18
255 77 19
248 77 20
237 77 21
259 77 22
273 77 23
260 77 24
238 77 25
258 77 26
245 77 27
255 77 28
264 77 29
248 77 30
243 77 31
250 77 32
257 77 33
237 77 34
249 77 35
258 77 36
260 77 37
243 77 38
246 77 39
250 77 40
244 77 41
250 77 42
236 77 43
256 77 44
256 77 45
253 77 46
264 77 47
230 77 48
242 77 49
249 77 50
240 77 51
252 77 52
240 77 53
247 77 54
260 77 55
246 77 56
249 77 57
256 77 58
249 77 59
275 77 60
250 77 61
252 77 62
247 77 63
248 77 64
252 77 65
248 77 66
249 77 67
257 77 68
255 77 69
253 77 70
241 77 71
260 77 72
248 77 73
238 77 74
256 77 75
254 77 76
272 77 77
275 77 78
250 77 79
244 77 80
256 77 81
242 77 82
254 77 83
252 77 84
245 77 85
243 77 86
245 77 87
274 77 88
259 77 89
260 77 90
247 77 91
256 77 92
248 77 93
257 77 94
250 77 95
250 77 96
247 77 97
249 77 98
251 77 99
236 77 100
263 78 1
235 78 2
258 78 3
252 78 4
258 78 5
249 78 6
259 78 7
262 78 8
250 78 9
233 78 10
244 78 11
257 78 12
259 78 13
255 78 14
255 78 15
260 78 16
260 78 17
264 78 18
259 78 19
260 78 20
246 78 21
265 78 22
283 78 23
265 78 24
246 78 25
273 78 26
246 78 27
257 78 28
266 78 29
252 78 30
252 78 31
255 78 32
261 78 33
248 78 34
262 78 35
267 78 36
268 78 37
257 78 38
262 78 39
255 78 40
250 78 41
263 78 42
245 78 43
266 78 44
262 78 45
268 78 46
268 78 47
244 78 48
248 78 49
252 78 50
244 78 51
261 78 52
246 78 53
255 78 54
261 78 55
254 78 56
256 78 57
261 78 58
254 78 59
279 78 60
251 78 61
265 78 62
248 78 63
257 78 64
265 78 65
248 78 66
257 78 67
270 78 68
257 78 69
251 78 70
250 78 71
267 78 72
260 78 73
248 78 74
263 78 75
259 78 76
261 78 77
290 78 78
259 78 79
251 78 80
260 78 81
255 78 82
264 78 83
252 78 84
248 78 85
246 78 86
248 78 87
282 78 88
267 78 89
262 78 90
248 78 91
263 78 92
257 78 93
261 78 94
256 78 95
258 78 96
250 78 97
260 78 98
268 78 99
237 78 100
266 79 1
243 79 2
270 79 3
258 79 4
270 79 5
257 79 6
275 79 7
270 79 8
255 79 9
243 79 10
257 79 11
265 79 12
272 79 13
261 79 14
265 79 15
275 79 16
265 79 17
277 79 18
272 79 19
266 79 20
256 79 21
276 79 22
297 79 23
270 79 24
258 79 25
281 79 26
255 79 27
272 79 28
274 79 29
267 79 30
261 79 31
264 79 32
272 79 33
256 79 34
267 79 35
275 79 36
278 79 37
267 79 38
267 79 39
262 79 40
262 79 41
267 79 42
257 79 43
270 79 44
272 79 45
277 79 46
278 79 47
251 79 48
259 79 49
259 79 50
253 79 51
269 79 52
256 79 53
263 79 54
268 79 55
261 79 56
267 79 57
264 79 58
260 79 59
287 79 60
262 79 61
277 79 62
258 79 63
266 79 64
270 79 65
260 79 66
268 79 67
273 79 68
269 79 69
268 79 70
259 79 71
275 79 72
267 79 73
259 79 74
273 79 75
275 79 76
270 79 77
285 79 78
270 79 79
263 79 80
268 79 81
262 79 82
274 79 83
261 79 84
260 79 85
260 79 86
266 79 87
287 79 88
276 79 89
274 79 90
257 79 91
274 79 92
272 79 93
270 79 94
266 79 95
263 79 96
259 79 97
265 79 98
268 79 99
246 79 100
255 80 1
229 80 2
253 80 3
251 80 4
261 80 5
245 80 6
259 80 7
254 80 8
250 80 9
229 80 10
248 80 11
250 80 12
254 80 13
250 80 14
254 80 15
262 80 16
254 80 17
258 80 18
252 80 19
248 80 20
240 80 21
258 80 22
284 80 23
263 80 24
244 80 25
260 80 26
248 80 27
260 80 28
265 80 29
250 80 30
248 80 31
252 80 32
262 80 33
248 80 34
253 80 35
255 80 36
261 80 37
251 80 38
254 80 39
250 80 40
246 80 41
257 80 42
238 80 43
253 80 44
255 80 45
264 80 46
265 80 47
240 80 48
243 80 49
248 80 50
243 80 51
257 80 52
248 80 53
249 80 54
262 80 55
244 80 56
254 80 57
255 80 58
245 80 59
269 80 60
253 80 61
264 80 62
242 80 63
254 80 64
253 80 65
251 80 66
253 80 67
258 80 68
257 80 69
254 80 70
244 80 71
262 80 72
260 80 73
243 80 74
263 80 75
257 80 76
261 80 77
277 80 78
246 80 79
268 80 80
251 80 81
246 80 82
268 80 83
247 80 84
245 80 85
251 80 86
245 80 87
273 80 88
257 80 89
260 80 90
247 80 91
261 80 92
253 80 93
258 80 94
248 80 95
249 80 96
248 80 97
250 80 98
264 80 99
236 80 100
265 81 1
237 81 2
264 81 3
253 81 4
264 81 5
252 81 6
269 81 7
264 81 8
254 81 9
237 81 10
251 81 11
263 81 12
267 81 13
258 81 14
255 81 15
268 81 16
261 81 17
268 81 18
262 81 19
259 81 20
252 81 21
270 81 22
286 81 23
270 81 24
255 81 25
269 81 26
252 81 27
271 81 28
270 81 29
255 81 30
260 81 31
262 81 32
266 81 33
253 81 34
264 81 35
272 81 36
267 81 37
257 81 38
262 81 39
259 81 40
260 81 41
264 81 42
250 81 43
267 81 44
264 81 45
269 81 46
269 81 47
246 81 48
255 81 49
254 81 50
248 81 51
264 81 52
248 81 53
256 81 54
265 81 55
258 81 56
262 81 57
259 81 58
255 81 59
278 81 60
255 81 61
270 81 62
254 81 63
258 81 64
261 81 65
261 81 66
264 81 67
270 81 68
262 81 69
263 81 70
256 81 71
267 81 72
262 81 73
251 81 74
268 81 75
261 81 76
266 81 77
281 81 78
262 81 79
253 81 80
265 81 81
258 81 82
270 81 83
255 81 84
259 81 85
256 81 86
260 81 87
286 81 88
274 81 89
269 81 90
254 81 91
263 81 92
264 81 93
266 81 94
261 81 95
262 81 96
255 81 97
257 81 98
262 81 99
242 81 100
259 82 1
237 82 2
263 82 3
257 82 4
263 82 5
250 82 6
263 82 7
262 82 8
251 82 9
234 82 10
246 82 11
252 82 12
265 82 13
255 82 14
253 82 15
269 82 16
258 82 17
266 82 18
266 82 19
251 82 20
247 82 21
270 82 22
288 82 23
268 82 24
256 82 25
267 82 26
249 82 27
265 82 28
269 82 29
260 82 30
256 82 31
256 82 32
259 82 33
247 82 34
265 82 35
268 82 36
265 82 37
261 82 38
263 82 39
257 82 40
258 82 41
258 82 42
243 82 43
268 82 44
259 82 45
269 82 46
276 82 47
244 82 48
250 82 49
257 82 50
245 82 51
257 82 52
247 82 53
257 82 54
262 82 55
259 82 56
258 82 57
264 82 58
259 82 59
277 82 60
250 82 61
270 82 62
252 82 63
260 82 64
263 82 65
259 82 66
258 82 67
269 82 68
262 82 69
260 82 70
254 82 71
270 82 72
263 82 73
252 82 74
266 82 75
261 82 76
269 82 77
284 82 78
258 82 79
259 82 80
265 82 81
264 82 82
270 82 83
258 82 84
253 82 85
257 82 86
253 82 87
282 82 88
273 82 89
268 82 90
253 82 91
260 82 92
259 82 93
264 82 94
256 82 95
258 82 96
251 82 97
257 82 98
265 82 99
239 82 100
258 83 1
237 83 2
261 83 3
254 83 4
265 83 5
248 83 6
262 83 7
265 83 8
254 83 9
238 83 10
247 83 11
257 83 12
262 83 13
261 83 14
255 83 15
263 83 16
257 83 17
266 83 18
266 83 19
261 83 20
249 83 21
267 83 22
288 83 23
268 83 24
251 83 25
269 83 26
250 83 27
267 83 28
270 83 29
263 83 30
260 83 31
260 83 32
264 83 33
250 83 34
260 83 35
270 83 36
265 83 37
258 83 38
259 83 39
260 83 40
259 83 41
267 83 42
250 83 43
265 83 44
263 83 45
271 83 46
270 83 47
244 83 48
251 83 49
255 83 50
250 83 51
263 83 52
253 83 53
257 83 54
266 83 55
253 83 56
257 83 57
261 83 58
255 83 59
283 83 60
256 83 61
269 83 62
252 83 63
256 83 64
261 83 65
259 83 66
264 83 67
272 83 68
265 83 69
258 83 70
253 83 71
268 83 72
267 83 73
250 83 74
268 83 75
264 83 76
265 83 77
283 83 78
260 83 79
258 83 80
261 83 81
256 83 82
279 83 83
253 83 84
253 83 85
255 83 86
254 83 87
287 83 88
275 83 89
270 83 90
253 83 91
264 83 92
261 83 93
263 83 94
258 83 95
258 83 96
255 83 97
257 83 98
267 83 99
243 83 100
271 84 1
239 84 2
268 84 3
259 84 4
268 84 5
256 84 6
274 84 7
272 84 8
260 84 9
243 84 10
253 84 11
263 84 12
272 84 13
264 84 14
260 84 15
272 84 16
266 84 17
271 84 18
270 84 19
264 84 20
256 84 21
274 84 22
293 84 23
275 84 24
255 84 25
277 84 26
257 84 27
270 84 28
273 84 29
264 84 30
258 84 31
262 84 32
270 84 33
255 84 34
269 84 35
275 84 36
275 84 37
261 84 38
269 84 39
260 84 40
262 84 41
265 84 42
252 84 43
271 84 44
272 84 45
277 84 46
279 84 47
247 84 48
255 84 49
261 84 50
252 84 51
266 84 52
256 84 53
262 84 54
270 84 55
260 84 56
260 84 57
263 84 58
260 84 59
288 84 60
261 84 61
276 84 62
258 84 63
263 84 64
266 84 65
263 84 66
269 84 67
272 84 68
272 84 69
265 84 70
258 84 71
273 84 72
269 84 73
254 84 74
272 84 75
269 84 76
275 84 77
287 84 78
265 84 79
264 84 80
268 84 81
260 84 82
276 84 83
268 84 84
257 84 85
258 84 86
259 84 87
290 84 88
280 84 89
273 84 90
259 84 91
271 84 92
268 84 93
270 84 94
264 84 95
264 84 96
260 84 97
266 84 98
274 84 99
246 84 100
257 85 1
237 85 2
259 85 3
254 85 4
259 85 5
248 85 6
261 85 7
263 85 8
252 85 9
232 85 10
244 85 11
255 85 12
258 85 13
257 85 14
251 85 15
261 85 16
255 85 17
264 85 18
261 85 19
257 85 20
251 85 21
271 85 22
284 85 23
260 85 24
252 85 25
273 85 26
251 85 27
266 85 28
266 85 29
254 85 30
258 85 31
259 85 32
266 85 33
250 85 34
257 85 35
269 85 36
263 85 37
256 85 38
261 85 39
251 85 40
257 85 41
257 85 42
246 85 43
258 85 44
260 85 45
266 85 46
263 85 47
238 85 48
247 85 49
254 85 50
247 85 51
261 85 52
246 85 53
254 85 54
261 85 55
253 85 56
258 85 57
258 85 58
257 85 59
280 85 60
258 85 61
268 85 62
253 85 63
260 85 64
260 85 65
254 85 66
256 85 67
262 85 68
262 85 69
261 85 70
246 85 71
266 85 72
260 85 73
253 85 74
263 85 75
263 85 76
262 85 77
272 85 78
262 85 79
256 85 80
257 85 81
253 85 82
265 85 83
253 85 84
262 85 85
257 85 86
258 85 87
284 85 88
264 85 89
265 85 90
252 85 91
263 85 92
261 85 93
267 85 94
256 85 95
258 85 96
247 85 97
258 85 98
263 85 99
238 85 100
267 86 1
237 86 2
263 86 3
252 86 4
264 86 5
252 86 6
263 86 7
264 86 8
249 86 9
237 86 10
248 86 11
263 86 12
265 86 13
258 86 14
262 86 15
268 86 16
266 86 17
268 86 18
269 86 19
259 86 20
252 86 21
278 86 22
286 86 23
266 86 24
255 86 25
276 86 26
254 86 27
269 86 28
268 86 29
262 86 30
264 86 31
257 86 32
270 86 33
256 86 34
266 86 35
270 86 36
270 86 37
267 86 38
267 86 39
255 86 40
260 86 41
263 86 42
248 86 43
265 86 44
264 86 45
272 86 46
278 86 47
246 86 48
257 86 49
260 86 50
249 86 51
262 86 52
250 86 53
262 86 54
264 86 55
259 86 56
258 86 57
259 86 58
255 86 59
279 86 60
262 86 61
272 86 62
259 86 63
259 86 64
263 86 65
259 86 66
267 86 67
267 86 68
265 86 69
259 86 70
254 86 71
271 86 72
261 86 73
256 86 74
267 86 75
268 86 76
269 86 77
283 86 78
260 86 79
260 86 80
264 86 81
258 86 82
271 86 83
255 86 84
258 86 85
267 86 86
256 86 87
288 86 88
276 86 89
272 86 90
254 86 91
265 86 92
266 86 93
270 86 94
261 86 95
264 86 96
253 86 97
258 86 98
266 86 99
245 86 100
263 87 1
239 87 2
260 87 3
249 87 4
263 87 5
253 87 6
268 87 7
266 87 8
251 87 9
239 87 10
253 87 11
255 87 12
265 87 13
264 87 14
256 87 15
261 87 16
263 87 17
266 87 18
267 87 19
259 87 20
251 87 21
273 87 22
287 87 23
268 87 24
254 87 25
273 87 26
255 87 27
267 87 28
271 87 29
261 87 30
260 87 31
262 87 32
265 87 33
254 87 34
264 87 35
265 87 36
269 87 37
260 87 38
261 87 39
253 87 40
256 87 41
261 87 42
253 87 43
264 87 44
268 87 45
272 87 46
274 87 47
243 87 48
254 87 49
261 87 50
253 87 51
263 87 52
249 87 53
261 87 54
267 87 55
258 87 56
258 87 57
263 87 58
254 87 59
280 87 60
263 87 61
271 87 62
256 87 63
259 87 64
266 87 65
260 87 66
265 87 67
269 87 68
263 87 69
264 87 70
254 87 71
270 87 72
260 87 73
256 87 74
264 87 75
262 87 76
270 87 77
283 87 78
262 87 79
258 87 80
263 87 81
255 87 82
268 87 83
258 87 84
255 87 85
257 87 86
260 87 87
285 87 88
271 87 89
270 87 90
257 87 91
267 87 92
261 87 93
269 87 94
259 87 95
262 87 96
254 87 97
258 87 98
266 87 99
243 87 100
260 88 1
235 88 2
255 88 3
251 88 4
255 88 5
249 88 6
265 88 7
264 88 8
255 88 9
234 88 10
247 88 11
254 88 12
263 88 13
255 88 14
254 88 15
260 88 16
256 88 17
264 88 18
259 88 19
256 88 20
249 88 21
263 88 22
281 88 23
262 88 24
250 88 25
267 88 26
247 88 27
260 88 28
261 88 29
261 88 30
251 88 31
252 88 32
255 88 33
251 88 34
257 88 35
267 88 36
258 88 37
251 88 38
256 88 39
252 88 40
251 88 41
255 88 42
244 88 43
260 88 44
260 88 45
264 88 46
272 88 47
240 88 48
247 88 49
259 88 50
243 88 51
262 88 52
244 88 53
254 88 54
261 88 55
255 88 56
255 88 57
253 88 58
244 88 59
278 88 60
257 88 61
267 88 62
248 88 63
257 88 64
258 88 65
250 88 66
257 88 67
262 88 68
253 88 69
254 88 70
244 88 71
267 88 72
259 88 73
244 88 74
261 88 75
261 88 76
261 88 77
282 88 78
255 88 79
250 88 80
261 88 81
251 88 82
265 88 83
255 88 84
250 88 85
252 88 86
249 88 87
296 88 88
267 88 89
262 88 90
250 88 91
259 88 92
260 88 93
264 88 94
259 88 95
254 88 96
253 88 97
258 88 98
263 88 99
237 88 100
264 89 1
238 89 2
265 89 3
250 89 4
260 89 5
248 89 6
261 89 7
259 89 8
249 89 9
234 89 10
245 89 11
252 89 12
267 89 13
255 89 14
256 89 15
264 89 16
263 89 17
263 89 18
263 89 19
257 89 20
252 89 21
272 89 22
284 89 23
264 89 24
250 89 25
269 89 26
251 89 27
260 89 28
264 89 29
261 89 30
255 89 31
256 89 32
266 89 33
248 89 34
260 89 35
267 89 36
265 89 37
255 89 38
261 89 39
251 89 40
258 89 41
259 89 42
248 89 43
267 89 44
263 89 45
268 89 46
267 89 47
242 89 48
250 89 49
259 89 50
247 89 51
256 89 52
250 89 53
254 89 54
263 89 55
252 89 56
253 89 57
255 89 58
257 89 59
277 89 60
255 89 61
267 89 62
249 89 63
256 89 64
263 89 65
253 89 66
265 89 67
261 89 68
261 89 69
261 89 70
254 89 71
263 89 72
257 89 73
252 89 74
261 89 75
260 89 76
265 89 77
278 89 78
261 89 79
255 89 80
261 89 81
258 89 82
263 89 83
253 89 84
258 89 85
253 89 86
256 89 87
279 89 88
279 89 89
271 89 90
254 89 91
264 89 92
258 89 93
260 89 94
255 89 95
256 89 96
251 89 97
255 89 98
261 89 99
241 89 100
267 90 1
239 90 2
264 90 3
258 90 4
271 90 5
249 90 6
266 90 7
265 90 8
256 90 9
242 90 10
254 90 11
260 90 12
269 90 13
265 90 14
261 90 15
264 90 16
268 90 17
271 90 18
270 90 19
261 90 20
250 90 21
270 90 22
289 90 23
269 90 24
255 90 25
271 90 26
257 90 27
266 90 28
271 90 29
257 90 30
258 90 31
259 90 32
263 90 33
256 90 34
266 90 35
268 90 36
273 90 37
262 90 38
262 90 39
257 90 40
260 90 41
268 90 42
251 90 43
267 90 44
270 90 45
269 90 46
278 90 47
248 90 48
258 90 49
258 90 50
254 90 51
268 90 52
253 90 53
262 90 54
267 90 55
259 90 56
261 90 57
267 90 58
258 90 59
282 90 60
263 90 61
271 90 62
256 90 63
257 90 64
264 90 65
259 90 66
270 90 67
271 90 68
264 90 69
262 90 70
257 90 71
270 90 72
266 90 73
254 90 74
270 90 75
266 90 76
268 90 77
284 90 78
260 90 79
261 90 80
263 90 81
257 90 82
272 90 83
259 90 84
259 90 85
257 90 86
258 90 87
286 90 88
274 90 89
280 90 90
259 90 91
268 90 92
268 90 93
267 90 94
258 90 95
264 90 96
258 90 97
260 90 98
268 90 99
248 90 100
258 91 1
238 91 2
255 91 3
252 91 4
262 91 5
250 91 6
259 91 7
267 91 8
247 91 9
226 91 10
250 91 11
253 91 12
264 91 13
260 91 14
256 91 15
263 91 16
263 91 17
265 91 18
260 91 19
258 91 20
244 91 21
270 91 22
284 91 23
260 91 24
249 91 25
266 91 26
248 91 27
260 91 28
261 91 29
254 91 30
255 91 31
255 91 32
259 91 33
256 91 34
257 91 35
266 91 36
266 91 37
254 91 38
260 91 39
249 91 40
258 91 41
258 91 42
247 91 43
261 91 44
263 91 45
265 91 46
271 91 47
242 91 48
251 91 49
251 91 50
244 91 51
260 91 52
249 91 53
254 91 54
257 91 55
253 91 56
257 91 57
255 91 58
253 91 59
275 91 60
253 91 61
263 91 62
251 91 63
255 91 64
260 91 65
251 91 66
259 91 67
264 91 68
262 91 69
259 91 70
253 91 71
268 91 72
258 91 73
247 91 74
264 91 75
259 91 76
260 91 77
281 91 78
257 91 79
258 91 80
258 91 81
251 91 82
270 91 83
248 91 84
255 91 85
255 91 86
251 91 87
283 91 88
267 91 89
272 91 90
265 91 91
262 91 92
259 91 93
258 91 94
254 91 95
254 91 96
248 91 97
262 91 98
257 91 99
243 91 100
261 92 1
236 92 2
262 92 3
254 92 4
267 92 5
250 92 6
270 92 7
269 92 8
251 92 9
241 92 10
252 92 11
262 92 12
269 92 13
262 92 14
258 92 15
269 92 16
258 92 17
269 92 18
266 92 19
261 92 20
250 92 21
273 92 22
295 92 23
270 92 24
252 92 25
274 92 26
254 92 27
267 92 28
270 92 29
262 92 30
256 92 31
262 92 32
265 92 33
252 92 34
264 92 35
270 92 36
269 92 37
258 92 38
263 92 39
257 92 40
257 92 41
260 92 42
248 92 43
270 92 44
265 92 45
271 92 46
276 92 47
246 92 48
252 92 49
261 92 50
254 92 51
265 92 52
252 92 53
261 92 54
265 92 55
259 92 56
259 92 57
261 92 58
256 92 59
285 92 60
259 92 61
272 92 62
255 92 63
263 92 64
265 92 65
256 92 66
263 92 67
271 92 68
267 92 69
264 92 70
255 92 71
273 92 72
260 92 73
256 92 74
265 92 75
269 92 76
272 92 77
282 92 78
262 92 79
257 92 80
266 92 81
255 92 82
270 92 83
257 92 84
258 92 85
258 92 86
257 92 87
287 92 88
272 92 89
270 92 90
255 92 91
275 92 92
263 92 93
266 92 94
257 92 95
261 92 96
251 92 97
258 92 98
267 92 99
243 92 100
265 93 1
241 93 2
266 93 3
255 93 4
268 93 5
254 93 6
270 93 7
266 93 8
254 93 9
238 93 10
254 93 11
265 93 12
271 93 13
266 93 14
261 93 15
269 93 16
268 93 17
277 93 18
271 93 19
262 93 20
254 93 21
279 93 22
293 93 23
273 93 24
259 93 25
275 93 26
257 93 27
266 93 28
273 93 29
267 93 30
261 93 31
263 93 32
269 93 33
257 93 34
267 93 35
274 93 36
273 93 37
266 93 38
266 93 39
258 93 40
265 93 41
267 93 42
250 93 43
269 93 44
266 93 45
275 93 46
279 93 47
248 93 48
258 93 49
260 93 50
251 93 51
268 93 52
252 93 53
266 93 54
269 93 55
263 93 56
264 93 57
265 93 58
258 93 59
281 93 60
264 93 61
273 93 62
260 93 63
264 93 64
269 93 65
260 93 66
268 93 67
270 93 68
268 93 69
263 93 70
259 93 71
277 93 72
264 93 73
256 93 74
270 93 75
269 93 76
267 93 77
287 93 78
263 93 79
260 93 80
271 93 81
260 93 82
274 93 83
258 93 84
262 93 85
260 93 86
259 93 87
287 93 88
277 93 89
274 93 90
260 93 91
269 93 92
274 93 93
267 93 94
263 93 95
262 93 96
257 93 97
262 93 98
273 93 99
249 93 100
257 94 1
223 94 2
257 94 3
244 94 4
255 94 5
239 94 6
257 94 7
258 94 8
242 94 9
233 94 10
236 94 11
245 94 12
253 94 13
246 94 14
247 94 15
258 94 16
250 94 17
253 94 18
255 94 19
247 94 20
235 94 21
256 94 22
279 94 23
259 94 24
249 94 25
255 94 26
236 94 27
253 94 28
264 94 29
243 94 30
246 94 31
246 94 32
256 94 33
239 94 34
252 94 35
256 94 36
259 94 37
248 94 38
252 94 39
245 94 40
245 94 41
254 94 42
233 94 43
246 94 44
252 94 45
263 94 46
263 94 47
231 94 48
236 94 49
248 94 50
235 94 51
253 94 52
242 94 53
247 94 54
255 94 55
244 94 56
251 94 57
252 94 58
242 94 59
265 94 60
244 94 61
262 94 62
243 94 63
247 94 64
251 94 65
251 94 66
252 94 67
250 94 68
253 94 69
249 94 70
238 94 71
254 94 72
253 94 73
246 94 74
261 94 75
250 94 76
257 94 77
268 94 78
250 94 79
244 94 80
249 94 81
248 94 82
257 94 83
244 94 84
245 94 85
243 94 86
246 94 87
275 94 88
265 94 89
260 94 90
241 94 91
255 94 92
248 94 93
275 94 94
252 94 95
249 94 96
241 94 97
248 94 98
255 94 99
229 94 100
264 95 1
229 95 2
261 95 3
249 95 4
258 95 5
252 95 6
266 95 7
261 95 8
251 95 9
233 95 10
246 95 11
257 95 12
263 95 13
253 95 14
254 95 15
258 95 16
258 95 17
265 95 18
258 95 19
259 95 20
251 95 21
264 95 22
285 95 23
267 95 24
247 95 25
269 95 26
240 95 27
259 95 28
265 95 29
252 95 30
251 95 31
257 95 32
259 95 33
247 95 34
254 95 35
261 95 36
266 95 37
250 95 38
263 95 39
255 95 40
249 95 41
253 95 42
249 95 43
257 95 44
258 95 45
266 95 46
269 95 47
237 95 48
248 95 49
257 95 50
243 95 51
258 95 52
243 95 53
254 95 54
258 95 55
255 95 56
249 95 57
253 95 58
253 95 59
276 95 60
253 95 61
267 95 62
249 95 63
258 95 64
259 95 65
252 95 66
255 95 67
257 95 68
258 95 69
258 95 70
245 95 71
264 95 72
255 95 73
243 95 74
260 95 75
259 95 76
263 95 77
276 95 78
256 95 79
248 95 80
260 95 81
254 95 82
259 95 83
253 95 84
249 95 85
248 95 86
255 95 87
286 95 88
263 95 89
262 95 90
248 95 91
260 95 92
258 95 93
263 95 94
270 95 95
261 95 96
250 95 97
256 95 98
258 95 99
237 95 100
251 96 1
231 96 2
250 96 3
246 96 4
255 96 5
242 96 6
254 96 7
255 96 8
243 96 9
229 96 10
241 96 11
255 96 12
258 96 13
251 96 14
253 96 15
260 96 16
257 96 17
255 96 18
255 96 19
252 96 20
240 96 21
258 96 22
283 96 23
261 96 24
245 96 25
262 96 26
249 96 27
260 96 28
258 96 29
251 96 30
249 96 31
250 96 32
254 96 33
248 96 34
255 96 35
260 96 36
265 96 37
255 96 38
249 96 39
249 96 40
248 96 41
256 96 42
240 96 43
257 96 44
251 96 45
263 96 46
265 96 47
236 96 48
239 96 49
251 96 50
238 96 51
260 96 52
239 96 53
247 96 54
257 96 55
256 96 56
253 96 57
252 96 58
250 96 59
272 96 60
254 96 61
264 96 62
248 96 63
250 96 64
256 96 65
253 96 66
255 96 67
259 96 68
254 96 69
250 96 70
243 96 71
261 96 72
254 96 73
247 96 74
258 96 75
257 96 76
257 96 77
279 96 78
248 96 79
251 96 80
252 96 81
247 96 82
261 96 83
248 96 84
247 96 85
250 96 86
251 96 87
275 96 88
269 96 89
265 96 90
241 96 91
255 96 92
254 96 93
258 96 94
249 96 95
270 96 96
243 96 97
251 96 98
258 96 99
240 96 100
264 97 1
238 97 2
266 97 3
255 97 4
268 97 5
257 97 6
271 97 7
267 97 8
258 97 9
237 97 10
250 97 11
264 97 12
270 97 13
261 97 14
261 97 15
268 97 16
261 97 17
267 97 18
269 97 19
258 97 20
253 97 21
273 97 22
289 97 23
266 97 24
251 97 25
274 97 26
256 97 27
266 97 28
267 97 29
262 97 30
259 97 31
259 97 32
267 97 33
258 97 34
262 97 35
274 97 36
272 97 37
261 97 38
260 97 39
260 97 40
261 97 41
262 97 42
250 97 43
269 97 44
266 97 45
270 97 46
276 97 47
247 97 48
257 97 49
260 97 50
253 97 51
265 97 52
254 97 53
262 97 54
269 97 55
260 97 56
260 97 57
262 97 58
260 97 59
280 97 60
263 97 61
271 97 62
258 97 63
262 97 64
262 97 65
260 97 66
263 97 67
270 97 68
263 97 69
266 97 70
256 97 71
269 97 72
266 97 73
254 97 74
264 97 75
262 97 76
267 97 77
281 97 78
262 97 79
264 97 80
267 97 81
258 97 82
273 97 83
257 97 84
259 97 85
260 97 86
260 97 87
288 97 88
277 97 89
273 97 90
256 97 91
268 97 92
267 97 93
265 97 94
258 97 95
260 97 96
263 97 97
261 97 98
272 97 99
243 97 100
266 98 1
240 98 2
260 98 3
252 98 4
259 98 5
254 98 6
267 98 7
266 98 8
254 98 9
235 98 10
247 98 11
257 98 12
268 98 13
256 98 14
257 98 15
264 98 16
261 98 17
269 98 18
261 98 19
258 98 20
247 98 21
271 98 22
286 98 23
267 98 24
254 98 25
277 98 26
249 98 27
262 98 28
271 98 29
258 98 30
256 98 31
256 98 32
260 98 33
251 98 34
263 98 35
272 98 36
268 98 37
262 98 38
261 98 39
255 98 40
262 98 41
263 98 42
250 98 43
262 98 44
265 98 45
269 98 46
273 98 47
248 98 48
252 98 49
257 98 50
247 98 51
264 98 52
250 98 53
259 98 54
261 98 55
261 98 56
260 98 57
261 98 58
257 98 59
280 98 60
257 98 61
268 98 62
251 98 63
260 98 64
261 98 65
257 98 66
265 98 67
267 98 68
261 98 69
263 98 70
252 98 71
271 98 72
262 98 73
248 98 74
268 98 75
259 98 76
262 98 77
286 98 78
259 98 79
254 98 80
260 98 81
252 98 82
263 98 83
255 98 84
255 98 85
254 98 86
257 98 87
287 98 88
272 98 89
268 98 90
258 98 91
264 98 92
262 98 93
262 98 94
260 98 95
263 98 96
252 98 97
269 98 98
266 98 99
242 98 100
260 99 1
229 99 2
258 99 3
243 99 4
260 99 5
247 99 6
262 99 7
259 99 8
246 99 9
236 99 10
242 99 11
257 99 12
262 99 13
252 99 14
248 99 15
260 99 16
259 99 17
261 99 18
261 99 19
257 99 20
242 99 21
266 99 22
285 99 23
263 99 24
246 99 25
268 99 26
248 99 27
256 99 28
268 99 29
254 99 30
253 99 31
258 99 32
261 99 33
247 99 34
256 99 35
265 99 36
264 99 37
252 99 38
258 99 39
247 99 40
253 99 41
254 99 42
247 99 43
263 99 44
262 99 45
269 99 46
270 99 47
242 99 48
242 99 49
257 99 50
246 99 51
261 99 52
244 99 53
256 99 54
263 99 55
256 99 56
255 99 57
255 99 58
253 99 59
279 99 60
250 99 61
271 99 62
249 99 63
254 99 64
254 99 65
257 99 66
257 99 67
259 99 68
263 99 69
260 99 70
249 99 71
266 99 72
256 99 73
251 99 74
257 99 75
259 99 76
263 99 77
275 99 78
255 99 79
250 99 80
256 99 81
249 99 82
266 99 83
253 99 84
252 99 85
253 99 86
253 99 87
288 99 88
267 99 89
260 99 90
245 99 91
260 99 92
260 99 93
258 99 94
257 99 95
257 99 96
249 99 97
257 99 98
276 99 99
241 99 100
266 100 1
235 100 2
257 100 3
251 100 4
265 100 5
254 100 6
263 100 7
262 100 8
249 100 9
239 100 10
249 100 11
260 100 12
264 100 13
260 100 14
258 100 15
269 100 16
262 100 17
269 100 18
264 100 19
259 100 20
251 100 21
273 100 22
287 100 23
269 100 24
251 100 25
272 100 26
252 100 27
264 100 28
266 100 29
256 100 30
259 100 31
262 100 32
264 100 33
253 100 34
262 100 35
266 100 36
266 100 37
253 100 38
261 100 39
255 100 40
257 100 41
259 100 42
251 100 43
267 100 44
268 100 45
268 100 46
273 100 47
247 100 48
253 100 49
255 100 50
245 100 51
263 100 52
247 100 53
264 100 54
264 100 55
257 100 56
257 100 57
261 100 58
254 100 59
277 100 60
259 100 61
267 100 62
256 100 63
255 100 64
263 100 65
258 100 66
262 100 67
266 100 68
267 100 69
257 100 70
254 100 71
268 100 72
261 100 73
250 100 74
266 100 75
264 100 76
266 100 77
283 100 78
256 100 79
253 100 80
265 100 81
252 100 82
269 100 83
255 100 84
255 100 85
255 100 86
257 100 87
287 100 88
272 100 89
274 100 90
253 100 91
265 100 92
264 100 93
262 100 94
259 100 95
257 100 96
255 100 97
260 100 98
262 100 99
253 100 100
