193 1 1
191 1 2
184 1 3
189 1 4
190 1 5
186 1 6
185 1 7
183 1 8
197 1 9
180 1 10
183 1 11
185 1 12
186 1 13
185 1 14
187 1 15
187 1 16
189 1 17
180 1 18
195 1 19
181 1 20
186 1 21
178 1 22
184 1 23
187 1 24
191 1 25
185 1 26
185 1 27
181 1 28
186 1 29
190 1 30
183 1 31
195 1 32
183 1 33
186 1 34
182 1 35
190 1 36
186 1 37
188 1 38
181 1 39
182 1 40
193 1 41
189 1 42
174 1 43
182 1 44
184 1 45
193 1 46
189 1 47
193 1 48
189 1 49
187 1 50
188 1 51
182 1 52
192 1 53
186 1 54
181 1 55
183 1 56
188 1 57
192 1 58
190 1 59
181 1 60
190 1 61
187 1 62
186 1 63
182 1 64
185 1 65
183 1 66
188 1 67
178 1 68
184 1 69
187 1 70
184 1 71
187 1 72
179 1 73
195 1 74
188 1 75
180 1 76
197 1 77
192 1 78
190 1 79
186 1 80
190 1 81
184 1 82
187 1 83
190 1 84
188 1 85
191 1 86
192 1 87
187 1 88
184 1 89
178 1 90
185 1 91
188 1 92
183 1 93
180 1 94
184 1 95
182 1 96
177 1 97
187 1 98
195 1 99
182 1 100
194 2 1
194 2 2
186 2 3
191 2 4
191 2 5
189 2 6
188 2 7
183 2 8
198 2 9
180 2 10
185 2 11
189 2 12
189 2 13
187 2 14
189 2 15
189 2 16
192 2 17
183 2 18
197 2 19
183 2 20
188 2 21
179 2 22
185 2 23
189 2 24
194 2 25
186 2 26
188 2 27
182 2 28
189 2 29
194 2 30
186 2 31
197 2 32
187 2 33
189 2 34
184 2 35
193 2 36
190 2 37
191 2 38
184 2 39
185 2 40
197 2 41
191 2 42
175 2 43
184 2 44
187 2 45
196 2 46
191 2 47
197 2 48
191 2 49
188 2 50
192 2 51
184 2 52
195 2 53
188 2 54
181 2 55
185 2 56
190 2 57
193 2 58
193 2 59
183 2 60
193 2 61
189 2 62
189 2 63
184 2 64
188 2 65
185 2 66
191 2 67
179 2 68
187 2 69
190 2 70
188 2 71
189 2 72
182 2 73
197 2 74
189 2 75
183 2 76
197 2 77
193 2 78
193 2 79
187 2 80
192 2 81
188 2 82
187 2 83
190 2 84
191 2 85
193 2 86
195 2 87
187 2 88
186 2 89
180 2 90
187 2 91
190 2 92
185 2 93
183 2 94
186 2 95
184 2 96
178 2 97
190 2 98
198 2 99
185 2 100
196 3 1
195 3 2
191 3 3
193 3 4
197 3 5
195 3 6
190 3 7
184 3 8
198 3 9
181 3 10
192 3 11
196 3 12
192 3 13
188 3 14
194 3 15
190 3 16
198 3 17
188 3 18
199 3 19
185 3 20
190 3 21
184 3 22
187 3 23
189 3 24
197 3 25
187 3 26
198 3 27
183 3 28
190 3 29
200 3 30
191 3 31
198 3 32
189 3 33
197 3 34
189 3 35
200 3 36
192 3 37
194 3 38
185 3 39
193 3 40
198 3 41
194 3 42
176 3 43
189 3 44
193 3 45
200 3 46
193 3 47
202 3 48
195 3 49
191 3 50
193 3 51
189 3 52
196 3 53
195 3 54
182 3 55
189 3 56
192 3 57
196 3 58
197 3 59
184 3 60
201 3 61
191 3 62
197 3 63
188 3 64
190 3 65
186 3 66
192 3 67
180 3 68
191 3 69
193 3 70
192 3 71
190 3 72
186 3 73
198 3 74
190 3 75
185 3 76
198 3 77
193 3 78
198 3 79
187 3 80
195 3 81
190 3 82
188 3 83
191 3 84
199 3 85
197 3 86
201 3 87
188 3 88
189 3 89
185 3 90
189 3 91
191 3 92
192 3 93
184 3 94
192 3 95
185 3 96
179 3 97
191 3 98
202 3 99
191 3 100
196 4 1
195 4 2
189 4 3
193 4 4
195 4 5
192 4 6
190 4 7
184 4 8
198 4 9
181 4 10
189 4 11
192 4 12
192 4 13
188 4 14
192 4 15
190 4 16
196 4 17
188 4 18
199 4 19
185 4 20
191 4 21
183 4 22
188 4 23
190 4 24
198 4 25
187 4 26
192 4 27
183 4 28
190 4 29
196 4 30
189 4 31
199 4 32
189 4 33
193 4 34
188 4 35
196 4 36
192 4 37
193 4 38
186 4 39
188 4 40
199 4 41
193 4 42
177 4 43
189 4 44
191 4 45
200 4 46
193 4 47
201 4 48
194 4 49
191 4 50
192 4 51
187 4 52
196 4 53
191 4 54
182 4 55
189 4 56
192 4 57
196 4 58
198 4 59
184 4 60
197 4 61
191 4 62
192 4 63
186 4 64
190 4 65
186 4 66
193 4 67
181 4 68
190 4 69
194 4 70
190 4 71
191 4 72
185 4 73
199 4 74
191 4 75
186 4 76
198 4 77
194 4 78
195 4 79
187 4 80
195 4 81
191 4 82
189 4 83
191 4 84
196 4 85
197 4 86
198 4 87
188 4 88
190 4 89
184 4 90
190 4 91
191 4 92
189 4 93
184 4 94
189 4 95
186 4 96
179 4 97
191 4 98
201 4 99
188 4 100
195 5 1
194 5 2
190 5 3
193 5 4
196 5 5
194 5 6
189 5 7
184 5 8
197 5 9
181 5 10
191 5 11
196 5 12
193 5 13
187 5 14
193 5 15
190 5 16
198 5 17
189 5 18
198 5 19
184 5 20
191 5 21
184 5 22
188 5 23
189 5 24
197 5 25
186 5 26
194 5 27
182 5 28
189 5 29
198 5 30
191 5 31
198 5 32
189 5 33
195 5 34
189 5 35
198 5 36
191 5 37
193 5 38
186 5 39
190 5 40
198 5 41
195 5 42
176 5 43
190 5 44
193 5 45
201 5 46
192 5 47
203 5 48
194 5 49
191 5 50
192 5 51
189 5 52
195 5 53
192 5 54
181 5 55
189 5 56
191 5 57
196 5 58
198 5 59
184 5 60
199 5 61
190 5 62
196 5 63
187 5 64
189 5 65
186 5 66
193 5 67
180 5 68
190 5 69
193 5 70
191 5 71
190 5 72
186 5 73
198 5 74
190 5 75
185 5 76
197 5 77
193 5 78
197 5 79
186 5 80
194 5 81
190 5 82
189 5 83
190 5 84
200 5 85
197 5 86
200 5 87
188 5 88
190 5 89
186 5 90
190 5 91
190 5 92
193 5 93
183 5 94
191 5 95
185 5 96
179 5 97
191 5 98
201 5 99
191 5 100
194 6 1
193 6 2
189 6 3
191 6 4
195 6 5
194 6 6
188 6 7
183 6 8
195 6 9
178 6 10
188 6 11
194 6 12
191 6 13
186 6 14
193 6 15
188 6 16
195 6 17
188 6 18
196 6 19
182 6 20
188 6 21
183 6 22
186 6 23
189 6 24
196 6 25
185 6 26
191 6 27
180 6 28
188 6 29
196 6 30
189 6 31
196 6 32
188 6 33
193 6 34
189 6 35
195 6 36
191 6 37
192 6 38
185 6 39
189 6 40
197 6 41
192 6 42
176 6 43
188 6 44
194 6 45
198 6 46
190 6 47
200 6 48
192 6 49
189 6 50
191 6 51
188 6 52
194 6 53
191 6 54
181 6 55
188 6 56
191 6 57
195 6 58
195 6 59
182 6 60
195 6 61
189 6 62
193 6 63
187 6 64
188 6 65
185 6 66
191 6 67
178 6 68
189 6 69
192 6 70
190 6 71
188 6 72
185 6 73
197 6 74
188 6 75
184 6 76
195 6 77
192 6 78
195 6 79
186 6 80
193 6 81
189 6 82
186 6 83
190 6 84
198 6 85
197 6 86
199 6 87
186 6 88
187 6 89
183 6 90
190 6 91
189 6 92
190 6 93
182 6 94
189 6 95
185 6 96
177 6 97
189 6 98
201 6 99
188 6 100
196 7 1
195 7 2
189 7 3
193 7 4
194 7 5
191 7 6
190 7 7
184 7 8
198 7 9
181 7 10
188 7 11
192 7 12
191 7 13
188 7 14
192 7 15
190 7 16
196 7 17
187 7 18
199 7 19
185 7 20
191 7 21
182 7 22
188 7 23
190 7 24
198 7 25
187 7 26
191 7 27
183 7 28
190 7 29
195 7 30
188 7 31
199 7 32
189 7 33
192 7 34
188 7 35
196 7 36
191 7 37
193 7 38
186 7 39
188 7 40
198 7 41
193 7 42
177 7 43
188 7 44
191 7 45
199 7 46
193 7 47
201 7 48
193 7 49
191 7 50
192 7 51
187 7 52
196 7 53
190 7 54
182 7 55
189 7 56
192 7 57
196 7 58
197 7 59
184 7 60
196 7 61
191 7 62
192 7 63
186 7 64
190 7 65
186 7 66
193 7 67
181 7 68
190 7 69
193 7 70
189 7 71
191 7 72
185 7 73
199 7 74
191 7 75
186 7 76
198 7 77
194 7 78
194 7 79
187 7 80
195 7 81
191 7 82
189 7 83
191 7 84
195 7 85
196 7 86
197 7 87
188 7 88
189 7 89
183 7 90
190 7 91
191 7 92
188 7 93
184 7 94
189 7 95
186 7 96
179 7 97
191 7 98
200 7 99
187 7 100
195 8 1
195 8 2
187 8 3
192 8 4
193 8 5
191 8 6
189 8 7
184 8 8
198 8 9
181 8 10
187 8 11
190 8 12
190 8 13
188 8 14
190 8 15
189 8 16
194 8 17
185 8 18
197 8 19
185 8 20
190 8 21
182 8 22
188 8 23
190 8 24
196 8 25
187 8 26
189 8 27
183 8 28
190 8 29
194 8 30
187 8 31
199 8 32
187 8 33
191 8 34
187 8 35
194 8 36
189 8 37
192 8 38
186 8 39
187 8 40
197 8 41
192 8 42
177 8 43
187 8 44
189 8 45
197 8 46
192 8 47
199 8 48
192 8 49
190 8 50
191 8 51
186 8 52
195 8 53
189 8 54
182 8 55
188 8 56
191 8 57
195 8 58
195 8 59
184 8 60
195 8 61
190 8 62
190 8 63
185 8 64
188 8 65
186 8 66
193 8 67
181 8 68
188 8 69
192 8 70
188 8 71
191 8 72
183 8 73
199 8 74
191 8 75
186 8 76
198 8 77
194 8 78
193 8 79
187 8 80
193 8 81
189 8 82
189 8 83
191 8 84
193 8 85
195 8 86
195 8 87
188 8 88
188 8 89
181 8 90
189 8 91
191 8 92
187 8 93
183 8 94
187 8 95
186 8 96
179 8 97
189 8 98
198 8 99
186 8 100
195 9 1
194 9 2
187 9 3
192 9 4
194 9 5
191 9 6
188 9 7
184 9 8
198 9 9
181 9 10
189 9 11
190 9 12
191 9 13
188 9 14
190 9 15
189 9 16
194 9 17
186 9 18
198 9 19
184 9 20
189 9 21
182 9 22
187 9 23
190 9 24
196 9 25
187 9 26
190 9 27
183 9 28
190 9 29
195 9 30
189 9 31
199 9 32
188 9 33
191 9 34
187 9 35
194 9 36
191 9 37
191 9 38
186 9 39
187 9 40
198 9 41
191 9 42
177 9 43
188 9 44
189 9 45
199 9 46
193 9 47
199 9 48
192 9 49
190 9 50
191 9 51
185 9 52
194 9 53
191 9 54
182 9 55
188 9 56
190 9 57
195 9 58
196 9 59
184 9 60
195 9 61
189 9 62
191 9 63
184 9 64
189 9 65
186 9 66
192 9 67
181 9 68
188 9 69
192 9 70
188 9 71
190 9 72
184 9 73
199 9 74
191 9 75
185 9 76
198 9 77
194 9 78
194 9 79
187 9 80
193 9 81
189 9 82
189 9 83
191 9 84
194 9 85
195 9 86
196 9 87
188 9 88
189 9 89
183 9 90
188 9 91
191 9 92
188 9 93
182 9 94
187 9 95
186 9 96
179 9 97
190 9 98
200 9 99
186 9 100
194 10 1
191 10 2
185 10 3
187 10 4
190 10 5
188 10 6
189 10 7
183 10 8
195 10 9
181 10 10
184 10 11
185 10 12
190 10 13
185 10 14
188 10 15
188 10 16
191 10 17
181 10 18
195 10 19
180 10 20
186 10 21
177 10 22
184 10 23
185 10 24
192 10 25
184 10 26
186 10 27
182 10 28
188 10 29
192 10 30
182 10 31
196 10 32
184 10 33
186 10 34
183 10 35
191 10 36
186 10 37
190 10 38
182 10 39
182 10 40
193 10 41
189 10 42
173 10 43
184 10 44
186 10 45
194 10 46
190 10 47
195 10 48
189 10 49
186 10 50
191 10 51
184 10 52
192 10 53
187 10 54
181 10 55
183 10 56
189 10 57
190 10 58
190 10 59
182 10 60
191 10 61
188 10 62
186 10 63
184 10 64
185 10 65
184 10 66
187 10 67
176 10 68
186 10 69
188 10 70
185 10 71
186 10 72
180 10 73
194 10 74
187 10 75
181 10 76
197 10 77
190 10 78
192 10 79
185 10 80
192 10 81
185 10 82
185 10 83
189 10 84
189 10 85
192 10 86
193 10 87
186 10 88
182 10 89
178 10 90
185 10 91
188 10 92
181 10 93
179 10 94
184 10 95
184 10 96
178 10 97
187 10 98
196 10 99
183 10 100
195 11 1
194 11 2
190 11 3
193 11 4
196 11 5
194 11 6
189 11 7
184 11 8
197 11 9
180 11 10
191 11 11
195 11 12
191 11 13
187 11 14
193 11 15
189 11 16
197 11 17
188 11 18
197 11 19
184 11 20
190 11 21
183 11 22
186 11 23
190 11 24
196 11 25
185 11 26
195 11 27
182 11 28
188 11 29
198 11 30
190 11 31
198 11 32
188 11 33
196 11 34
190 11 35
200 11 36
191 11 37
193 11 38
184 11 39
192 11 40
199 11 41
194 11 42
175 11 43
188 11 44
192 11 45
199 11 46
191 11 47
202 11 48
194 11 49
190 11 50
192 11 51
190 11 52
194 11 53
192 11 54
181 11 55
190 11 56
190 11 57
195 11 58
197 11 59
182 11 60
202 11 61
190 11 62
197 11 63
187 11 64
188 11 65
185 11 66
192 11 67
181 11 68
191 11 69
192 11 70
190 11 71
190 11 72
186 11 73
198 11 74
189 11 75
185 11 76
196 11 77
193 11 78
197 11 79
185 11 80
193 11 81
190 11 82
187 11 83
189 11 84
200 11 85
196 11 86
199 11 87
186 11 88
189 11 89
185 11 90
188 11 91
191 11 92
192 11 93
182 11 94
190 11 95
184 11 96
178 11 97
189 11 98
200 11 99
191 11 100
196 12 1
195 12 2
191 12 3
193 12 4
197 12 5
195 12 6
190 12 7
184 12 8
198 12 9
181 12 10
193 12 11
197 12 12
193 12 13
188 12 14
194 12 15
190 12 16
199 12 17
189 12 18
199 12 19
185 12 20
191 12 21
185 12 22
188 12 23
190 12 24
198 12 25
187 12 26
197 12 27
183 12 28
190 12 29
201 12 30
192 12 31
199 12 32
190 12 33
199 12 34
190 12 35
200 12 36
192 12 37
194 12 38
186 12 39
193 12 40
199 12 41
195 12 42
177 12 43
190 12 44
194 12 45
201 12 46
193 12 47
203 12 48
195 12 49
191 12 50
193 12 51
190 12 52
196 12 53
195 12 54
182 12 55
190 12 56
192 12 57
196 12 58
198 12 59
184 12 60
202 12 61
191 12 62
199 12 63
188 12 64
190 12 65
186 12 66
193 12 67
181 12 68
191 12 69
194 12 70
192 12 71
191 12 72
187 12 73
199 12 74
191 12 75
186 12 76
198 12 77
194 12 78
198 12 79
187 12 80
195 12 81
191 12 82
189 12 83
191 12 84
200 12 85
198 12 86
201 12 87
188 12 88
190 12 89
186 12 90
190 12 91
191 12 92
193 12 93
184 12 94
192 12 95
186 12 96
179 12 97
191 12 98
202 12 99
192 12 100
194 13 1
194 13 2
190 13 3
192 13 4
195 13 5
193 13 6
189 13 7
182 13 8
196 13 9
179 13 10
192 13 11
196 13 12
193 13 13
186 13 14
194 13 15
188 13 16
198 13 17
188 13 18
197 13 19
184 13 20
190 13 21
185 13 22
187 13 23
188 13 24
197 13 25
185 13 26
195 13 27
182 13 28
188 13 29
200 13 30
191 13 31
198 13 32
189 13 33
197 13 34
189 13 35
199 13 36
190 13 37
193 13 38
186 13 39
190 13 40
198 13 41
193 13 42
175 13 43
189 13 44
193 13 45
201 13 46
191 13 47
202 13 48
193 13 49
190 13 50
191 13 51
188 13 52
195 13 53
192 13 54
180 13 55
189 13 56
190 13 57
196 13 58
196 13 59
182 13 60
201 13 61
189 13 62
197 13 63
187 13 64
189 13 65
185 13 66
192 13 67
180 13 68
190 13 69
192 13 70
191 13 71
190 13 72
186 13 73
199 13 74
190 13 75
186 13 76
197 13 77
193 13 78
197 13 79
185 13 80
193 13 81
190 13 82
187 13 83
190 13 84
200 13 85
196 13 86
200 13 87
187 13 88
190 13 89
185 13 90
189 13 91
190 13 92
192 13 93
183 13 94
192 13 95
184 13 96
178 13 97
190 13 98
201 13 99
191 13 100
192 14 1
191 14 2
186 14 3
187 14 4
192 14 5
189 14 6
186 14 7
178 14 8
195 14 9
178 14 10
184 14 11
187 14 12
187 14 13
188 14 14
188 14 15
184 14 16
192 14 17
184 14 18
194 14 19
181 14 20
186 14 21
179 14 22
183 14 23
185 14 24
193 14 25
183 14 26
189 14 27
179 14 28
185 14 29
192 14 30
187 14 31
195 14 32
184 14 33
191 14 34
184 14 35
190 14 36
189 14 37
190 14 38
182 14 39
185 14 40
195 14 41
189 14 42
173 14 43
183 14 44
188 14 45
196 14 46
188 14 47
197 14 48
191 14 49
186 14 50
187 14 51
183 14 52
191 14 53
189 14 54
178 14 55
187 14 56
188 14 57
190 14 58
191 14 59
180 14 60
192 14 61
186 14 62
189 14 63
181 14 64
187 14 65
180 14 66
189 14 67
176 14 68
185 14 69
187 14 70
188 14 71
185 14 72
180 14 73
194 14 74
186 14 75
180 14 76
194 14 77
189 14 78
192 14 79
183 14 80
195 14 81
186 14 82
185 14 83
186 14 84
195 14 85
192 14 86
196 14 87
182 14 88
185 14 89
180 14 90
185 14 91
186 14 92
185 14 93
180 14 94
187 14 95
182 14 96
173 14 97
186 14 98
195 14 99
183 14 100
195 15 1
194 15 2
190 15 3
192 15 4
197 15 5
194 15 6
190 15 7
184 15 8
197 15 9
181 15 10
190 15 11
195 15 12
193 15 13
188 15 14
193 15 15
189 15 16
198 15 17
188 15 18
198 15 19
185 15 20
190 15 21
185 15 22
187 15 23
189 15 24
197 15 25
187 15 26
194 15 27
183 15 28
189 15 29
197 15 30
191 15 31
198 15 32
190 15 33
195 15 34
189 15 35
199 15 36
191 15 37
194 15 38
185 15 39
191 15 40
198 15 41
194 15 42
176 15 43
189 15 44
194 15 45
201 15 46
193 15 47
202 15 48
194 15 49
191 15 50
193 15 51
189 15 52
195 15 53
192 15 54
181 15 55
189 15 56
191 15 57
196 15 58
198 15 59
183 15 60
198 15 61
190 15 62
194 15 63
187 15 64
189 15 65
186 15 66
192 15 67
181 15 68
191 15 69
194 15 70
191 15 71
190 15 72
187 15 73
198 15 74
190 15 75
185 15 76
197 15 77
193 15 78
198 15 79
186 15 80
194 15 81
190 15 82
188 15 83
190 15 84
198 15 85
197 15 86
201 15 87
187 15 88
190 15 89
186 15 90
190 15 91
190 15 92
191 15 93
184 15 94
192 15 95
186 15 96
178 15 97
191 15 98
201 15 99
190 15 100
195 16 1
194 16 2
189 16 3
192 16 4
193 16 5
189 16 6
189 16 7
184 16 8
196 16 9
179 16 10
186 16 11
192 16 12
190 16 13
188 16 14
192 16 15
188 16 16
195 16 17
186 16 18
197 16 19
183 16 20
190 16 21
182 16 22
187 16 23
188 16 24
196 16 25
185 16 26
191 16 27
181 16 28
188 16 29
194 16 30
188 16 31
197 16 32
189 16 33
191 16 34
187 16 35
196 16 36
191 16 37
193 16 38
185 16 39
189 16 40
197 16 41
193 16 42
175 16 43
189 16 44
190 16 45
199 16 46
192 16 47
200 16 48
191 16 49
190 16 50
193 16 51
187 16 52
194 16 53
188 16 54
181 16 55
187 16 56
190 16 57
195 16 58
196 16 59
182 16 60
196 16 61
190 16 62
192 16 63
186 16 64
189 16 65
184 16 66
192 16 67
179 16 68
189 16 69
192 16 70
188 16 71
190 16 72
184 16 73
199 16 74
189 16 75
184 16 76
197 16 77
193 16 78
194 16 79
186 16 80
194 16 81
189 16 82
188 16 83
190 16 84
194 16 85
194 16 86
196 16 87
187 16 88
187 16 89
182 16 90
188 16 91
190 16 92
188 16 93
182 16 94
188 16 95
185 16 96
177 16 97
189 16 98
200 16 99
186 16 100
192 17 1
193 17 2
187 17 3
189 17 4
194 17 5
191 17 6
188 17 7
181 17 8
195 17 9
177 17 10
190 17 11
195 17 12
191 17 13
185 17 14
192 17 15
186 17 16
197 17 17
187 17 18
195 17 19
183 17 20
189 17 21
184 17 22
186 17 23
186 17 24
197 17 25
184 17 26
194 17 27
181 17 28
188 17 29
199 17 30
190 17 31
197 17 32
188 17 33
197 17 34
188 17 35
198 17 36
188 17 37
193 17 38
184 17 39
190 17 40
195 17 41
192 17 42
174 17 43
188 17 44
191 17 45
198 17 46
190 17 47
201 17 48
191 17 49
189 17 50
189 17 51
188 17 52
192 17 53
191 17 54
179 17 55
187 17 56
189 17 57
194 17 58
196 17 59
181 17 60
197 17 61
187 17 62
195 17 63
185 17 64
187 17 65
182 17 66
191 17 67
178 17 68
189 17 69
190 17 70
190 17 71
190 17 72
184 17 73
196 17 74
188 17 75
186 17 76
195 17 77
190 17 78
196 17 79
183 17 80
193 17 81
188 17 82
185 17 83
188 17 84
197 17 85
195 17 86
198 17 87
185 17 88
188 17 89
183 17 90
189 17 91
188 17 92
190 17 93
181 17 94
190 17 95
183 17 96
175 17 97
189 17 98
198 17 99
190 17 100
196 18 1
195 18 2
191 18 3
193 18 4
197 18 5
195 18 6
190 18 7
184 18 8
198 18 9
181 18 10
193 18 11
197 18 12
193 18 13
188 18 14
194 18 15
190 18 16
199 18 17
189 18 18
199 18 19
185 18 20
191 18 21
185 18 22
188 18 23
190 18 24
198 18 25
187 18 26
197 18 27
183 18 28
190 18 29
201 18 30
192 18 31
199 18 32
190 18 33
198 18 34
190 18 35
200 18 36
192 18 37
194 18 38
186 18 39
193 18 40
199 18 41
195 18 42
177 18 43
190 18 44
194 18 45
201 18 46
193 18 47
203 18 48
195 18 49
191 18 50
193 18 51
190 18 52
196 18 53
195 18 54
182 18 55
190 18 56
192 18 57
196 18 58
198 18 59
184 18 60
201 18 61
191 18 62
198 18 63
188 18 64
190 18 65
186 18 66
193 18 67
181 18 68
191 18 69
194 18 70
192 18 71
191 18 72
187 18 73
199 18 74
191 18 75
186 18 76
198 18 77
194 18 78
198 18 79
187 18 80
195 18 81
191 18 82
189 18 83
191 18 84
200 18 85
198 18 86
201 18 87
188 18 88
190 18 89
186 18 90
190 18 91
191 18 92
193 18 93
184 18 94
192 18 95
186 18 96
179 18 97
191 18 98
202 18 99
192 18 100
195 19 1
195 19 2
191 19 3
192 19 4
195 19 5
193 19 6
189 19 7
183 19 8
197 19 9
181 19 10
190 19 11
194 19 12
192 19 13
188 19 14
193 19 15
189 19 16
199 19 17
189 19 18
198 19 19
184 19 20
191 19 21
183 19 22
187 19 23
190 19 24
197 19 25
186 19 26
194 19 27
182 19 28
190 19 29
197 19 30
190 19 31
199 19 32
189 19 33
195 19 34
189 19 35
197 19 36
192 19 37
194 19 38
185 19 39
189 19 40
198 19 41
193 19 42
177 19 43
190 19 44
192 19 45
201 19 46
193 19 47
202 19 48
194 19 49
190 19 50
193 19 51
188 19 52
196 19 53
192 19 54
181 19 55
189 19 56
191 19 57
195 19 58
197 19 59
184 19 60
198 19 61
190 19 62
195 19 63
186 19 64
190 19 65
185 19 66
192 19 67
180 19 68
190 19 69
194 19 70
190 19 71
190 19 72
187 19 73
198 19 74
190 19 75
185 19 76
198 19 77
193 19 78
196 19 79
186 19 80
194 19 81
190 19 82
188 19 83
190 19 84
197 19 85
197 19 86
200 19 87
188 19 88
189 19 89
185 19 90
189 19 91
191 19 92
190 19 93
184 19 94
190 19 95
185 19 96
178 19 97
190 19 98
201 19 99
191 19 100
194 20 1
193 20 2
189 20 3
192 20 4
196 20 5
193 20 6
189 20 7
183 20 8
196 20 9
179 20 10
191 20 11
195 20 12
192 20 13
186 20 14
193 20 15
188 20 16
197 20 17
188 20 18
198 20 19
184 20 20
189 20 21
185 20 22
187 20 23
189 20 24
197 20 25
186 20 26
197 20 27
182 20 28
189 20 29
199 20 30
190 20 31
199 20 32
188 20 33
196 20 34
189 20 35
198 20 36
190 20 37
193 20 38
185 20 39
192 20 40
198 20 41
193 20 42
176 20 43
188 20 44
192 20 45
200 20 46
193 20 47
201 20 48
193 20 49
190 20 50
191 20 51
189 20 52
194 20 53
193 20 54
180 20 55
188 20 56
190 20 57
195 20 58
197 20 59
182 20 60
199 20 61
189 20 62
197 20 63
186 20 64
188 20 65
184 20 66
193 20 67
180 20 68
189 20 69
193 20 70
190 20 71
190 20 72
185 20 73
198 20 74
190 20 75
185 20 76
196 20 77
192 20 78
197 20 79
185 20 80
194 20 81
190 20 82
188 20 83
190 20 84
199 20 85
196 20 86
199 20 87
186 20 88
189 20 89
184 20 90
190 20 91
190 20 92
192 20 93
182 20 94
191 20 95
184 20 96
178 20 97
191 20 98
200 20 99
190 20 100
192 21 1
193 21 2
187 21 3
191 21 4
193 21 5
192 21 6
189 21 7
182 21 8
195 21 9
179 21 10
190 21 11
194 21 12
192 21 13
184 21 14
191 21 15
188 21 16
197 21 17
186 21 18
195 21 19
183 21 20
189 21 21
184 21 22
186 21 23
187 21 24
196 21 25
184 21 26
195 21 27
182 21 28
187 21 29
199 21 30
190 21 31
195 21 32
187 21 33
197 21 34
188 21 35
199 21 36
188 21 37
192 21 38
184 21 39
190 21 40
196 21 41
194 21 42
173 21 43
189 21 44
192 21 45
199 21 46
190 21 47
202 21 48
193 21 49
188 21 50
189 21 51
187 21 52
193 21 53
191 21 54
179 21 55
189 21 56
189 21 57
194 21 58
194 21 59
180 21 60
199 21 61
188 21 62
195 21 63
186 21 64
188 21 65
184 21 66
191 21 67
177 21 68
189 21 69
191 21 70
189 21 71
190 21 72
185 21 73
197 21 74
187 21 75
184 21 76
194 21 77
192 21 78
196 21 79
185 21 80
191 21 81
190 21 82
187 21 83
187 21 84
198 21 85
195 21 86
198 21 87
185 21 88
190 21 89
184 21 90
188 21 91
188 21 92
191 21 93
181 21 94
189 21 95
183 21 96
175 21 97
189 21 98
198 21 99
190 21 100
196 22 1
195 22 2
191 22 3
193 22 4
197 22 5
195 22 6
190 22 7
184 22 8
198 22 9
181 22 10
192 22 11
197 22 12
193 22 13
188 22 14
194 22 15
190 22 16
199 22 17
189 22 18
199 22 19
185 22 20
191 22 21
185 22 22
188 22 23
190 22 24
198 22 25
187 22 26
196 22 27
183 22 28
190 22 29
200 22 30
192 22 31
199 22 32
190 22 33
198 22 34
190 22 35
199 22 36
192 22 37
194 22 38
186 22 39
192 22 40
199 22 41
195 22 42
177 22 43
190 22 44
194 22 45
201 22 46
193 22 47
203 22 48
195 22 49
191 22 50
193 22 51
190 22 52
196 22 53
194 22 54
182 22 55
190 22 56
192 22 57
196 22 58
198 22 59
184 22 60
201 22 61
191 22 62
198 22 63
188 22 64
190 22 65
186 22 66
193 22 67
181 22 68
191 22 69
194 22 70
192 22 71
191 22 72
187 22 73
199 22 74
191 22 75
186 22 76
198 22 77
194 22 78
198 22 79
187 22 80
195 22 81
191 22 82
189 22 83
191 22 84
200 22 85
198 22 86
201 22 87
188 22 88
190 22 89
186 22 90
190 22 91
191 22 92
193 22 93
184 22 94
192 22 95
186 22 96
179 22 97
191 22 98
202 22 99
192 22 100
196 23 1
195 23 2
191 23 3
193 23 4
197 23 5
194 23 6
190 23 7
184 23 8
198 23 9
181 23 10
190 23 11
195 23 12
193 23 13
188 23 14
194 23 15
190 23 16
198 23 17
189 23 18
199 23 19
185 23 20
191 23 21
185 23 22
188 23 23
190 23 24
198 23 25
187 23 26
194 23 27
183 23 28
190 23 29
198 23 30
192 23 31
199 23 32
190 23 33
195 23 34
190 23 35
198 23 36
192 23 37
194 23 38
186 23 39
191 23 40
199 23 41
195 23 42
177 23 43
190 23 44
194 23 45
201 23 46
193 23 47
203 23 48
195 23 49
191 23 50
193 23 51
190 23 52
196 23 53
193 23 54
182 23 55
190 23 56
192 23 57
196 23 58
198 23 59
184 23 60
198 23 61
191 23 62
194 23 63
188 23 64
190 23 65
186 23 66
193 23 67
181 23 68
191 23 69
194 23 70
192 23 71
191 23 72
187 23 73
199 23 74
191 23 75
186 23 76
198 23 77
194 23 78
198 23 79
187 23 80
195 23 81
191 23 82
189 23 83
191 23 84
198 23 85
198 23 86
201 23 87
188 23 88
190 23 89
186 23 90
190 23 91
191 23 92
192 23 93
184 23 94
191 23 95
186 23 96
179 23 97
191 23 98
202 23 99
190 23 100
194 24 1
194 24 2
186 24 3
191 24 4
192 24 5
190 24 6
188 24 7
184 24 8
198 24 9
181 24 10
186 24 11
188 24 12
189 24 13
188 24 14
189 24 15
189 24 16
192 24 17
183 24 18
197 24 19
184 24 20
188 24 21
180 24 22
186 24 23
189 24 24
194 24 25
187 24 26
188 24 27
183 24 28
190 24 29
193 24 30
186 24 31
198 24 32
186 24 33
189 24 34
185 24 35
192 24 36
189 24 37
191 24 38
185 24 39
185 24 40
196 24 41
190 24 42
176 24 43
185 24 44
187 24 45
196 24 46
192 24 47
197 24 48
191 24 49
189 24 50
191 24 51
184 24 52
194 24 53
189 24 54
182 24 55
186 24 56
190 24 57
194 24 58
193 24 59
184 24 60
193 24 61
189 24 62
189 24 63
184 24 64
188 24 65
186 24 66
191 24 67
180 24 68
187 24 69
190 24 70
187 24 71
189 24 72
182 24 73
198 24 74
190 24 75
184 24 76
198 24 77
193 24 78
193 24 79
187 24 80
192 24 81
187 24 82
188 24 83
191 24 84
191 24 85
193 24 86
194 24 87
188 24 88
186 24 89
180 24 90
187 24 91
191 24 92
185 24 93
182 24 94
186 24 95
185 24 96
179 24 97
189 24 98
198 24 99
184 24 100
195 25 1
195 25 2
190 25 3
192 25 4
195 25 5
193 25 6
189 25 7
183 25 8
197 25 9
180 25 10
192 25 11
196 25 12
193 25 13
187 25 14
194 25 15
189 25 16
199 25 17
189 25 18
198 25 19
185 25 20
191 25 21
184 25 22
188 25 23
189 25 24
198 25 25
186 25 26
196 25 27
183 25 28
189 25 29
200 25 30
191 25 31
198 25 32
190 25 33
197 25 34
188 25 35
199 25 36
191 25 37
194 25 38
186 25 39
191 25 40
198 25 41
193 25 42
176 25 43
190 25 44
193 25 45
201 25 46
192 25 47
203 25 48
194 25 49
190 25 50
192 25 51
188 25 52
195 25 53
193 25 54
181 25 55
190 25 56
191 25 57
196 25 58
197 25 59
183 25 60
200 25 61
190 25 62
197 25 63
186 25 64
189 25 65
185 25 66
193 25 67
180 25 68
191 25 69
193 25 70
191 25 71
191 25 72
186 25 73
199 25 74
190 25 75
186 25 76
197 25 77
193 25 78
197 25 79
186 25 80
194 25 81
190 25 82
188 25 83
190 25 84
199 25 85
197 25 86
200 25 87
188 25 88
190 25 89
185 25 90
190 25 91
190 25 92
192 25 93
184 25 94
191 25 95
185 25 96
178 25 97
191 25 98
201 25 99
192 25 100
195 26 1
195 26 2
190 26 3
192 26 4
196 26 5
193 26 6
188 26 7
182 26 8
198 26 9
180 26 10
187 26 11
193 26 12
190 26 13
187 26 14
193 26 15
189 26 16
196 26 17
188 26 18
199 26 19
183 26 20
189 26 21
183 26 22
185 26 23
188 26 24
195 26 25
187 26 26
193 26 27
181 26 28
189 26 29
195 26 30
191 26 31
197 26 32
188 26 33
194 26 34
188 26 35
195 26 36
191 26 37
192 26 38
183 26 39
189 26 40
196 26 41
194 26 42
176 26 43
187 26 44
192 26 45
199 26 46
192 26 47
202 26 48
195 26 49
189 26 50
192 26 51
189 26 52
194 26 53
193 26 54
181 26 55
188 26 56
191 26 57
194 26 58
196 26 59
182 26 60
196 26 61
189 26 62
193 26 63
187 26 64
188 26 65
184 26 66
191 26 67
178 26 68
191 26 69
191 26 70
190 26 71
189 26 72
184 26 73
196 26 74
188 26 75
184 26 76
196 26 77
191 26 78
198 26 79
185 26 80
194 26 81
189 26 82
188 26 83
189 26 84
197 26 85
195 26 86
200 26 87
186 26 88
188 26 89
184 26 90
188 26 91
190 26 92
190 26 93
182 26 94
190 26 95
185 26 96
177 26 97
190 26 98
201 26 99
188 26 100
196 27 1
195 27 2
191 27 3
193 27 4
197 27 5
195 27 6
190 27 7
184 27 8
198 27 9
181 27 10
193 27 11
197 27 12
193 27 13
188 27 14
194 27 15
190 27 16
199 27 17
189 27 18
199 27 19
185 27 20
191 27 21
185 27 22
188 27 23
190 27 24
198 27 25
187 27 26
199 27 27
183 27 28
190 27 29
201 27 30
192 27 31
199 27 32
190 27 33
200 27 34
190 27 35
201 27 36
192 27 37
194 27 38
186 27 39
194 27 40
199 27 41
195 27 42
177 27 43
190 27 44
194 27 45
201 27 46
193 27 47
203 27 48
195 27 49
191 27 50
193 27 51
190 27 52
196 27 53
195 27 54
182 27 55
190 27 56
192 27 57
196 27 58
198 27 59
184 27 60
203 27 61
191 27 62
200 27 63
188 27 64
190 27 65
186 27 66
193 27 67
181 27 68
191 27 69
194 27 70
192 27 71
191 27 72
187 27 73
199 27 74
191 27 75
186 27 76
198 27 77
194 27 78
198 27 79
187 27 80
195 27 81
191 27 82
189 27 83
191 27 84
200 27 85
198 27 86
201 27 87
188 27 88
190 27 89
186 27 90
190 27 91
191 27 92
193 27 93
184 27 94
192 27 95
186 27 96
179 27 97
191 27 98
202 27 99
192 27 100
194 28 1
194 28 2
188 28 3
192 28 4
193 28 5
189 28 6
189 28 7
183 28 8
197 28 9
180 28 10
187 28 11
191 28 12
189 28 13
188 28 14
191 28 15
188 28 16
196 28 17
186 28 18
199 28 19
184 28 20
189 28 21
180 28 22
187 28 23
188 28 24
197 28 25
185 28 26
189 28 27
183 28 28
188 28 29
194 28 30
186 28 31
198 28 32
188 28 33
191 28 34
187 28 35
194 28 36
190 28 37
192 28 38
186 28 39
186 28 40
197 28 41
192 28 42
176 28 43
188 28 44
191 28 45
198 28 46
192 28 47
199 28 48
192 28 49
189 28 50
190 28 51
186 28 52
195 28 53
189 28 54
181 28 55
188 28 56
190 28 57
194 28 58
195 28 59
183 28 60
194 28 61
189 28 62
190 28 63
184 28 64
189 28 65
184 28 66
192 28 67
180 28 68
189 28 69
192 28 70
188 28 71
189 28 72
184 28 73
197 28 74
190 28 75
184 28 76
197 28 77
192 28 78
192 28 79
187 28 80
194 28 81
190 28 82
187 28 83
190 28 84
193 28 85
194 28 86
196 28 87
186 28 88
187 28 89
181 28 90
188 28 91
191 28 92
186 28 93
183 28 94
187 28 95
184 28 96
177 28 97
189 28 98
198 28 99
186 28 100
193 29 1
193 29 2
185 29 3
190 29 4
191 29 5
188 29 6
186 29 7
184 29 8
198 29 9
181 29 10
185 29 11
187 29 12
187 29 13
187 29 14
188 29 15
188 29 16
191 29 17
182 29 18
196 29 19
182 29 20
187 29 21
179 29 22
185 29 23
188 29 24
193 29 25
187 29 26
187 29 27
182 29 28
188 29 29
191 29 30
185 29 31
196 29 32
185 29 33
188 29 34
184 29 35
191 29 36
188 29 37
189 29 38
183 29 39
183 29 40
195 29 41
189 29 42
176 29 43
183 29 44
185 29 45
194 29 46
190 29 47
195 29 48
190 29 49
189 29 50
189 29 51
183 29 52
193 29 53
187 29 54
182 29 55
185 29 56
189 29 57
194 29 58
192 29 59
183 29 60
192 29 61
188 29 62
188 29 63
183 29 64
186 29 65
185 29 66
189 29 67
179 29 68
185 29 69
189 29 70
186 29 71
188 29 72
181 29 73
197 29 74
190 29 75
182 29 76
198 29 77
193 29 78
191 29 79
187 29 80
191 29 81
185 29 82
187 29 83
191 29 84
189 29 85
192 29 86
193 29 87
188 29 88
185 29 89
179 29 90
186 29 91
189 29 92
184 29 93
181 29 94
186 29 95
184 29 96
178 29 97
188 29 98
196 29 99
182 29 100
193 30 1
193 30 2
186 30 3
188 30 4
192 30 5
191 30 6
185 30 7
180 30 8
194 30 9
176 30 10
190 30 11
193 30 12
189 30 13
183 30 14
190 30 15
186 30 16
197 30 17
186 30 18
195 30 19
183 30 20
189 30 21
183 30 22
185 30 23
186 30 24
194 30 25
183 30 26
194 30 27
179 30 28
185 30 29
200 30 30
190 30 31
196 30 32
187 30 33
197 30 34
186 30 35
198 30 36
187 30 37
190 30 38
184 30 39
192 30 40
196 30 41
191 30 42
173 30 43
188 30 44
191 30 45
197 30 46
189 30 47
201 30 48
191 30 49
187 30 50
190 30 51
187 30 52
193 30 53
193 30 54
180 30 55
186 30 56
187 30 57
193 30 58
193 30 59
179 30 60
199 30 61
187 30 62
194 30 63
186 30 64
186 30 65
182 30 66
190 30 67
177 30 68
189 30 69
190 30 70
191 30 71
189 30 72
184 30 73
196 30 74
187 30 75
184 30 76
194 30 77
190 30 78
195 30 79
183 30 80
190 30 81
186 30 82
186 30 83
188 30 84
197 30 85
195 30 86
197 30 87
184 30 88
186 30 89
184 30 90
187 30 91
188 30 92
189 30 93
182 30 94
189 30 95
182 30 96
174 30 97
188 30 98
197 30 99
190 30 100
195 31 1
193 31 2
190 31 3
192 31 4
194 31 5
193 31 6
189 31 7
183 31 8
196 31 9
179 31 10
189 31 11
194 31 12
191 31 13
187 31 14
192 31 15
188 31 16
198 31 17
188 31 18
197 31 19
183 31 20
189 31 21
182 31 22
186 31 23
189 31 24
196 31 25
185 31 26
193 31 27
181 31 28
189 31 29
197 31 30
190 31 31
198 31 32
188 31 33
195 31 34
189 31 35
196 31 36
190 31 37
192 31 38
185 31 39
189 31 40
198 31 41
192 31 42
176 31 43
189 31 44
192 31 45
199 31 46
191 31 47
201 31 48
193 31 49
190 31 50
191 31 51
187 31 52
194 31 53
190 31 54
182 31 55
188 31 56
191 31 57
194 31 58
196 31 59
183 31 60
198 31 61
189 31 62
194 31 63
186 31 64
189 31 65
185 31 66
191 31 67
179 31 68
189 31 69
193 31 70
189 31 71
190 31 72
186 31 73
197 31 74
190 31 75
186 31 76
196 31 77
193 31 78
195 31 79
186 31 80
194 31 81
189 31 82
187 31 83
190 31 84
198 31 85
197 31 86
198 31 87
186 31 88
188 31 89
183 31 90
189 31 91
190 31 92
191 31 93
182 31 94
190 31 95
186 31 96
177 31 97
189 31 98
201 31 99
191 31 100
191 32 1
192 32 2
185 32 3
190 32 4
190 32 5
187 32 6
187 32 7
181 32 8
196 32 9
177 32 10
184 32 11
188 32 12
188 32 13
184 32 14
188 32 15
186 32 16
192 32 17
185 32 18
196 32 19
181 32 20
187 32 21
179 32 22
184 32 23
187 32 24
194 32 25
184 32 26
187 32 27
180 32 28
188 32 29
193 32 30
187 32 31
199 32 32
185 32 33
190 32 34
187 32 35
192 32 36
188 32 37
189 32 38
183 32 39
186 32 40
195 32 41
189 32 42
175 32 43
184 32 44
186 32 45
196 32 46
191 32 47
197 32 48
189 32 49
187 32 50
189 32 51
184 32 52
191 32 53
187 32 54
180 32 55
185 32 56
187 32 57
191 32 58
194 32 59
180 32 60
192 32 61
186 32 62
190 32 63
182 32 64
187 32 65
182 32 66
191 32 67
177 32 68
186 32 69
188 32 70
184 32 71
190 32 72
182 32 73
195 32 74
188 32 75
185 32 76
194 32 77
190 32 78
191 32 79
183 32 80
191 32 81
188 32 82
186 32 83
188 32 84
192 32 85
192 32 86
193 32 87
184 32 88
185 32 89
181 32 90
188 32 91
189 32 92
185 32 93
180 32 94
186 32 95
184 32 96
176 32 97
188 32 98
197 32 99
184 32 100
196 33 1
195 33 2
190 33 3
193 33 4
197 33 5
194 33 6
190 33 7
184 33 8
198 33 9
181 33 10
190 33 11
194 33 12
192 33 13
188 33 14
193 33 15
190 33 16
197 33 17
188 33 18
199 33 19
185 33 20
191 33 21
184 33 22
188 33 23
190 33 24
198 33 25
187 33 26
193 33 27
183 33 28
190 33 29
197 33 30
191 33 31
199 33 32
189 33 33
195 33 34
189 33 35
197 33 36
192 33 37
193 33 38
186 33 39
190 33 40
199 33 41
194 33 42
177 33 43
189 33 44
193 33 45
200 33 46
193 33 47
202 33 48
195 33 49
191 33 50
192 33 51
189 33 52
196 33 53
193 33 54
182 33 55
190 33 56
192 33 57
196 33 58
198 33 59
184 33 60
197 33 61
191 33 62
193 33 63
187 33 64
190 33 65
186 33 66
193 33 67
181 33 68
190 33 69
194 33 70
192 33 71
191 33 72
186 33 73
199 33 74
191 33 75
186 33 76
198 33 77
194 33 78
197 33 79
187 33 80
195 33 81
191 33 82
189 33 83
191 33 84
198 33 85
198 33 86
200 33 87
188 33 88
190 33 89
186 33 90
190 33 91
191 33 92
191 33 93
184 33 94
191 33 95
186 33 96
179 33 97
191 33 98
201 33 99
189 33 100
193 34 1
194 34 2
189 34 3
191 34 4
194 34 5
193 34 6
187 34 7
181 34 8
196 34 9
178 34 10
191 34 11
196 34 12
191 34 13
185 34 14
192 34 15
187 34 16
198 34 17
188 34 18
197 34 19
183 34 20
190 34 21
184 34 22
186 34 23
188 34 24
196 34 25
185 34 26
196 34 27
181 34 28
187 34 29
200 34 30
192 34 31
198 34 32
188 34 33
200 34 34
189 34 35
199 34 36
190 34 37
192 34 38
184 34 39
193 34 40
196 34 41
193 34 42
175 34 43
188 34 44
192 34 45
199 34 46
190 34 47
202 34 48
193 34 49
188 34 50
190 34 51
188 34 52
193 34 53
193 34 54
180 34 55
188 34 56
189 34 57
194 34 58
196 34 59
181 34 60
201 34 61
188 34 62
198 34 63
186 34 64
187 34 65
183 34 66
192 34 67
178 34 68
190 34 69
191 34 70
190 34 71
191 34 72
185 34 73
197 34 74
189 34 75
186 34 76
195 34 77
191 34 78
197 34 79
184 34 80
192 34 81
189 34 82
187 34 83
188 34 84
199 34 85
196 34 86
200 34 87
186 34 88
189 34 89
185 34 90
189 34 91
189 34 92
192 34 93
182 34 94
190 34 95
185 34 96
176 34 97
189 34 98
200 34 99
192 34 100
195 35 1
194 35 2
190 35 3
192 35 4
196 35 5
193 35 6
190 35 7
184 35 8
198 35 9
181 35 10
191 35 11
195 35 12
193 35 13
188 35 14
194 35 15
189 35 16
198 35 17
189 35 18
198 35 19
185 35 20
190 35 21
184 35 22
187 35 23
190 35 24
197 35 25
186 35 26
195 35 27
182 35 28
189 35 29
197 35 30
190 35 31
199 35 32
190 35 33
194 35 34
189 35 35
197 35 36
192 35 37
193 35 38
185 35 39
190 35 40
198 35 41
193 35 42
177 35 43
189 35 44
192 35 45
201 35 46
193 35 47
202 35 48
194 35 49
191 35 50
192 35 51
188 35 52
195 35 53
191 35 54
181 35 55
189 35 56
191 35 57
196 35 58
197 35 59
184 35 60
200 35 61
191 35 62
195 35 63
186 35 64
190 35 65
185 35 66
192 35 67
181 35 68
190 35 69
193 35 70
190 35 71
190 35 72
186 35 73
198 35 74
191 35 75
185 35 76
197 35 77
193 35 78
196 35 79
186 35 80
194 35 81
190 35 82
188 35 83
190 35 84
199 35 85
197 35 86
199 35 87
188 35 88
189 35 89
185 35 90
190 35 91
190 35 92
191 35 93
183 35 94
190 35 95
185 35 96
179 35 97
191 35 98
202 35 99
192 35 100
196 36 1
195 36 2
191 36 3
193 36 4
196 36 5
194 36 6
190 36 7
184 36 8
198 36 9
181 36 10
191 36 11
195 36 12
193 36 13
188 36 14
194 36 15
190 36 16
199 36 17
189 36 18
199 36 19
185 36 20
191 36 21
184 36 22
188 36 23
190 36 24
198 36 25
187 36 26
196 36 27
183 36 28
190 36 29
198 36 30
191 36 31
199 36 32
190 36 33
196 36 34
189 36 35
199 36 36
192 36 37
194 36 38
186 36 39
191 36 40
199 36 41
194 36 42
177 36 43
190 36 44
193 36 45
201 36 46
193 36 47
203 36 48
195 36 49
191 36 50
193 36 51
189 36 52
196 36 53
193 36 54
182 36 55
190 36 56
192 36 57
196 36 58
198 36 59
184 36 60
200 36 61
191 36 62
196 36 63
187 36 64
190 36 65
186 36 66
193 36 67
181 36 68
191 36 69
194 36 70
191 36 71
191 36 72
187 36 73
199 36 74
191 36 75
186 36 76
198 36 77
194 36 78
197 36 79
187 36 80
195 36 81
191 36 82
189 36 83
191 36 84
198 36 85
198 36 86
200 36 87
188 36 88
190 36 89
185 36 90
190 36 91
191 36 92
191 36 93
184 36 94
191 36 95
186 36 96
179 36 97
191 36 98
202 36 99
191 36 100
194 37 1
193 37 2
190 37 3
192 37 4
195 37 5
193 37 6
189 37 7
182 37 8
197 37 9
181 37 10
190 37 11
194 37 12
190 37 13
187 37 14
193 37 15
189 37 16
197 37 17
188 37 18
198 37 19
183 37 20
188 37 21
183 37 22
186 37 23
187 37 24
196 37 25
185 37 26
196 37 27
182 37 28
189 37 29
197 37 30
189 37 31
197 37 32
188 37 33
196 37 34
188 37 35
197 37 36
192 37 37
194 37 38
184 37 39
190 37 40
197 37 41
193 37 42
175 37 43
189 37 44
192 37 45
199 37 46
193 37 47
200 37 48
194 37 49
189 37 50
191 37 51
187 37 52
194 37 53
195 37 54
182 37 55
187 37 56
190 37 57
194 37 58
195 37 59
184 37 60
198 37 61
189 37 62
194 37 63
187 37 64
190 37 65
185 37 66
191 37 67
178 37 68
189 37 69
192 37 70
191 37 71
189 37 72
184 37 73
196 37 74
189 37 75
183 37 76
197 37 77
191 37 78
196 37 79
186 37 80
195 37 81
188 37 82
186 37 83
189 37 84
196 37 85
195 37 86
199 37 87
186 37 88
187 37 89
183 37 90
188 37 91
190 37 92
190 37 93
182 37 94
190 37 95
183 37 96
177 37 97
189 37 98
201 37 99
190 37 100
195 38 1
195 38 2
190 38 3
192 38 4
196 38 5
194 38 6
190 38 7
183 38 8
198 38 9
180 38 10
192 38 11
195 38 12
191 38 13
188 38 14
192 38 15
190 38 16
198 38 17
187 38 18
198 38 19
184 38 20
190 38 21
184 38 22
187 38 23
190 38 24
197 38 25
187 38 26
195 38 27
182 38 28
189 38 29
198 38 30
191 38 31
198 38 32
188 38 33
198 38 34
189 38 35
199 38 36
192 38 37
193 38 38
186 38 39
191 38 40
198 38 41
193 38 42
177 38 43
188 38 44
193 38 45
199 38 46
192 38 47
201 38 48
194 38 49
190 38 50
191 38 51
189 38 52
196 38 53
194 38 54
181 38 55
189 38 56
191 38 57
196 38 58
197 38 59
184 38 60
201 38 61
191 38 62
197 38 63
187 38 64
189 38 65
186 38 66
193 38 67
181 38 68
190 38 69
193 38 70
191 38 71
191 38 72
185 38 73
198 38 74
190 38 75
185 38 76
197 38 77
193 38 78
196 38 79
186 38 80
195 38 81
190 38 82
188 38 83
191 38 84
200 38 85
197 38 86
200 38 87
188 38 88
189 38 89
186 38 90
190 38 91
190 38 92
192 38 93
183 38 94
191 38 95
186 38 96
178 38 97
190 38 98
200 38 99
190 38 100
196 39 1
194 39 2
189 39 3
192 39 4
195 39 5
192 39 6
189 39 7
183 39 8
197 39 9
181 39 10
189 39 11
192 39 12
192 39 13
188 39 14
192 39 15
188 39 16
196 39 17
188 39 18
197 39 19
185 39 20
189 39 21
183 39 22
187 39 23
189 39 24
197 39 25
187 39 26
193 39 27
183 39 28
189 39 29
196 39 30
190 39 31
198 39 32
188 39 33
193 39 34
188 39 35
195 39 36
191 39 37
193 39 38
186 39 39
189 39 40
198 39 41
192 39 42
176 39 43
189 39 44
192 39 45
200 39 46
192 39 47
201 39 48
193 39 49
190 39 50
191 39 51
187 39 52
195 39 53
192 39 54
181 39 55
190 39 56
190 39 57
195 39 58
197 39 59
183 39 60
196 39 61
190 39 62
192 39 63
185 39 64
189 39 65
185 39 66
193 39 67
180 39 68
189 39 69
193 39 70
189 39 71
190 39 72
185 39 73
198 39 74
190 39 75
186 39 76
197 39 77
193 39 78
195 39 79
186 39 80
194 39 81
189 39 82
189 39 83
191 39 84
195 39 85
197 39 86
198 39 87
187 39 88
190 39 89
184 39 90
188 39 91
190 39 92
190 39 93
182 39 94
189 39 95
186 39 96
178 39 97
189 39 98
201 39 99
188 39 100
193 40 1
193 40 2
188 40 3
191 40 4
196 40 5
193 40 6
187 40 7
182 40 8
195 40 9
178 40 10
191 40 11
194 40 12
191 40 13
185 40 14
193 40 15
188 40 16
198 40 17
187 40 18
197 40 19
183 40 20
188 40 21
182 40 22
186 40 23
188 40 24
196 40 25
185 40 26
195 40 27
181 40 28
187 40 29
200 40 30
191 40 31
197 40 32
189 40 33
197 40 34
189 40 35
198 40 36
190 40 37
192 40 38
184 40 39
192 40 40
197 40 41
194 40 42
175 40 43
188 40 44
191 40 45
199 40 46
191 40 47
200 40 48
193 40 49
189 40 50
190 40 51
187 40 52
193 40 53
194 40 54
180 40 55
187 40 56
190 40 57
193 40 58
196 40 59
183 40 60
200 40 61
188 40 62
195 40 63
187 40 64
187 40 65
183 40 66
191 40 67
179 40 68
190 40 69
191 40 70
190 40 71
190 40 72
185 40 73
198 40 74
190 40 75
185 40 76
196 40 77
192 40 78
195 40 79
185 40 80
193 40 81
189 40 82
186 40 83
188 40 84
198 40 85
196 40 86
198 40 87
185 40 88
187 40 89
185 40 90
188 40 91
189 40 92
191 40 93
182 40 94
190 40 95
185 40 96
178 40 97
189 40 98
199 40 99
190 40 100
193 41 1
192 41 2
188 41 3
191 41 4
192 41 5
188 41 6
187 41 7
180 41 8
195 41 9
179 41 10
187 41 11
190 41 12
190 41 13
185 41 14
192 41 15
187 41 16
194 41 17
186 41 18
198 41 19
183 41 20
187 41 21
181 41 22
186 41 23
188 41 24
195 41 25
183 41 26
190 41 27
182 41 28
187 41 29
194 41 30
188 41 31
196 41 32
188 41 33
191 41 34
187 41 35
194 41 36
190 41 37
192 41 38
184 41 39
186 41 40
199 41 41
193 41 42
173 41 43
188 41 44
190 41 45
198 41 46
191 41 47
198 41 48
191 41 49
188 41 50
189 41 51
184 41 52
194 41 53
189 41 54
179 41 55
186 41 56
189 41 57
193 41 58
197 41 59
183 41 60
195 41 61
189 41 62
190 41 63
184 41 64
187 41 65
183 41 66
191 41 67
179 41 68
189 41 69
191 41 70
189 41 71
188 41 72
182 41 73
197 41 74
187 41 75
184 41 76
196 41 77
191 41 78
192 41 79
186 41 80
193 41 81
188 41 82
186 41 83
189 41 84
194 41 85
193 41 86
195 41 87
185 41 88
187 41 89
182 41 90
187 41 91
188 41 92
187 41 93
182 41 94
186 41 95
183 41 96
177 41 97
189 41 98
199 41 99
187 41 100
196 42 1
195 42 2
191 42 3
193 42 4
197 42 5
195 42 6
190 42 7
184 42 8
198 42 9
181 42 10
193 42 11
197 42 12
193 42 13
188 42 14
194 42 15
190 42 16
199 42 17
189 42 18
199 42 19
185 42 20
191 42 21
185 42 22
188 42 23
190 42 24
198 42 25
187 42 26
198 42 27
183 42 28
190 42 29
201 42 30
192 42 31
199 42 32
190 42 33
200 42 34
190 42 35
200 42 36
192 42 37
194 42 38
186 42 39
193 42 40
199 42 41
195 42 42
177 42 43
190 42 44
194 42 45
201 42 46
193 42 47
203 42 48
195 42 49
191 42 50
193 42 51
190 42 52
196 42 53
195 42 54
182 42 55
190 42 56
192 42 57
196 42 58
198 42 59
184 42 60
202 42 61
191 42 62
200 42 63
188 42 64
190 42 65
186 42 66
193 42 67
181 42 68
191 42 69
194 42 70
192 42 71
191 42 72
187 42 73
199 42 74
191 42 75
186 42 76
198 42 77
194 42 78
198 42 79
187 42 80
195 42 81
191 42 82
189 42 83
191 42 84
200 42 85
198 42 86
201 42 87
188 42 88
190 42 89
186 42 90
190 42 91
191 42 92
193 42 93
184 42 94
192 42 95
186 42 96
179 42 97
191 42 98
202 42 99
192 42 100
191 43 1
192 43 2
184 43 3
188 43 4
187 43 5
188 43 6
185 43 7
183 43 8
196 43 9
178 43 10
184 43 11
189 43 12
188 43 13
186 43 14
186 43 15
185 43 16
189 43 17
183 43 18
194 43 19
180 43 20
186 43 21
177 43 22
183 43 23
187 43 24
192 43 25
184 43 26
184 43 27
180 43 28
189 43 29
190 43 30
183 43 31
194 43 32
183 43 33
187 43 34
185 43 35
189 43 36
185 43 37
188 43 38
182 43 39
181 43 40
194 43 41
187 43 42
177 43 43
185 43 44
186 43 45
192 43 46
187 43 47
194 43 48
187 43 49
189 43 50
188 43 51
183 43 52
190 43 53
184 43 54
180 43 55
183 43 56
189 43 57
190 43 58
190 43 59
183 43 60
190 43 61
184 43 62
188 43 63
181 43 64
185 43 65
183 43 66
188 43 67
176 43 68
183 43 69
189 43 70
183 43 71
188 43 72
179 43 73
196 43 74
187 43 75
184 43 76
194 43 77
194 43 78
189 43 79
184 43 80
188 43 81
184 43 82
184 43 83
189 43 84
189 43 85
192 43 86
189 43 87
185 43 88
183 43 89
177 43 90
186 43 91
187 43 92
182 43 93
177 43 94
185 43 95
183 43 96
176 43 97
187 43 98
195 43 99
180 43 100
194 44 1
194 44 2
189 44 3
192 44 4
195 44 5
194 44 6
188 44 7
182 44 8
197 44 9
180 44 10
193 44 11
196 44 12
193 44 13
187 44 14
194 44 15
189 44 16
198 44 17
189 44 18
197 44 19
184 44 20
190 44 21
185 44 22
187 44 23
189 44 24
197 44 25
185 44 26
196 44 27
182 44 28
188 44 29
201 44 30
192 44 31
197 44 32
189 44 33
198 44 34
189 44 35
201 44 36
190 44 37
193 44 38
185 44 39
192 44 40
198 44 41
193 44 42
176 44 43
189 44 44
194 44 45
200 44 46
192 44 47
202 44 48
194 44 49
189 44 50
191 44 51
188 44 52
195 44 53
194 44 54
181 44 55
190 44 56
191 44 57
195 44 58
196 44 59
182 44 60
201 44 61
189 44 62
197 44 63
187 44 64
188 44 65
184 44 66
192 44 67
179 44 68
190 44 69
193 44 70
191 44 71
191 44 72
185 44 73
199 44 74
189 44 75
185 44 76
196 44 77
192 44 78
197 44 79
185 44 80
194 44 81
189 44 82
188 44 83
189 44 84
200 44 85
196 44 86
200 44 87
187 44 88
189 44 89
186 44 90
189 44 91
190 44 92
192 44 93
183 44 94
192 44 95
184 44 96
177 44 97
190 44 98
200 44 99
192 44 100
196 45 1
195 45 2
191 45 3
193 45 4
197 45 5
194 45 6
190 45 7
184 45 8
198 45 9
181 45 10
190 45 11
195 45 12
193 45 13
188 45 14
194 45 15
190 45 16
198 45 17
189 45 18
199 45 19
185 45 20
191 45 21
185 45 22
188 45 23
190 45 24
198 45 25
187 45 26
194 45 27
183 45 28
190 45 29
198 45 30
192 45 31
199 45 32
190 45 33
195 45 34
190 45 35
198 45 36
192 45 37
194 45 38
186 45 39
191 45 40
199 45 41
195 45 42
177 45 43
190 45 44
194 45 45
201 45 46
193 45 47
203 45 48
195 45 49
191 45 50
193 45 51
190 45 52
196 45 53
193 45 54
182 45 55
190 45 56
192 45 57
196 45 58
198 45 59
184 45 60
198 45 61
191 45 62
194 45 63
188 45 64
190 45 65
186 45 66
193 45 67
181 45 68
191 45 69
194 45 70
192 45 71
191 45 72
187 45 73
199 45 74
191 45 75
186 45 76
198 45 77
194 45 78
198 45 79
187 45 80
195 45 81
191 45 82
189 45 83
191 45 84
198 45 85
198 45 86
201 45 87
188 45 88
190 45 89
186 45 90
190 45 91
191 45 92
192 45 93
184 45 94
191 45 95
186 45 96
179 45 97
191 45 98
202 45 99
190 45 100
194 46 1
195 46 2
190 46 3
192 46 4
195 46 5
194 46 6
188 46 7
182 46 8
197 46 9
179 46 10
191 46 11
197 46 12
192 46 13
186 46 14
193 46 15
188 46 16
198 46 17
189 46 18
198 46 19
184 46 20
191 46 21
185 46 22
187 46 23
189 46 24
197 46 25
186 46 26
196 46 27
182 46 28
188 46 29
199 46 30
192 46 31
198 46 32
189 46 33
198 46 34
189 46 35
199 46 36
191 46 37
193 46 38
185 46 39
192 46 40
197 46 41
194 46 42
176 46 43
189 46 44
193 46 45
200 46 46
191 46 47
203 46 48
194 46 49
189 46 50
191 46 51
189 46 52
194 46 53
193 46 54
180 46 55
189 46 56
190 46 57
195 46 58
197 46 59
182 46 60
200 46 61
189 46 62
197 46 63
187 46 64
188 46 65
184 46 66
193 46 67
179 46 68
191 46 69
192 46 70
191 46 71
191 46 72
185 46 73
198 46 74
189 46 75
186 46 76
196 46 77
192 46 78
198 46 79
185 46 80
193 46 81
190 46 82
188 46 83
189 46 84
200 46 85
196 46 86
201 46 87
187 46 88
190 46 89
186 46 90
190 46 91
190 46 92
193 46 93
183 46 94
191 46 95
185 46 96
177 46 97
190 46 98
201 46 99
192 46 100
196 47 1
195 47 2
190 47 3
193 47 4
195 47 5
193 47 6
190 47 7
184 47 8
198 47 9
181 47 10
190 47 11
194 47 12
193 47 13
188 47 14
193 47 15
190 47 16
198 47 17
189 47 18
199 47 19
185 47 20
191 47 21
184 47 22
188 47 23
190 47 24
198 47 25
187 47 26
194 47 27
183 47 28
190 47 29
197 47 30
190 47 31
199 47 32
190 47 33
194 47 34
189 47 35
198 47 36
192 47 37
194 47 38
186 47 39
189 47 40
199 47 41
194 47 42
177 47 43
190 47 44
192 47 45
201 47 46
193 47 47
202 47 48
194 47 49
191 47 50
193 47 51
188 47 52
196 47 53
191 47 54
182 47 55
189 47 56
192 47 57
196 47 58
198 47 59
184 47 60
199 47 61
191 47 62
194 47 63
187 47 64
190 47 65
186 47 66
193 47 67
181 47 68
191 47 69
194 47 70
190 47 71
191 47 72
186 47 73
199 47 74
191 47 75
186 47 76
198 47 77
194 47 78
196 47 79
187 47 80
195 47 81
191 47 82
189 47 83
191 47 84
197 47 85
197 47 86
199 47 87
188 47 88
190 47 89
184 47 90
190 47 91
191 47 92
190 47 93
184 47 94
190 47 95
186 47 96
179 47 97
191 47 98
202 47 99
190 47 100
196 48 1
195 48 2
191 48 3
193 48 4
197 48 5
195 48 6
190 48 7
184 48 8
198 48 9
181 48 10
192 48 11
197 48 12
193 48 13
188 48 14
194 48 15
190 48 16
199 48 17
189 48 18
199 48 19
185 48 20
191 48 21
185 48 22
188 48 23
190 48 24
198 48 25
187 48 26
197 48 27
183 48 28
190 48 29
200 48 30
192 48 31
199 48 32
190 48 33
198 48 34
190 48 35
200 48 36
192 48 37
194 48 38
186 48 39
193 48 40
199 48 41
195 48 42
177 48 43
190 48 44
194 48 45
201 48 46
193 48 47
203 48 48
195 48 49
191 48 50
193 48 51
190 48 52
196 48 53
195 48 54
182 48 55
190 48 56
192 48 57
196 48 58
198 48 59
184 48 60
200 48 61
191 48 62
197 48 63
188 48 64
190 48 65
186 48 66
193 48 67
181 48 68
191 48 69
194 48 70
192 48 71
191 48 72
187 48 73
199 48 74
191 48 75
186 48 76
198 48 77
194 48 78
198 48 79
187 48 80
195 48 81
191 48 82
189 48 83
191 48 84
199 48 85
198 48 86
201 48 87
188 48 88
190 48 89
186 48 90
190 48 91
191 48 92
192 48 93
184 48 94
192 48 95
186 48 96
179 48 97
191 48 98
202 48 99
191 48 100
196 49 1
195 49 2
191 49 3
193 49 4
197 49 5
195 49 6
190 49 7
184 49 8
198 49 9
181 49 10
193 49 11
197 49 12
193 49 13
188 49 14
194 49 15
190 49 16
199 49 17
189 49 18
199 49 19
185 49 20
191 49 21
185 49 22
188 49 23
190 49 24
198 49 25
187 49 26
199 49 27
183 49 28
190 49 29
201 49 30
192 49 31
199 49 32
190 49 33
200 49 34
190 49 35
201 49 36
192 49 37
194 49 38
186 49 39
194 49 40
199 49 41
195 49 42
177 49 43
190 49 44
194 49 45
201 49 46
193 49 47
203 49 48
195 49 49
191 49 50
193 49 51
190 49 52
196 49 53
195 49 54
182 49 55
190 49 56
192 49 57
196 49 58
198 49 59
184 49 60
203 49 61
191 49 62
200 49 63
188 49 64
190 49 65
186 49 66
193 49 67
181 49 68
191 49 69
194 49 70
192 49 71
191 49 72
187 49 73
199 49 74
191 49 75
186 49 76
198 49 77
194 49 78
198 49 79
187 49 80
195 49 81
191 49 82
189 49 83
191 49 84
200 49 85
198 49 86
201 49 87
188 49 88
190 49 89
186 49 90
190 49 91
191 49 92
193 49 93
184 49 94
192 49 95
186 49 96
179 49 97
191 49 98
202 49 99
192 49 100
196 50 1
194 50 2
188 50 3
192 50 4
195 50 5
193 50 6
189 50 7
184 50 8
197 50 9
180 50 10
190 50 11
191 50 12
191 50 13
187 50 14
192 50 15
190 50 16
194 50 17
187 50 18
199 50 19
185 50 20
190 50 21
182 50 22
186 50 23
189 50 24
196 50 25
187 50 26
191 50 27
183 50 28
189 50 29
196 50 30
189 50 31
198 50 32
187 50 33
192 50 34
187 50 35
196 50 36
191 50 37
193 50 38
184 50 39
187 50 40
198 50 41
192 50 42
176 50 43
187 50 44
190 50 45
198 50 46
192 50 47
199 50 48
193 50 49
190 50 50
192 50 51
187 50 52
196 50 53
192 50 54
181 50 55
187 50 56
191 50 57
195 50 58
197 50 59
183 50 60
196 50 61
190 50 62
191 50 63
186 50 64
189 50 65
185 50 66
191 50 67
180 50 68
190 50 69
192 50 70
191 50 71
189 50 72
183 50 73
197 50 74
190 50 75
185 50 76
197 50 77
192 50 78
196 50 79
186 50 80
194 50 81
190 50 82
187 50 83
190 50 84
197 50 85
196 50 86
199 50 87
187 50 88
188 50 89
184 50 90
188 50 91
191 50 92
190 50 93
183 50 94
189 50 95
184 50 96
178 50 97
191 50 98
201 50 99
188 50 100
195 51 1
192 51 2
186 51 3
191 51 4
193 51 5
191 51 6
188 51 7
183 51 8
197 51 9
179 51 10
189 51 11
190 51 12
189 51 13
185 51 14
189 51 15
188 51 16
193 51 17
184 51 18
197 51 19
184 51 20
189 51 21
180 51 22
184 51 23
187 51 24
194 51 25
186 51 26
191 51 27
181 51 28
189 51 29
193 51 30
187 51 31
195 51 32
187 51 33
191 51 34
185 51 35
193 51 36
189 51 37
190 51 38
182 51 39
185 51 40
195 51 41
192 51 42
173 51 43
186 51 44
190 51 45
196 51 46
191 51 47
198 51 48
191 51 49
189 51 50
192 51 51
185 51 52
193 51 53
191 51 54
180 51 55
186 51 56
189 51 57
194 51 58
194 51 59
183 51 60
194 51 61
191 51 62
188 51 63
185 51 64
187 51 65
185 51 66
189 51 67
177 51 68
187 51 69
191 51 70
189 51 71
188 51 72
181 51 73
196 51 74
188 51 75
182 51 76
196 51 77
191 51 78
194 51 79
185 51 80
193 51 81
187 51 82
186 51 83
188 51 84
194 51 85
194 51 86
198 51 87
185 51 88
186 51 89
182 51 90
188 51 91
189 51 92
187 51 93
182 51 94
188 51 95
184 51 96
177 51 97
189 51 98
199 51 99
185 51 100
193 52 1
189 52 2
186 52 3
189 52 4
195 52 5
189 52 6
184 52 7
179 52 8
192 52 9
177 52 10
192 52 11
191 52 12
187 52 13
183 52 14
189 52 15
185 52 16
195 52 17
184 52 18
193 52 19
181 52 20
186 52 21
181 52 22
185 52 23
184 52 24
194 52 25
184 52 26
195 52 27
178 52 28
185 52 29
197 52 30
188 52 31
194 52 32
184 52 33
194 52 34
186 52 35
193 52 36
185 52 37
189 52 38
184 52 39
188 52 40
195 52 41
189 52 42
173 52 43
184 52 44
187 52 45
196 52 46
187 52 47
199 52 48
189 52 49
188 52 50
188 52 51
185 52 52
191 52 53
189 52 54
176 52 55
185 52 56
186 52 57
193 52 58
194 52 59
180 52 60
196 52 61
185 52 62
193 52 63
183 52 64
185 52 65
180 52 66
190 52 67
176 52 68
186 52 69
188 52 70
188 52 71
187 52 72
183 52 73
196 52 74
188 52 75
181 52 76
194 52 77
190 52 78
193 52 79
181 52 80
192 52 81
186 52 82
182 52 83
189 52 84
197 52 85
195 52 86
194 52 87
183 52 88
185 52 89
183 52 90
185 52 91
185 52 92
189 52 93
179 52 94
189 52 95
180 52 96
173 52 97
186 52 98
198 52 99
189 52 100
195 53 1
194 53 2
188 53 3
193 53 4
193 53 5
190 53 6
190 53 7
184 53 8
198 53 9
181 53 10
187 53 11
191 53 12
190 53 13
187 53 14
191 53 15
190 53 16
195 53 17
186 53 18
198 53 19
184 53 20
190 53 21
181 53 22
188 53 23
189 53 24
197 53 25
186 53 26
191 53 27
183 53 28
189 53 29
194 53 30
187 53 31
198 53 32
188 53 33
192 53 34
188 53 35
195 53 36
190 53 37
192 53 38
185 53 39
187 53 40
197 53 41
193 53 42
176 53 43
187 53 44
191 53 45
199 53 46
192 53 47
200 53 48
193 53 49
190 53 50
191 53 51
186 53 52
195 53 53
189 53 54
181 53 55
188 53 56
192 53 57
196 53 58
196 53 59
183 53 60
196 53 61
191 53 62
192 53 63
186 53 64
189 53 65
186 53 66
192 53 67
180 53 68
189 53 69
193 53 70
188 53 71
191 53 72
185 53 73
198 53 74
190 53 75
185 53 76
197 53 77
194 53 78
194 53 79
187 53 80
194 53 81
191 53 82
188 53 83
190 53 84
194 53 85
196 53 86
196 53 87
187 53 88
189 53 89
183 53 90
190 53 91
190 53 92
187 53 93
183 53 94
188 53 95
185 53 96
178 53 97
190 53 98
199 53 99
187 53 100
195 54 1
195 54 2
190 54 3
192 54 4
196 54 5
194 54 6
189 54 7
183 54 8
197 54 9
181 54 10
193 54 11
196 54 12
192 54 13
188 54 14
193 54 15
189 54 16
198 54 17
188 54 18
198 54 19
184 54 20
190 54 21
184 54 22
187 54 23
189 54 24
197 54 25
186 54 26
198 54 27
182 54 28
189 54 29
201 54 30
192 54 31
198 54 32
189 54 33
199 54 34
190 54 35
200 54 36
191 54 37
194 54 38
186 54 39
193 54 40
198 54 41
195 54 42
176 54 43
190 54 44
193 54 45
201 54 46
192 54 47
202 54 48
195 54 49
191 54 50
192 54 51
189 54 52
195 54 53
195 54 54
181 54 55
189 54 56
191 54 57
195 54 58
197 54 59
184 54 60
203 54 61
191 54 62
199 54 63
187 54 64
190 54 65
185 54 66
192 54 67
180 54 68
190 54 69
193 54 70
191 54 71
190 54 72
187 54 73
198 54 74
190 54 75
185 54 76
197 54 77
193 54 78
197 54 79
186 54 80
194 54 81
190 54 82
188 54 83
190 54 84
200 54 85
197 54 86
201 54 87
188 54 88
190 54 89
185 54 90
189 54 91
190 54 92
193 54 93
184 54 94
192 54 95
186 54 96
178 54 97
190 54 98
201 54 99
192 54 100
192 55 1
191 55 2
183 55 3
188 55 4
189 55 5
186 55 6
185 55 7
184 55 8
197 55 9
181 55 10
183 55 11
185 55 12
186 55 13
184 55 14
187 55 15
186 55 16
189 55 17
179 55 18
194 55 19
179 55 20
184 55 21
177 55 22
183 55 23
186 55 24
190 55 25
185 55 26
186 55 27
181 55 28
186 55 29
189 55 30
183 55 31
194 55 32
182 55 33
185 55 34
181 55 35
189 55 36
185 55 37
187 55 38
181 55 39
181 55 40
192 55 41
187 55 42
174 55 43
182 55 44
185 55 45
192 55 46
189 55 47
193 55 48
189 55 49
186 55 50
188 55 51
182 55 52
191 55 53
185 55 54
182 55 55
183 55 56
187 55 57
191 55 58
190 55 59
182 55 60
190 55 61
186 55 62
185 55 63
181 55 64
183 55 65
184 55 66
187 55 67
176 55 68
183 55 69
188 55 70
184 55 71
186 55 72
178 55 73
194 55 74
189 55 75
180 55 76
196 55 77
191 55 78
189 55 79
185 55 80
191 55 81
183 55 82
185 55 83
190 55 84
188 55 85
190 55 86
191 55 87
186 55 88
183 55 89
176 55 90
184 55 91
187 55 92
181 55 93
179 55 94
183 55 95
183 55 96
177 55 97
186 55 98
195 55 99
180 55 100
196 56 1
195 56 2
191 56 3
193 56 4
196 56 5
194 56 6
190 56 7
184 56 8
198 56 9
181 56 10
190 56 11
195 56 12
193 56 13
188 56 14
194 56 15
190 56 16
199 56 17
189 56 18
199 56 19
185 56 20
191 56 21
184 56 22
188 56 23
190 56 24
198 56 25
187 56 26
195 56 27
183 56 28
190 56 29
197 56 30
191 56 31
199 56 32
190 56 33
195 56 34
189 56 35
198 56 36
192 56 37
194 56 38
186 56 39
190 56 40
199 56 41
194 56 42
177 56 43
190 56 44
193 56 45
201 56 46
193 56 47
203 56 48
195 56 49
191 56 50
193 56 51
189 56 52
196 56 53
192 56 54
182 56 55
190 56 56
192 56 57
196 56 58
198 56 59
184 56 60
199 56 61
191 56 62
195 56 63
187 56 64
190 56 65
186 56 66
193 56 67
181 56 68
191 56 69
194 56 70
191 56 71
191 56 72
187 56 73
199 56 74
191 56 75
186 56 76
198 56 77
194 56 78
197 56 79
187 56 80
195 56 81
191 56 82
189 56 83
191 56 84
198 56 85
198 56 86
200 56 87
188 56 88
190 56 89
185 56 90
190 56 91
191 56 92
191 56 93
184 56 94
191 56 95
186 56 96
179 56 97
191 56 98
202 56 99
191 56 100
194 57 1
194 57 2
186 57 3
191 57 4
192 57 5
190 57 6
188 57 7
184 57 8
198 57 9
181 57 10
186 57 11
188 57 12
189 57 13
188 57 14
189 57 15
189 57 16
192 57 17
183 57 18
197 57 19
184 57 20
188 57 21
180 57 22
186 57 23
189 57 24
194 57 25
187 57 26
188 57 27
183 57 28
190 57 29
193 57 30
186 57 31
198 57 32
186 57 33
189 57 34
185 57 35
192 57 36
189 57 37
191 57 38
185 57 39
185 57 40
196 57 41
190 57 42
176 57 43
185 57 44
187 57 45
196 57 46
192 57 47
197 57 48
191 57 49
189 57 50
191 57 51
184 57 52
194 57 53
189 57 54
182 57 55
186 57 56
190 57 57
194 57 58
193 57 59
184 57 60
193 57 61
189 57 62
189 57 63
184 57 64
188 57 65
186 57 66
191 57 67
180 57 68
187 57 69
190 57 70
187 57 71
189 57 72
182 57 73
198 57 74
190 57 75
184 57 76
198 57 77
193 57 78
193 57 79
187 57 80
192 57 81
187 57 82
188 57 83
191 57 84
191 57 85
193 57 86
194 57 87
188 57 88
186 57 89
180 57 90
187 57 91
191 57 92
185 57 93
182 57 94
186 57 95
185 57 96
179 57 97
189 57 98
198 57 99
184 57 100
196 58 1
195 58 2
189 58 3
193 58 4
195 58 5
192 58 6
190 58 7
184 58 8
198 58 9
181 58 10
189 58 11
192 58 12
192 58 13
188 58 14
192 58 15
190 58 16
196 58 17
188 58 18
199 58 19
185 58 20
191 58 21
183 58 22
188 58 23
190 58 24
198 58 25
187 58 26
192 58 27
183 58 28
190 58 29
196 58 30
189 58 31
199 58 32
189 58 33
193 58 34
188 58 35
196 58 36
192 58 37
193 58 38
186 58 39
188 58 40
199 58 41
193 58 42
177 58 43
189 58 44
191 58 45
200 58 46
193 58 47
201 58 48
194 58 49
191 58 50
192 58 51
187 58 52
196 58 53
191 58 54
182 58 55
189 58 56
192 58 57
196 58 58
198 58 59
184 58 60
197 58 61
191 58 62
192 58 63
186 58 64
190 58 65
186 58 66
193 58 67
181 58 68
190 58 69
194 58 70
190 58 71
191 58 72
185 58 73
199 58 74
191 58 75
186 58 76
198 58 77
194 58 78
195 58 79
187 58 80
195 58 81
191 58 82
189 58 83
191 58 84
196 58 85
197 58 86
198 58 87
188 58 88
190 58 89
184 58 90
190 58 91
191 58 92
189 58 93
184 58 94
189 58 95
186 58 96
179 58 97
191 58 98
201 58 99
188 58 100
195 59 1
194 59 2
188 59 3
192 59 4
194 59 5
191 59 6
190 59 7
183 59 8
197 59 9
180 59 10
188 59 11
191 59 12
191 59 13
187 59 14
191 59 15
189 59 16
195 59 17
187 59 18
198 59 19
185 59 20
190 59 21
183 59 22
187 59 23
190 59 24
197 59 25
186 59 26
191 59 27
183 59 28
189 59 29
195 59 30
188 59 31
198 59 32
188 59 33
192 59 34
187 59 35
195 59 36
191 59 37
192 59 38
186 59 39
188 59 40
199 59 41
193 59 42
176 59 43
188 59 44
190 59 45
200 59 46
193 59 47
200 59 48
193 59 49
190 59 50
191 59 51
186 59 52
196 59 53
190 59 54
181 59 55
189 59 56
191 59 57
195 59 58
198 59 59
183 59 60
196 59 61
191 59 62
192 59 63
185 59 64
189 59 65
186 59 66
192 59 67
180 59 68
190 59 69
194 59 70
190 59 71
190 59 72
184 59 73
199 59 74
190 59 75
185 59 76
197 59 77
193 59 78
194 59 79
186 59 80
194 59 81
190 59 82
189 59 83
191 59 84
195 59 85
196 59 86
197 59 87
188 59 88
190 59 89
184 59 90
189 59 91
190 59 92
189 59 93
184 59 94
189 59 95
185 59 96
179 59 97
191 59 98
200 59 99
187 59 100
192 60 1
190 60 2
187 60 3
189 60 4
189 60 5
189 60 6
185 60 7
181 60 8
194 60 9
180 60 10
185 60 11
188 60 12
188 60 13
184 60 14
188 60 15
187 60 16
191 60 17
184 60 18
196 60 19
182 60 20
186 60 21
177 60 22
185 60 23
184 60 24
193 60 25
182 60 26
187 60 27
181 60 28
187 60 29
191 60 30
183 60 31
195 60 32
184 60 33
189 60 34
183 60 35
190 60 36
188 60 37
191 60 38
182 60 39
181 60 40
196 60 41
189 60 42
172 60 43
186 60 44
187 60 45
194 60 46
188 60 47
196 60 48
191 60 49
189 60 50
188 60 51
182 60 52
192 60 53
186 60 54
179 60 55
182 60 56
188 60 57
193 60 58
194 60 59
184 60 60
192 60 61
188 60 62
187 60 63
181 60 64
185 60 65
183 60 66
191 60 67
176 60 68
184 60 69
188 60 70
188 60 71
186 60 72
180 60 73
194 60 74
186 60 75
183 60 76
194 60 77
190 60 78
190 60 79
184 60 80
190 60 81
184 60 82
184 60 83
187 60 84
191 60 85
192 60 86
193 60 87
186 60 88
184 60 89
179 60 90
185 60 91
188 60 92
184 60 93
179 60 94
184 60 95
181 60 96
176 60 97
186 60 98
197 60 99
184 60 100
195 61 1
194 61 2
190 61 3
192 61 4
197 61 5
194 61 6
189 61 7
184 61 8
197 61 9
180 61 10
192 61 11
196 61 12
192 61 13
187 61 14
193 61 15
189 61 16
198 61 17
188 61 18
198 61 19
184 61 20
191 61 21
184 61 22
187 61 23
190 61 24
197 61 25
186 61 26
198 61 27
183 61 28
189 61 29
200 61 30
191 61 31
198 61 32
189 61 33
200 61 34
189 61 35
200 61 36
192 61 37
193 61 38
186 61 39
194 61 40
198 61 41
194 61 42
177 61 43
189 61 44
194 61 45
200 61 46
192 61 47
202 61 48
194 61 49
190 61 50
193 61 51
190 61 52
196 61 53
194 61 54
181 61 55
190 61 56
191 61 57
196 61 58
198 61 59
183 61 60
203 61 61
191 61 62
199 61 63
188 61 64
190 61 65
186 61 66
193 61 67
181 61 68
190 61 69
194 61 70
191 61 71
190 61 72
187 61 73
199 61 74
191 61 75
185 61 76
197 61 77
193 61 78
198 61 79
187 61 80
194 61 81
191 61 82
189 61 83
191 61 84
199 61 85
198 61 86
200 61 87
187 61 88
190 61 89
186 61 90
189 61 91
191 61 92
192 61 93
183 61 94
191 61 95
185 61 96
179 61 97
191 61 98
201 61 99
191 61 100
196 62 1
195 62 2
190 62 3
193 62 4
196 62 5
194 62 6
190 62 7
184 62 8
198 62 9
181 62 10
192 62 11
196 62 12
193 62 13
188 62 14
193 62 15
190 62 16
198 62 17
189 62 18
199 62 19
185 62 20
191 62 21
185 62 22
188 62 23
190 62 24
198 62 25
187 62 26
195 62 27
183 62 28
190 62 29
200 62 30
191 62 31
199 62 32
190 62 33
196 62 34
190 62 35
199 62 36
192 62 37
194 62 38
186 62 39
191 62 40
199 62 41
195 62 42
177 62 43
190 62 44
193 62 45
201 62 46
193 62 47
202 62 48
194 62 49
191 62 50
193 62 51
189 62 52
196 62 53
193 62 54
182 62 55
189 62 56
192 62 57
196 62 58
198 62 59
184 62 60
200 62 61
191 62 62
196 62 63
188 62 64
190 62 65
186 62 66
193 62 67
181 62 68
191 62 69
194 62 70
191 62 71
191 62 72
186 62 73
199 62 74
191 62 75
186 62 76
198 62 77
194 62 78
197 62 79
187 62 80
195 62 81
191 62 82
189 62 83
191 62 84
199 62 85
197 62 86
200 62 87
188 62 88
190 62 89
185 62 90
190 62 91
191 62 92
192 62 93
184 62 94
191 62 95
186 62 96
179 62 97
191 62 98
202 62 99
191 62 100
195 63 1
194 63 2
191 63 3
192 63 4
196 63 5
194 63 6
189 63 7
183 63 8
197 63 9
180 63 10
193 63 11
196 63 12
192 63 13
187 63 14
194 63 15
190 63 16
198 63 17
188 63 18
199 63 19
185 63 20
190 63 21
184 63 22
187 63 23
190 63 24
198 63 25
186 63 26
199 63 27
182 63 28
189 63 29
201 63 30
191 63 31
198 63 32
189 63 33
199 63 34
189 63 35
200 63 36
192 63 37
193 63 38
186 63 39
194 63 40
199 63 41
194 63 42
177 63 43
189 63 44
193 63 45
201 63 46
192 63 47
203 63 48
194 63 49
190 63 50
193 63 51
190 63 52
195 63 53
194 63 54
181 63 55
190 63 56
191 63 57
195 63 58
198 63 59
183 63 60
202 63 61
191 63 62
199 63 63
187 63 64
189 63 65
186 63 66
193 63 67
181 63 68
190 63 69
194 63 70
192 63 71
190 63 72
186 63 73
198 63 74
190 63 75
185 63 76
198 63 77
193 63 78
197 63 79
187 63 80
194 63 81
190 63 82
188 63 83
190 63 84
199 63 85
197 63 86
200 63 87
188 63 88
189 63 89
185 63 90
189 63 91
190 63 92
193 63 93
183 63 94
191 63 95
186 63 96
178 63 97
190 63 98
202 63 99
191 63 100
194 64 1
193 64 2
189 64 3
192 64 4
195 64 5
192 64 6
189 64 7
183 64 8
196 64 9
180 64 10
188 64 11
192 64 12
190 64 13
186 64 14
192 64 15
189 64 16
196 64 17
187 64 18
197 64 19
183 64 20
189 64 21
182 64 22
185 64 23
188 64 24
195 64 25
185 64 26
195 64 27
182 64 28
189 64 29
195 64 30
188 64 31
196 64 32
187 64 33
194 64 34
187 64 35
196 64 36
192 64 37
193 64 38
184 64 39
189 64 40
196 64 41
192 64 42
176 64 43
188 64 44
191 64 45
199 64 46
192 64 47
200 64 48
194 64 49
189 64 50
192 64 51
187 64 52
195 64 53
192 64 54
181 64 55
188 64 56
190 64 57
195 64 58
196 64 59
183 64 60
199 64 61
190 64 62
193 64 63
187 64 64
190 64 65
186 64 66
191 64 67
179 64 68
189 64 69
193 64 70
189 64 71
189 64 72
185 64 73
197 64 74
190 64 75
183 64 76
196 64 77
191 64 78
196 64 79
186 64 80
194 64 81
189 64 82
187 64 83
190 64 84
195 64 85
196 64 86
198 64 87
186 64 88
188 64 89
183 64 90
188 64 91
190 64 92
189 64 93
182 64 94
189 64 95
183 64 96
178 64 97
190 64 98
201 64 99
189 64 100
194 65 1
192 65 2
188 65 3
190 65 4
194 65 5
192 65 6
188 65 7
181 65 8
194 65 9
178 65 10
188 65 11
191 65 12
190 65 13
185 65 14
191 65 15
188 65 16
196 65 17
189 65 18
196 65 19
183 65 20
189 65 21
182 65 22
184 65 23
188 65 24
195 65 25
185 65 26
192 65 27
180 65 28
188 65 29
195 65 30
189 65 31
197 65 32
186 65 33
192 65 34
188 65 35
195 65 36
189 65 37
192 65 38
182 65 39
189 65 40
197 65 41
193 65 42
176 65 43
189 65 44
192 65 45
198 65 46
191 65 47
200 65 48
192 65 49
187 65 50
191 65 51
188 65 52
194 65 53
193 65 54
179 65 55
186 65 56
188 65 57
192 65 58
196 65 59
181 65 60
195 65 61
187 65 62
191 65 63
186 65 64
189 65 65
184 65 66
190 65 67
179 65 68
189 65 69
192 65 70
190 65 71
188 65 72
184 65 73
195 65 74
189 65 75
183 65 76
194 65 77
190 65 78
196 65 79
183 65 80
193 65 81
188 65 82
187 65 83
187 65 84
195 65 85
196 65 86
199 65 87
184 65 88
187 65 89
184 65 90
187 65 91
189 65 92
190 65 93
181 65 94
188 65 95
182 65 96
176 65 97
188 65 98
201 65 99
190 65 100
195 66 1
192 66 2
187 66 3
191 66 4
192 66 5
189 66 6
188 66 7
184 66 8
195 66 9
179 66 10
186 66 11
190 66 12
190 66 13
186 66 14
189 66 15
188 66 16
194 66 17
184 66 18
196 66 19
182 66 20
190 66 21
179 66 22
185 66 23
189 66 24
195 66 25
186 66 26
190 66 27
183 66 28
188 66 29
192 66 30
185 66 31
197 66 32
186 66 33
190 66 34
185 66 35
193 66 36
190 66 37
190 66 38
185 66 39
187 66 40
196 66 41
190 66 42
175 66 43
186 66 44
190 66 45
197 66 46
191 66 47
200 66 48
191 66 49
188 66 50
191 66 51
186 66 52
194 66 53
187 66 54
181 66 55
188 66 56
190 66 57
194 66 58
195 66 59
183 66 60
195 66 61
190 66 62
189 66 63
185 66 64
188 66 65
185 66 66
191 66 67
180 66 68
187 66 69
193 66 70
188 66 71
189 66 72
184 66 73
197 66 74
190 66 75
184 66 76
195 66 77
192 66 78
192 66 79
186 66 80
194 66 81
190 66 82
187 66 83
189 66 84
192 66 85
195 66 86
195 66 87
185 66 88
187 66 89
181 66 90
188 66 91
189 66 92
185 66 93
182 66 94
186 66 95
184 66 96
178 66 97
190 66 98
197 66 99
185 66 100
196 67 1
193 67 2
188 67 3
191 67 4
193 67 5
190 67 6
188 67 7
184 67 8
197 67 9
180 67 10
187 67 11
190 67 12
190 67 13
186 67 14
192 67 15
190 67 16
195 67 17
186 67 18
198 67 19
184 67 20
190 67 21
180 67 22
186 67 23
190 67 24
196 67 25
187 67 26
190 67 27
182 67 28
188 67 29
193 67 30
187 67 31
198 67 32
187 67 33
191 67 34
186 67 35
195 67 36
190 67 37
192 67 38
184 67 39
186 67 40
197 67 41
192 67 42
177 67 43
186 67 44
189 67 45
197 67 46
191 67 47
199 67 48
192 67 49
190 67 50
191 67 51
186 67 52
196 67 53
189 67 54
181 67 55
187 67 56
190 67 57
195 67 58
197 67 59
183 67 60
195 67 61
190 67 62
191 67 63
185 67 64
188 67 65
185 67 66
191 67 67
181 67 68
189 67 69
192 67 70
189 67 71
189 67 72
184 67 73
197 67 74
191 67 75
185 67 76
197 67 77
193 67 78
193 67 79
186 67 80
194 67 81
190 67 82
188 67 83
190 67 84
194 67 85
195 67 86
197 67 87
187 67 88
188 67 89
183 67 90
189 67 91
190 67 92
188 67 93
183 67 94
188 67 95
184 67 96
177 67 97
190 67 98
199 67 99
186 67 100
194 68 1
193 68 2
187 68 3
192 68 4
193 68 5
190 68 6
188 68 7
183 68 8
197 68 9
180 68 10
188 68 11
190 68 12
191 68 13
187 68 14
190 68 15
188 68 16
193 68 17
185 68 18
197 68 19
183 68 20
188 68 21
182 68 22
186 68 23
189 68 24
195 68 25
186 68 26
190 68 27
182 68 28
189 68 29
195 68 30
188 68 31
199 68 32
187 68 33
190 68 34
187 68 35
193 68 36
190 68 37
190 68 38
186 68 39
186 68 40
198 68 41
190 68 42
176 68 43
187 68 44
188 68 45
199 68 46
192 68 47
198 68 48
191 68 49
190 68 50
190 68 51
184 68 52
194 68 53
190 68 54
181 68 55
187 68 56
189 68 57
195 68 58
195 68 59
183 68 60
195 68 61
188 68 62
191 68 63
184 68 64
189 68 65
186 68 66
191 68 67
181 68 68
187 68 69
191 68 70
187 68 71
189 68 72
184 68 73
199 68 74
191 68 75
185 68 76
198 68 77
194 68 78
193 68 79
186 68 80
192 68 81
189 68 82
188 68 83
191 68 84
194 68 85
194 68 86
195 68 87
187 68 88
189 68 89
182 68 90
187 68 91
191 68 92
187 68 93
181 68 94
187 68 95
185 68 96
179 68 97
189 68 98
200 68 99
185 68 100
196 69 1
195 69 2
191 69 3
193 69 4
197 69 5
195 69 6
190 69 7
184 69 8
198 69 9
181 69 10
190 69 11
195 69 12
192 69 13
188 69 14
194 69 15
190 69 16
198 69 17
188 69 18
199 69 19
185 69 20
190 69 21
184 69 22
187 69 23
189 69 24
197 69 25
187 69 26
195 69 27
183 69 28
190 69 29
197 69 30
191 69 31
198 69 32
189 69 33
195 69 34
189 69 35
198 69 36
192 69 37
194 69 38
185 69 39
190 69 40
198 69 41
194 69 42
176 69 43
189 69 44
193 69 45
200 69 46
193 69 47
202 69 48
195 69 49
191 69 50
193 69 51
189 69 52
196 69 53
193 69 54
182 69 55
189 69 56
192 69 57
196 69 58
197 69 59
184 69 60
198 69 61
191 69 62
194 69 63
188 69 64
190 69 65
186 69 66
192 69 67
180 69 68
191 69 69
193 69 70
192 69 71
190 69 72
186 69 73
198 69 74
190 69 75
185 69 76
198 69 77
193 69 78
198 69 79
187 69 80
195 69 81
190 69 82
188 69 83
191 69 84
198 69 85
197 69 86
201 69 87
188 69 88
189 69 89
185 69 90
189 69 91
191 69 92
191 69 93
184 69 94
192 69 95
185 69 96
179 69 97
191 69 98
202 69 99
190 69 100
194 70 1
194 70 2
188 70 3
192 70 4
195 70 5
192 70 6
188 70 7
182 70 8
197 70 9
180 70 10
191 70 11
194 70 12
192 70 13
187 70 14
191 70 15
190 70 16
197 70 17
188 70 18
197 70 19
183 70 20
189 70 21
183 70 22
186 70 23
189 70 24
196 70 25
186 70 26
193 70 27
181 70 28
188 70 29
197 70 30
190 70 31
198 70 32
188 70 33
195 70 34
188 70 35
198 70 36
190 70 37
193 70 38
185 70 39
190 70 40
197 70 41
194 70 42
176 70 43
188 70 44
192 70 45
199 70 46
191 70 47
201 70 48
192 70 49
190 70 50
193 70 51
187 70 52
194 70 53
191 70 54
182 70 55
187 70 56
190 70 57
194 70 58
196 70 59
182 70 60
198 70 61
190 70 62
193 70 63
187 70 64
189 70 65
186 70 66
191 70 67
180 70 68
189 70 69
194 70 70
189 70 71
191 70 72
184 70 73
198 70 74
190 70 75
184 70 76
196 70 77
194 70 78
196 70 79
187 70 80
194 70 81
189 70 82
188 70 83
189 70 84
196 70 85
195 70 86
199 70 87
186 70 88
189 70 89
184 70 90
188 70 91
190 70 92
190 70 93
182 70 94
189 70 95
185 70 96
178 70 97
189 70 98
201 70 99
188 70 100
196 71 1
194 71 2
190 71 3
192 71 4
196 71 5
195 71 6
190 71 7
184 71 8
197 71 9
181 71 10
191 71 11
194 71 12
192 71 13
187 71 14
193 71 15
189 71 16
198 71 17
187 71 18
198 71 19
184 71 20
189 71 21
183 71 22
186 71 23
188 71 24
196 71 25
187 71 26
196 71 27
183 71 28
190 71 29
197 71 30
190 71 31
197 71 32
188 71 33
195 71 34
188 71 35
198 71 36
191 71 37
193 71 38
184 71 39
190 71 40
197 71 41
193 71 42
175 71 43
189 71 44
193 71 45
199 71 46
193 71 47
202 71 48
194 71 49
190 71 50
193 71 51
189 71 52
195 71 53
193 71 54
182 71 55
189 71 56
191 71 57
195 71 58
196 71 59
184 71 60
198 71 61
191 71 62
194 71 63
187 71 64
189 71 65
186 71 66
191 71 67
179 71 68
190 71 69
193 71 70
192 71 71
190 71 72
185 71 73
197 71 74
190 71 75
184 71 76
197 71 77
192 71 78
197 71 79
187 71 80
195 71 81
189 71 82
187 71 83
190 71 84
197 71 85
197 71 86
200 71 87
187 71 88
188 71 89
184 71 90
189 71 91
190 71 92
190 71 93
183 71 94
191 71 95
185 71 96
179 71 97
191 71 98
201 71 99
189 71 100
193 72 1
193 72 2
186 72 3
190 72 4
191 72 5
190 72 6
187 72 7
181 72 8
195 72 9
178 72 10
187 72 11
190 72 12
190 72 13
184 72 14
189 72 15
186 72 16
195 72 17
186 72 18
196 72 19
182 72 20
189 72 21
181 72 22
185 72 23
187 72 24
195 72 25
185 72 26
189 72 27
181 72 28
187 72 29
194 72 30
188 72 31
197 72 32
186 72 33
192 72 34
186 72 35
193 72 36
189 72 37
190 72 38
183 72 39
186 72 40
195 72 41
190 72 42
174 72 43
187 72 44
189 72 45
197 72 46
190 72 47
200 72 48
191 72 49
187 72 50
189 72 51
185 72 52
192 72 53
188 72 54
180 72 55
187 72 56
188 72 57
193 72 58
195 72 59
181 72 60
194 72 61
188 72 62
189 72 63
183 72 64
186 72 65
183 72 66
191 72 67
177 72 68
188 72 69
191 72 70
188 72 71
191 72 72
182 72 73
196 72 74
189 72 75
185 72 76
194 72 77
190 72 78
193 72 79
184 72 80
192 72 81
188 72 82
186 72 83
187 72 84
194 72 85
195 72 86
196 72 87
185 72 88
188 72 89
182 72 90
189 72 91
188 72 92
187 72 93
181 72 94
186 72 95
185 72 96
176 72 97
189 72 98
198 72 99
187 72 100
194 73 1
193 73 2
189 73 3
191 73 4
196 73 5
193 73 6
188 73 7
183 73 8
196 73 9
179 73 10
189 73 11
194 73 12
192 73 13
187 73 14
192 73 15
189 73 16
198 73 17
187 73 18
197 73 19
183 73 20
189 73 21
183 73 22
186 73 23
188 73 24
197 73 25
185 73 26
193 73 27
181 73 28
189 73 29
197 73 30
192 73 31
198 73 32
188 73 33
195 73 34
189 73 35
198 73 36
191 73 37
193 73 38
185 73 39
191 73 40
198 73 41
193 73 42
176 73 43
189 73 44
192 73 45
200 73 46
191 73 47
201 73 48
193 73 49
189 73 50
191 73 51
188 73 52
195 73 53
191 73 54
181 73 55
188 73 56
191 73 57
195 73 58
197 73 59
183 73 60
197 73 61
189 73 62
193 73 63
186 73 64
189 73 65
184 73 66
191 73 67
179 73 68
190 73 69
192 73 70
191 73 71
190 73 72
187 73 73
198 73 74
190 73 75
185 73 76
197 73 77
192 73 78
196 73 79
185 73 80
193 73 81
189 73 82
188 73 83
189 73 84
198 73 85
197 73 86
199 73 87
187 73 88
189 73 89
185 73 90
188 73 91
189 73 92
190 73 93
182 73 94
191 73 95
185 73 96
178 73 97
189 73 98
200 73 99
190 73 100
194 74 1
194 74 2
188 74 3
192 74 4
193 74 5
190 74 6
188 74 7
182 74 8
197 74 9
180 74 10
189 74 11
193 74 12
192 74 13
187 74 14
192 74 15
189 74 16
196 74 17
188 74 18
197 74 19
184 74 20
190 74 21
183 74 22
187 74 23
188 74 24
197 74 25
185 74 26
191 74 27
182 74 28
188 74 29
196 74 30
190 74 31
197 74 32
189 74 33
192 74 34
187 74 35
196 74 36
190 74 37
194 74 38
185 74 39
187 74 40
197 74 41
193 74 42
175 74 43
189 74 44
192 74 45
200 74 46
191 74 47
201 74 48
192 74 49
190 74 50
192 74 51
186 74 52
194 74 53
189 74 54
181 74 55
188 74 56
190 74 57
195 74 58
196 74 59
182 74 60
196 74 61
189 74 62
191 74 63
185 74 64
189 74 65
185 74 66
192 74 67
180 74 68
190 74 69
193 74 70
189 74 71
191 74 72
184 74 73
199 74 74
190 74 75
185 74 76
196 74 77
193 74 78
196 74 79
186 74 80
193 74 81
189 74 82
187 74 83
189 74 84
195 74 85
195 74 86
198 74 87
187 74 88
190 74 89
183 74 90
189 74 91
189 74 92
189 74 93
183 74 94
188 74 95
184 74 96
177 74 97
190 74 98
201 74 99
188 74 100
194 75 1
194 75 2
186 75 3
190 75 4
191 75 5
189 75 6
189 75 7
182 75 8
197 75 9
180 75 10
185 75 11
189 75 12
189 75 13
186 75 14
189 75 15
188 75 16
194 75 17
185 75 18
196 75 19
183 75 20
189 75 21
180 75 22
187 75 23
189 75 24
195 75 25
185 75 26
189 75 27
182 75 28
188 75 29
194 75 30
186 75 31
199 75 32
186 75 33
191 75 34
186 75 35
193 75 36
188 75 37
192 75 38
184 75 39
186 75 40
196 75 41
191 75 42
176 75 43
185 75 44
188 75 45
196 75 46
190 75 47
198 75 48
191 75 49
188 75 50
191 75 51
185 75 52
194 75 53
187 75 54
182 75 55
186 75 56
190 75 57
194 75 58
194 75 59
182 75 60
194 75 61
190 75 62
189 75 63
184 75 64
188 75 65
184 75 66
192 75 67
180 75 68
188 75 69
191 75 70
188 75 71
190 75 72
184 75 73
197 75 74
191 75 75
185 75 76
197 75 77
192 75 78
192 75 79
185 75 80
192 75 81
188 75 82
188 75 83
189 75 84
192 75 85
195 75 86
195 75 87
186 75 88
186 75 89
180 75 90
188 75 91
189 75 92
185 75 93
182 75 94
186 75 95
185 75 96
177 75 97
188 75 98
198 75 99
186 75 100
195 76 1
194 76 2
190 76 3
193 76 4
197 76 5
194 76 6
189 76 7
183 76 8
197 76 9
181 76 10
190 76 11
195 76 12
193 76 13
187 76 14
193 76 15
190 76 16
198 76 17
189 76 18
198 76 19
184 76 20
190 76 21
184 76 22
188 76 23
189 76 24
197 76 25
187 76 26
194 76 27
182 76 28
190 76 29
198 76 30
192 76 31
198 76 32
189 76 33
196 76 34
189 76 35
198 76 36
192 76 37
194 76 38
185 76 39
190 76 40
198 76 41
194 76 42
177 76 43
189 76 44
193 76 45
200 76 46
192 76 47
202 76 48
194 76 49
191 76 50
192 76 51
189 76 52
196 76 53
192 76 54
182 76 55
189 76 56
192 76 57
195 76 58
198 76 59
184 76 60
198 76 61
191 76 62
195 76 63
187 76 64
190 76 65
185 76 66
192 76 67
181 76 68
191 76 69
193 76 70
192 76 71
191 76 72
186 76 73
198 76 74
190 76 75
185 76 76
198 76 77
193 76 78
197 76 79
186 76 80
194 76 81
191 76 82
189 76 83
190 76 84
198 76 85
197 76 86
200 76 87
187 76 88
189 76 89
185 76 90
190 76 91
190 76 92
191 76 93
183 76 94
191 76 95
185 76 96
179 76 97
190 76 98
201 76 99
190 76 100
193 77 1
190 77 2
183 77 3
189 77 4
188 77 5
186 77 6
184 77 7
182 77 8
197 77 9
178 77 10
183 77 11
185 77 12
185 77 13
185 77 14
186 77 15
186 77 16
188 77 17
179 77 18
194 77 19
181 77 20
185 77 21
176 77 22
183 77 23
185 77 24
190 77 25
185 77 26
185 77 27
180 77 28
185 77 29
188 77 30
183 77 31
195 77 32
184 77 33
186 77 34
182 77 35
190 77 36
185 77 37
187 77 38
180 77 39
180 77 40
193 77 41
187 77 42
174 77 43
180 77 44
183 77 45
191 77 46
187 77 47
193 77 48
187 77 49
186 77 50
187 77 51
182 77 52
191 77 53
185 77 54
180 77 55
182 77 56
186 77 57
191 77 58
189 77 59
180 77 60
189 77 61
187 77 62
186 77 63
181 77 64
184 77 65
182 77 66
187 77 67
178 77 68
183 77 69
186 77 70
183 77 71
185 77 72
179 77 73
195 77 74
188 77 75
180 77 76
198 77 77
191 77 78
188 77 79
185 77 80
188 77 81
182 77 82
185 77 83
188 77 84
187 77 85
189 77 86
191 77 87
185 77 88
182 77 89
177 77 90
183 77 91
187 77 92
182 77 93
179 77 94
184 77 95
182 77 96
175 77 97
185 77 98
193 77 99
180 77 100
194 78 1
195 78 2
187 78 3
191 78 4
193 78 5
191 78 6
188 78 7
183 78 8
196 78 9
179 78 10
189 78 11
191 78 12
191 78 13
186 78 14
192 78 15
188 78 16
195 78 17
187 78 18
197 78 19
184 78 20
190 78 21
182 78 22
187 78 23
188 78 24
198 78 25
186 78 26
190 78 27
182 78 28
188 78 29
196 78 30
188 78 31
197 78 32
188 78 33
192 78 34
187 78 35
195 78 36
191 78 37
193 78 38
185 78 39
186 78 40
197 78 41
191 78 42
175 78 43
188 78 44
191 78 45
199 78 46
191 78 47
200 78 48
192 78 49
189 78 50
191 78 51
186 78 52
195 78 53
189 78 54
180 78 55
189 78 56
191 78 57
196 78 58
196 78 59
182 78 60
195 78 61
189 78 62
191 78 63
184 78 64
188 78 65
184 78 66
193 78 67
179 78 68
190 78 69
192 78 70
190 78 71
190 78 72
184 78 73
198 78 74
189 78 75
185 78 76
196 78 77
192 78 78
194 78 79
185 78 80
193 78 81
189 78 82
187 78 83
189 78 84
196 78 85
196 78 86
197 78 87
187 78 88
189 78 89
183 78 90
190 78 91
189 78 92
188 78 93
183 78 94
188 78 95
184 78 96
177 78 97
191 78 98
200 78 99
188 78 100
195 79 1
194 79 2
190 79 3
193 79 4
196 79 5
194 79 6
189 79 7
183 79 8
198 79 9
181 79 10
191 79 11
195 79 12
191 79 13
188 79 14
193 79 15
190 79 16
197 79 17
187 79 18
198 79 19
184 79 20
189 79 21
183 79 22
186 79 23
188 79 24
196 79 25
186 79 26
194 79 27
182 79 28
189 79 29
197 79 30
191 79 31
197 79 32
188 79 33
194 79 34
188 79 35
197 79 36
191 79 37
194 79 38
184 79 39
189 79 40
197 79 41
194 79 42
175 79 43
188 79 44
193 79 45
199 79 46
192 79 47
201 79 48
194 79 49
191 79 50
193 79 51
188 79 52
195 79 53
192 79 54
182 79 55
188 79 56
191 79 57
195 79 58
196 79 59
183 79 60
198 79 61
190 79 62
194 79 63
187 79 64
190 79 65
186 79 66
191 79 67
180 79 68
190 79 69
193 79 70
191 79 71
190 79 72
185 79 73
198 79 74
190 79 75
184 79 76
197 79 77
193 79 78
198 79 79
187 79 80
194 79 81
189 79 82
187 79 83
190 79 84
198 79 85
196 79 86
200 79 87
187 79 88
189 79 89
184 79 90
188 79 91
190 79 92
191 79 93
183 79 94
191 79 95
184 79 96
178 79 97
190 79 98
202 79 99
190 79 100
196 80 1
195 80 2
189 80 3
193 80 4
194 80 5
191 80 6
190 80 7
184 80 8
198 80 9
181 80 10
188 80 11
192 80 12
191 80 13
188 80 14
192 80 15
190 80 16
196 80 17
187 80 18
199 80 19
185 80 20
191 80 21
182 80 22
188 80 23
190 80 24
198 80 25
187 80 26
191 80 27
183 80 28
190 80 29
195 80 30
188 80 31
199 80 32
189 80 33
192 80 34
188 80 35
196 80 36
191 80 37
193 80 38
186 80 39
188 80 40
198 80 41
193 80 42
177 80 43
188 80 44
191 80 45
199 80 46
193 80 47
201 80 48
193 80 49
191 80 50
192 80 51
187 80 52
196 80 53
190 80 54
182 80 55
189 80 56
192 80 57
196 80 58
197 80 59
184 80 60
196 80 61
191 80 62
192 80 63
186 80 64
190 80 65
186 80 66
193 80 67
181 80 68
190 80 69
193 80 70
189 80 71
191 80 72
185 80 73
199 80 74
191 80 75
186 80 76
198 80 77
194 80 78
194 80 79
187 80 80
195 80 81
191 80 82
189 80 83
191 80 84
195 80 85
196 80 86
197 80 87
188 80 88
189 80 89
183 80 90
190 80 91
191 80 92
188 80 93
184 80 94
189 80 95
186 80 96
179 80 97
191 80 98
200 80 99
187 80 100
195 81 1
195 81 2
188 81 3
192 81 4
193 81 5
191 81 6
190 81 7
184 81 8
198 81 9
181 81 10
187 81 11
191 81 12
191 81 13
188 81 14
191 81 15
190 81 16
195 81 17
186 81 18
198 81 19
185 81 20
191 81 21
182 81 22
188 81 23
190 81 24
197 81 25
187 81 26
190 81 27
183 81 28
190 81 29
195 81 30
187 81 31
199 81 32
188 81 33
192 81 34
187 81 35
195 81 36
190 81 37
193 81 38
186 81 39
187 81 40
198 81 41
193 81 42
177 81 43
187 81 44
190 81 45
198 81 46
192 81 47
200 81 48
193 81 49
190 81 50
192 81 51
187 81 52
196 81 53
189 81 54
182 81 55
188 81 56
192 81 57
195 81 58
196 81 59
184 81 60
196 81 61
191 81 62
191 81 63
186 81 64
189 81 65
186 81 66
193 81 67
181 81 68
189 81 69
193 81 70
189 81 71
191 81 72
184 81 73
199 81 74
191 81 75
186 81 76
198 81 77
194 81 78
194 81 79
187 81 80
194 81 81
190 81 82
189 81 83
191 81 84
194 81 85
196 81 86
196 81 87
188 81 88
188 81 89
182 81 90
190 81 91
191 81 92
187 81 93
184 81 94
188 81 95
186 81 96
179 81 97
190 81 98
199 81 99
187 81 100
195 82 1
194 82 2
189 82 3
192 82 4
197 82 5
193 82 6
189 82 7
184 82 8
197 82 9
180 82 10
189 82 11
193 82 12
191 82 13
187 82 14
192 82 15
189 82 16
196 82 17
187 82 18
198 82 19
184 82 20
191 82 21
183 82 22
187 82 23
190 82 24
197 82 25
186 82 26
192 82 27
183 82 28
189 82 29
196 82 30
190 82 31
198 82 32
188 82 33
195 82 34
188 82 35
196 82 36
192 82 37
192 82 38
186 82 39
190 82 40
198 82 41
193 82 42
177 82 43
188 82 44
193 82 45
199 82 46
192 82 47
201 82 48
194 82 49
190 82 50
192 82 51
189 82 52
196 82 53
192 82 54
181 82 55
190 82 56
191 82 57
196 82 58
198 82 59
183 82 60
197 82 61
191 82 62
192 82 63
187 82 64
190 82 65
186 82 66
193 82 67
181 82 68
189 82 69
194 82 70
191 82 71
190 82 72
186 82 73
199 82 74
191 82 75
185 82 76
197 82 77
193 82 78
197 82 79
187 82 80
194 82 81
191 82 82
189 82 83
191 82 84
197 82 85
198 82 86
199 82 87
187 82 88
190 82 89
186 82 90
189 82 91
191 82 92
190 82 93
183 82 94
190 82 95
185 82 96
179 82 97
191 82 98
200 82 99
188 82 100
194 83 1
193 83 2
188 83 3
191 83 4
193 83 5
189 83 6
189 83 7
183 83 8
197 83 9
179 83 10
186 83 11
190 83 12
189 83 13
187 83 14
190 83 15
188 83 16
194 83 17
185 83 18
197 83 19
184 83 20
190 83 21
181 83 22
187 83 23
190 83 24
197 83 25
185 83 26
190 83 27
182 83 28
188 83 29
194 83 30
186 83 31
197 83 32
188 83 33
191 83 34
186 83 35
194 83 36
189 83 37
192 83 38
185 83 39
187 83 40
197 83 41
193 83 42
176 83 43
186 83 44
189 83 45
198 83 46
192 83 47
199 83 48
192 83 49
189 83 50
190 83 51
185 83 52
195 83 53
188 83 54
181 83 55
188 83 56
190 83 57
194 83 58
196 83 59
182 83 60
194 83 61
190 83 62
192 83 63
185 83 64
188 83 65
185 83 66
192 83 67
179 83 68
189 83 69
192 83 70
188 83 71
189 83 72
183 83 73
198 83 74
189 83 75
185 83 76
196 83 77
193 83 78
192 83 79
185 83 80
194 83 81
189 83 82
188 83 83
191 83 84
194 83 85
194 83 86
195 83 87
187 83 88
188 83 89
182 83 90
188 83 91
189 83 92
187 83 93
183 83 94
188 83 95
184 83 96
178 83 97
190 83 98
198 83 99
185 83 100
193 84 1
192 84 2
186 84 3
189 84 4
192 84 5
188 84 6
187 84 7
184 84 8
196 84 9
179 84 10
183 84 11
188 84 12
187 84 13
186 84 14
189 84 15
189 84 16
192 84 17
182 84 18
195 84 19
182 84 20
188 84 21
179 84 22
185 84 23
188 84 24
194 84 25
185 84 26
188 84 27
181 84 28
187 84 29
191 84 30
184 84 31
196 84 32
184 84 33
191 84 34
184 84 35
192 84 36
190 84 37
191 84 38
183 84 39
185 84 40
194 84 41
190 84 42
175 84 43
184 84 44
187 84 45
194 84 46
189 84 47
196 84 48
191 84 49
189 84 50
190 84 51
184 84 52
195 84 53
186 84 54
180 84 55
185 84 56
189 84 57
194 84 58
194 84 59
183 84 60
194 84 61
191 84 62
189 84 63
186 84 64
187 84 65
185 84 66
190 84 67
180 84 68
187 84 69
191 84 70
187 84 71
187 84 72
182 84 73
196 84 74
190 84 75
183 84 76
197 84 77
192 84 78
192 84 79
187 84 80
192 84 81
187 84 82
187 84 83
191 84 84
191 84 85
193 84 86
194 84 87
187 84 88
187 84 89
180 84 90
187 84 91
190 84 92
184 84 93
182 84 94
186 84 95
183 84 96
177 84 97
189 84 98
196 84 99
183 84 100
196 85 1
195 85 2
191 85 3
193 85 4
197 85 5
195 85 6
190 85 7
184 85 8
198 85 9
181 85 10
193 85 11
196 85 12
193 85 13
188 85 14
194 85 15
190 85 16
199 85 17
189 85 18
199 85 19
185 85 20
191 85 21
185 85 22
188 85 23
190 85 24
198 85 25
187 85 26
198 85 27
183 85 28
190 85 29
200 85 30
192 85 31
199 85 32
190 85 33
199 85 34
190 85 35
201 85 36
192 85 37
194 85 38
186 85 39
193 85 40
199 85 41
195 85 42
177 85 43
190 85 44
194 85 45
201 85 46
193 85 47
203 85 48
195 85 49
191 85 50
193 85 51
190 85 52
196 85 53
194 85 54
182 85 55
190 85 56
192 85 57
196 85 58
198 85 59
184 85 60
203 85 61
191 85 62
199 85 63
188 85 64
190 85 65
186 85 66
193 85 67
181 85 68
191 85 69
194 85 70
192 85 71
191 85 72
187 85 73
199 85 74
191 85 75
186 85 76
198 85 77
194 85 78
198 85 79
187 85 80
195 85 81
191 85 82
189 85 83
191 85 84
200 85 85
198 85 86
201 85 87
188 85 88
190 85 89
186 85 90
190 85 91
191 85 92
193 85 93
184 85 94
192 85 95
186 85 96
179 85 97
191 85 98
202 85 99
192 85 100
195 86 1
194 86 2
190 86 3
192 86 4
195 86 5
193 86 6
189 86 7
183 86 8
197 86 9
180 86 10
190 86 11
194 86 12
192 86 13
187 86 14
193 86 15
189 86 16
199 86 17
188 86 18
198 86 19
184 86 20
190 86 21
183 86 22
187 86 23
189 86 24
197 86 25
186 86 26
194 86 27
182 86 28
189 86 29
198 86 30
191 86 31
199 86 32
189 86 33
195 86 34
189 86 35
197 86 36
191 86 37
193 86 38
185 86 39
190 86 40
198 86 41
193 86 42
176 86 43
189 86 44
192 86 45
200 86 46
192 86 47
202 86 48
194 86 49
190 86 50
192 86 51
188 86 52
195 86 53
191 86 54
182 86 55
189 86 56
191 86 57
195 86 58
197 86 59
183 86 60
199 86 61
190 86 62
195 86 63
186 86 64
189 86 65
185 86 66
192 86 67
180 86 68
190 86 69
193 86 70
190 86 71
191 86 72
187 86 73
198 86 74
191 86 75
186 86 76
197 86 77
193 86 78
196 86 79
186 86 80
194 86 81
190 86 82
188 86 83
190 86 84
198 86 85
198 86 86
199 86 87
187 86 88
189 86 89
184 86 90
189 86 91
190 86 92
191 86 93
183 86 94
190 86 95
186 86 96
178 86 97
190 86 98
201 86 99
192 86 100
193 87 1
193 87 2
189 87 3
190 87 4
194 87 5
192 87 6
188 87 7
182 87 8
196 87 9
178 87 10
188 87 11
193 87 12
192 87 13
186 87 14
191 87 15
188 87 16
197 87 17
188 87 18
196 87 19
184 87 20
189 87 21
184 87 22
186 87 23
189 87 24
195 87 25
184 87 26
191 87 27
181 87 28
188 87 29
195 87 30
191 87 31
196 87 32
187 87 33
194 87 34
188 87 35
196 87 36
191 87 37
194 87 38
185 87 39
190 87 40
197 87 41
194 87 42
176 87 43
187 87 44
192 87 45
200 87 46
190 87 47
200 87 48
192 87 49
188 87 50
190 87 51
187 87 52
193 87 53
191 87 54
180 87 55
188 87 56
190 87 57
193 87 58
195 87 59
181 87 60
196 87 61
188 87 62
192 87 63
185 87 64
189 87 65
183 87 66
190 87 67
178 87 68
189 87 69
191 87 70
190 87 71
188 87 72
185 87 73
197 87 74
190 87 75
185 87 76
196 87 77
191 87 78
196 87 79
184 87 80
194 87 81
191 87 82
187 87 83
188 87 84
196 87 85
195 87 86
200 87 87
186 87 88
189 87 89
184 87 90
188 87 91
188 87 92
190 87 93
183 87 94
189 87 95
183 87 96
177 87 97
188 87 98
201 87 99
188 87 100
196 88 1
195 88 2
188 88 3
193 88 4
194 88 5
191 88 6
189 88 7
184 88 8
198 88 9
181 88 10
188 88 11
191 88 12
190 88 13
188 88 14
191 88 15
189 88 16
195 88 17
186 88 18
198 88 19
185 88 20
190 88 21
182 88 22
188 88 23
190 88 24
197 88 25
187 88 26
190 88 27
183 88 28
190 88 29
194 88 30
188 88 31
199 88 32
188 88 33
191 88 34
188 88 35
195 88 36
190 88 37
192 88 38
186 88 39
188 88 40
197 88 41
192 88 42
177 88 43
188 88 44
190 88 45
198 88 46
193 88 47
200 88 48
192 88 49
191 88 50
191 88 51
186 88 52
195 88 53
190 88 54
182 88 55
189 88 56
191 88 57
196 88 58
196 88 59
184 88 60
195 88 61
190 88 62
191 88 63
185 88 64
189 88 65
186 88 66
193 88 67
181 88 68
189 88 69
192 88 70
188 88 71
191 88 72
184 88 73
199 88 74
191 88 75
186 88 76
198 88 77
194 88 78
193 88 79
187 88 80
194 88 81
190 88 82
189 88 83
191 88 84
194 88 85
195 88 86
196 88 87
188 88 88
189 88 89
182 88 90
189 88 91
191 88 92
188 88 93
183 88 94
188 88 95
186 88 96
179 88 97
190 88 98
199 88 99
186 88 100
195 89 1
195 89 2
190 89 3
192 89 4
195 89 5
192 89 6
189 89 7
183 89 8
197 89 9
180 89 10
189 89 11
194 89 12
193 89 13
187 89 14
194 89 15
189 89 16
198 89 17
189 89 18
198 89 19
185 89 20
191 89 21
184 89 22
188 89 23
189 89 24
198 89 25
186 89 26
193 89 27
183 89 28
189 89 29
197 89 30
191 89 31
198 89 32
190 89 33
194 89 34
188 89 35
197 89 36
191 89 37
194 89 38
186 89 39
189 89 40
198 89 41
193 89 42
176 89 43
190 89 44
193 89 45
201 89 46
192 89 47
203 89 48
194 89 49
190 89 50
192 89 51
188 89 52
195 89 53
191 89 54
181 89 55
190 89 56
191 89 57
196 89 58
197 89 59
183 89 60
197 89 61
190 89 62
193 89 63
186 89 64
189 89 65
185 89 66
193 89 67
180 89 68
191 89 69
193 89 70
191 89 71
191 89 72
186 89 73
199 89 74
190 89 75
186 89 76
197 89 77
193 89 78
197 89 79
186 89 80
194 89 81
190 89 82
188 89 83
190 89 84
197 89 85
197 89 86
200 89 87
188 89 88
190 89 89
185 89 90
190 89 91
190 89 92
191 89 93
184 89 94
190 89 95
185 89 96
178 89 97
191 89 98
201 89 99
190 89 100
196 90 1
194 90 2
191 90 3
192 90 4
197 90 5
194 90 6
189 90 7
183 90 8
197 90 9
180 90 10
192 90 11
195 90 12
192 90 13
187 90 14
193 90 15
190 90 16
199 90 17
189 90 18
198 90 19
184 90 20
190 90 21
185 90 22
187 90 23
189 90 24
197 90 25
187 90 26
195 90 27
182 90 28
189 90 29
199 90 30
192 90 31
198 90 32
189 90 33
196 90 34
189 90 35
198 90 36
191 90 37
193 90 38
186 90 39
190 90 40
198 90 41
194 90 42
177 90 43
189 90 44
193 90 45
200 90 46
192 90 47
203 90 48
195 90 49
190 90 50
192 90 51
189 90 52
195 90 53
192 90 54
181 90 55
190 90 56
191 90 57
196 90 58
197 90 59
184 90 60
200 90 61
190 90 62
195 90 63
187 90 64
190 90 65
186 90 66
192 90 67
180 90 68
191 90 69
194 90 70
191 90 71
191 90 72
186 90 73
199 90 74
190 90 75
185 90 76
198 90 77
193 90 78
197 90 79
186 90 80
195 90 81
190 90 82
188 90 83
191 90 84
199 90 85
197 90 86
200 90 87
187 90 88
190 90 89
186 90 90
189 90 91
190 90 92
193 90 93
183 90 94
192 90 95
186 90 96
178 90 97
190 90 98
201 90 99
191 90 100
195 91 1
194 91 2
190 91 3
191 91 4
196 91 5
192 91 6
188 91 7
182 91 8
196 91 9
180 91 10
189 91 11
195 91 12
192 91 13
187 91 14
193 91 15
189 91 16
197 91 17
189 91 18
197 91 19
184 91 20
191 91 21
185 91 22
188 91 23
189 91 24
198 91 25
185 91 26
193 91 27
183 91 28
188 91 29
197 91 30
191 91 31
197 91 32
189 91 33
194 91 34
188 91 35
197 91 36
191 91 37
193 91 38
185 91 39
190 91 40
197 91 41
194 91 42
175 91 43
189 91 44
194 91 45
200 91 46
192 91 47
203 91 48
193 91 49
189 91 50
191 91 51
188 91 52
195 91 53
192 91 54
180 91 55
189 91 56
191 91 57
195 91 58
196 91 59
183 91 60
196 91 61
190 91 62
193 91 63
186 91 64
188 91 65
185 91 66
193 91 67
179 91 68
191 91 69
192 91 70
191 91 71
191 91 72
185 91 73
198 91 74
190 91 75
186 91 76
196 91 77
192 91 78
198 91 79
185 91 80
193 91 81
189 91 82
187 91 83
189 91 84
198 91 85
196 91 86
200 91 87
187 91 88
190 91 89
186 91 90
190 91 91
189 91 92
191 91 93
183 91 94
190 91 95
184 91 96
178 91 97
191 91 98
200 91 99
189 91 100
194 92 1
193 92 2
189 92 3
191 92 4
196 92 5
194 92 6
189 92 7
183 92 8
196 92 9
180 92 10
188 92 11
194 92 12
190 92 13
187 92 14
194 92 15
188 92 16
198 92 17
187 92 18
198 92 19
185 92 20
188 92 21
182 92 22
186 92 23
187 92 24
197 92 25
187 92 26
193 92 27
183 92 28
188 92 29
195 92 30
190 92 31
196 92 32
188 92 33
194 92 34
188 92 35
197 92 36
191 92 37
193 92 38
184 92 39
188 92 40
196 92 41
193 92 42
176 92 43
189 92 44
192 92 45
199 92 46
192 92 47
200 92 48
195 92 49
190 92 50
191 92 51
188 92 52
194 92 53
193 92 54
180 92 55
187 92 56
191 92 57
194 92 58
195 92 59
184 92 60
197 92 61
190 92 62
192 92 63
187 92 64
189 92 65
184 92 66
191 92 67
178 92 68
191 92 69
192 92 70
190 92 71
188 92 72
185 92 73
198 92 74
189 92 75
183 92 76
196 92 77
193 92 78
197 92 79
185 92 80
193 92 81
188 92 82
187 92 83
189 92 84
196 92 85
196 92 86
199 92 87
186 92 88
187 92 89
184 92 90
187 92 91
191 92 92
190 92 93
182 92 94
192 92 95
184 92 96
178 92 97
189 92 98
201 92 99
188 92 100
196 93 1
195 93 2
191 93 3
193 93 4
197 93 5
195 93 6
190 93 7
184 93 8
198 93 9
181 93 10
193 93 11
197 93 12
193 93 13
188 93 14
194 93 15
190 93 16
199 93 17
189 93 18
199 93 19
185 93 20
191 93 21
185 93 22
188 93 23
190 93 24
198 93 25
187 93 26
197 93 27
183 93 28
190 93 29
201 93 30
192 93 31
199 93 32
190 93 33
198 93 34
190 93 35
200 93 36
192 93 37
194 93 38
186 93 39
193 93 40
199 93 41
195 93 42
177 93 43
190 93 44
194 93 45
201 93 46
193 93 47
203 93 48
195 93 49
191 93 50
193 93 51
190 93 52
196 93 53
195 93 54
182 93 55
190 93 56
192 93 57
196 93 58
198 93 59
184 93 60
201 93 61
191 93 62
198 93 63
188 93 64
190 93 65
186 93 66
193 93 67
181 93 68
191 93 69
194 93 70
192 93 71
191 93 72
187 93 73
199 93 74
191 93 75
186 93 76
198 93 77
194 93 78
198 93 79
187 93 80
195 93 81
191 93 82
189 93 83
191 93 84
200 93 85
198 93 86
201 93 87
188 93 88
190 93 89
186 93 90
190 93 91
191 93 92
193 93 93
184 93 94
192 93 95
186 93 96
179 93 97
191 93 98
202 93 99
192 93 100
196 94 1
195 94 2
190 94 3
193 94 4
197 94 5
194 94 6
190 94 7
184 94 8
198 94 9
181 94 10
190 94 11
194 94 12
192 94 13
188 94 14
193 94 15
190 94 16
197 94 17
188 94 18
199 94 19
185 94 20
191 94 21
184 94 22
188 94 23
190 94 24
198 94 25
187 94 26
193 94 27
183 94 28
190 94 29
197 94 30
191 94 31
199 94 32
189 94 33
195 94 34
189 94 35
197 94 36
192 94 37
193 94 38
186 94 39
190 94 40
199 94 41
194 94 42
177 94 43
189 94 44
193 94 45
200 94 46
193 94 47
202 94 48
195 94 49
191 94 50
192 94 51
189 94 52
196 94 53
193 94 54
182 94 55
190 94 56
192 94 57
196 94 58
198 94 59
184 94 60
197 94 61
191 94 62
193 94 63
187 94 64
190 94 65
186 94 66
193 94 67
181 94 68
190 94 69
194 94 70
192 94 71
191 94 72
186 94 73
199 94 74
191 94 75
186 94 76
198 94 77
194 94 78
197 94 79
187 94 80
195 94 81
191 94 82
189 94 83
191 94 84
198 94 85
198 94 86
200 94 87
188 94 88
190 94 89
186 94 90
190 94 91
191 94 92
191 94 93
184 94 94
191 94 95
186 94 96
179 94 97
191 94 98
201 94 99
189 94 100
195 95 1
194 95 2
191 95 3
192 95 4
196 95 5
195 95 6
189 95 7
184 95 8
197 95 9
181 95 10
193 95 11
197 95 12
193 95 13
187 95 14
193 95 15
190 95 16
198 95 17
189 95 18
198 95 19
185 95 20
190 95 21
184 95 22
187 95 23
189 95 24
198 95 25
186 95 26
198 95 27
183 95 28
190 95 29
201 95 30
191 95 31
198 95 32
189 95 33
198 95 34
190 95 35
200 95 36
192 95 37
194 95 38
185 95 39
193 95 40
198 95 41
194 95 42
177 95 43
190 95 44
194 95 45
200 95 46
192 95 47
202 95 48
195 95 49
191 95 50
193 95 51
190 95 52
195 95 53
194 95 54
182 95 55
189 95 56
191 95 57
195 95 58
197 95 59
184 95 60
201 95 61
190 95 62
199 95 63
187 95 64
189 95 65
186 95 66
193 95 67
180 95 68
190 95 69
193 95 70
192 95 71
190 95 72
187 95 73
198 95 74
190 95 75
186 95 76
197 95 77
194 95 78
197 95 79
186 95 80
194 95 81
190 95 82
188 95 83
190 95 84
199 95 85
198 95 86
200 95 87
188 95 88
189 95 89
185 95 90
189 95 91
190 95 92
192 95 93
183 95 94
192 95 95
185 95 96
178 95 97
190 95 98
202 95 99
191 95 100
195 96 1
194 96 2
188 96 3
192 96 4
195 96 5
192 96 6
188 96 7
183 96 8
197 96 9
180 96 10
188 96 11
191 96 12
190 96 13
187 96 14
191 96 15
188 96 16
196 96 17
186 96 18
197 96 19
184 96 20
189 96 21
182 96 22
187 96 23
189 96 24
196 96 25
186 96 26
191 96 27
182 96 28
189 96 29
195 96 30
190 96 31
199 96 32
187 96 33
193 96 34
188 96 35
194 96 36
190 96 37
191 96 38
185 96 39
189 96 40
197 96 41
191 96 42
176 96 43
188 96 44
190 96 45
198 96 46
192 96 47
200 96 48
193 96 49
190 96 50
190 96 51
186 96 52
194 96 53
191 96 54
182 96 55
189 96 56
190 96 57
195 96 58
196 96 59
183 96 60
195 96 61
189 96 62
191 96 63
184 96 64
188 96 65
185 96 66
192 96 67
180 96 68
188 96 69
192 96 70
189 96 71
191 96 72
185 96 73
198 96 74
191 96 75
186 96 76
197 96 77
193 96 78
194 96 79
186 96 80
193 96 81
189 96 82
188 96 83
190 96 84
195 96 85
197 96 86
197 96 87
187 96 88
189 96 89
183 96 90
188 96 91
190 96 92
189 96 93
182 96 94
188 96 95
186 96 96
178 96 97
189 96 98
199 96 99
188 96 100
195 97 1
194 97 2
188 97 3
191 97 4
195 97 5
190 97 6
189 97 7
183 97 8
196 97 9
180 97 10
187 97 11
190 97 12
191 97 13
186 97 14
191 97 15
189 97 16
194 97 17
186 97 18
198 97 19
183 97 20
190 97 21
181 97 22
187 97 23
189 97 24
197 97 25
185 97 26
190 97 27
182 97 28
189 97 29
195 97 30
187 97 31
197 97 32
187 97 33
192 97 34
187 97 35
195 97 36
191 97 37
191 97 38
185 97 39
187 97 40
197 97 41
191 97 42
177 97 43
187 97 44
190 97 45
198 97 46
191 97 47
199 97 48
192 97 49
189 97 50
191 97 51
187 97 52
195 97 53
189 97 54
180 97 55
188 97 56
191 97 57
195 97 58
197 97 59
183 97 60
197 97 61
190 97 62
190 97 63
186 97 64
189 97 65
185 97 66
192 97 67
180 97 68
188 97 69
193 97 70
188 97 71
189 97 72
184 97 73
198 97 74
190 97 75
185 97 76
197 97 77
192 97 78
194 97 79
187 97 80
194 97 81
190 97 82
188 97 83
191 97 84
194 97 85
197 97 86
196 97 87
186 97 88
189 97 89
183 97 90
188 97 91
190 97 92
187 97 93
182 97 94
187 97 95
185 97 96
179 97 97
190 97 98
199 97 99
186 97 100
196 98 1
195 98 2
189 98 3
193 98 4
195 98 5
192 98 6
190 98 7
184 98 8
198 98 9
181 98 10
188 98 11
191 98 12
191 98 13
188 98 14
192 98 15
190 98 16
195 98 17
187 98 18
199 98 19
185 98 20
190 98 21
182 98 22
187 98 23
189 98 24
197 98 25
187 98 26
192 98 27
183 98 28
190 98 29
195 98 30
188 98 31
198 98 32
188 98 33
192 98 34
187 98 35
195 98 36
192 98 37
193 98 38
185 98 39
187 98 40
198 98 41
192 98 42
176 98 43
188 98 44
190 98 45
199 98 46
193 98 47
200 98 48
194 98 49
191 98 50
192 98 51
186 98 52
196 98 53
191 98 54
182 98 55
188 98 56
192 98 57
196 98 58
197 98 59
184 98 60
196 98 61
191 98 62
191 98 63
186 98 64
190 98 65
186 98 66
192 98 67
180 98 68
190 98 69
193 98 70
190 98 71
190 98 72
184 98 73
198 98 74
190 98 75
185 98 76
198 98 77
193 98 78
195 98 79
187 98 80
195 98 81
190 98 82
188 98 83
191 98 84
195 98 85
196 98 86
198 98 87
188 98 88
189 98 89
183 98 90
189 98 91
191 98 92
188 98 93
184 98 94
189 98 95
185 98 96
179 98 97
191 98 98
201 98 99
187 98 100
194 99 1
195 99 2
189 99 3
191 99 4
195 99 5
193 99 6
189 99 7
183 99 8
197 99 9
180 99 10
189 99 11
194 99 12
193 99 13
187 99 14
193 99 15
189 99 16
197 99 17
188 99 18
197 99 19
185 99 20
191 99 21
185 99 22
188 99 23
189 99 24
197 99 25
186 99 26
192 99 27
183 99 28
189 99 29
198 99 30
191 99 31
198 99 32
189 99 33
195 99 34
188 99 35
197 99 36
190 99 37
194 99 38
186 99 39
189 99 40
198 99 41
194 99 42
176 99 43
189 99 44
193 99 45
200 99 46
191 99 47
202 99 48
194 99 49
189 99 50
192 99 51
189 99 52
195 99 53
191 99 54
181 99 55
189 99 56
191 99 57
195 99 58
196 99 59
183 99 60
197 99 61
190 99 62
192 99 63
187 99 64
188 99 65
185 99 66
193 99 67
180 99 68
190 99 69
193 99 70
192 99 71
191 99 72
185 99 73
199 99 74
190 99 75
186 99 76
197 99 77
193 99 78
198 99 79
186 99 80
193 99 81
189 99 82
188 99 83
190 99 84
197 99 85
197 99 86
200 99 87
188 99 88
189 99 89
185 99 90
190 99 91
190 99 92
191 99 93
184 99 94
190 99 95
185 99 96
178 99 97
190 99 98
200 99 99
190 99 100
196 100 1
195 100 2
191 100 3
193 100 4
197 100 5
195 100 6
190 100 7
184 100 8
198 100 9
181 100 10
193 100 11
197 100 12
193 100 13
188 100 14
194 100 15
190 100 16
199 100 17
189 100 18
199 100 19
185 100 20
191 100 21
185 100 22
188 100 23
190 100 24
198 100 25
187 100 26
199 100 27
183 100 28
190 100 29
201 100 30
192 100 31
199 100 32
190 100 33
200 100 34
190 100 35
201 100 36
192 100 37
194 100 38
186 100 39
194 100 40
199 100 41
195 100 42
177 100 43
190 100 44
194 100 45
201 100 46
193 100 47
203 100 48
195 100 49
191 100 50
193 100 51
190 100 52
196 100 53
195 100 54
182 100 55
190 100 56
192 100 57
196 100 58
198 100 59
184 100 60
203 100 61
191 100 62
200 100 63
188 100 64
190 100 65
186 100 66
193 100 67
181 100 68
191 100 69
194 100 70
192 100 71
191 100 72
187 100 73
199 100 74
191 100 75
186 100 76
198 100 77
194 100 78
198 100 79
187 100 80
195 100 81
191 100 82
189 100 83
191 100 84
200 100 85
198 100 86
201 100 87
188 100 88
190 100 89
186 100 90
190 100 91
191 100 92
193 100 93
184 100 94
192 100 95
186 100 96
179 100 97
191 100 98
202 100 99
192 100 100
