206 1 1
217 1 2
228 1 3
212 1 4
196 1 5
208 1 6
223 1 7
222 1 8
215 1 9
205 1 10
199 1 11
213 1 12
225 1 13
230 1 14
216 1 15
213 1 16
212 1 17
225 1 18
219 1 19
227 1 20
220 1 21
212 1 22
234 1 23
222 1 24
220 1 25
229 1 26
200 1 27
231 1 28
211 1 29
196 1 30
216 1 31
209 1 32
216 1 33
212 1 34
226 1 35
203 1 36
229 1 37
222 1 38
213 1 39
202 1 40
219 1 41
208 1 42
221 1 43
226 1 44
218 1 45
204 1 46
230 1 47
210 1 48
214 1 49
221 1 50
212 1 51
223 1 52
222 1 53
209 1 54
210 1 55
216 1 56
212 1 57
206 1 58
214 1 59
223 1 60
211 1 61
226 1 62
210 1 63
219 1 64
219 1 65
216 1 66
219 1 67
218 1 68
221 1 69
220 1 70
212 1 71
223 1 72
217 1 73
210 1 74
220 1 75
226 1 76
210 1 77
228 1 78
227 1 79
216 1 80
212 1 81
220 1 82
215 1 83
215 1 84
213 1 85
215 1 86
206 1 87
211 1 88
227 1 89
217 1 90
224 1 91
224 1 92
208 1 93
215 1 94
217 1 95
221 1 96
219 1 97
219 1 98
216 1 99
223 1 100
200 2 1
218 2 2
226 2 3
212 2 4
193 2 5
210 2 6
223 2 7
218 2 8
215 2 9
203 2 10
204 2 11
211 2 12
224 2 13
232 2 14
212 2 15
213 2 16
217 2 17
227 2 18
217 2 19
228 2 20
221 2 21
217 2 22
235 2 23
222 2 24
221 2 25
227 2 26
198 2 27
235 2 28
208 2 29
198 2 30
215 2 31
211 2 32
217 2 33
216 2 34
226 2 35
203 2 36
229 2 37
222 2 38
211 2 39
205 2 40
216 2 41
210 2 42
220 2 43
224 2 44
217 2 45
203 2 46
227 2 47
216 2 48
217 2 49
218 2 50
211 2 51
225 2 52
228 2 53
212 2 54
209 2 55
217 2 56
211 2 57
204 2 58
212 2 59
221 2 60
211 2 61
221 2 62
212 2 63
217 2 64
218 2 65
212 2 66
216 2 67
216 2 68
222 2 69
218 2 70
211 2 71
222 2 72
215 2 73
211 2 74
217 2 75
230 2 76
203 2 77
223 2 78
228 2 79
217 2 80
213 2 81
218 2 82
219 2 83
215 2 84
210 2 85
216 2 86
206 2 87
208 2 88
224 2 89
217 2 90
224 2 91
226 2 92
208 2 93
211 2 94
219 2 95
221 2 96
220 2 97
218 2 98
212 2 99
220 2 100
207 3 1
222 3 2
233 3 3
216 3 4
200 3 5
213 3 6
229 3 7
226 3 8
220 3 9
211 3 10
207 3 11
219 3 12
231 3 13
237 3 14
219 3 15
218 3 16
220 3 17
231 3 18
223 3 19
233 3 20
226 3 21
220 3 22
240 3 23
228 3 24
223 3 25
230 3 26
205 3 27
238 3 28
214 3 29
202 3 30
222 3 31
218 3 32
225 3 33
218 3 34
233 3 35
209 3 36
231 3 37
228 3 38
217 3 39
211 3 40
225 3 41
215 3 42
226 3 43
232 3 44
224 3 45
208 3 46
232 3 47
218 3 48
219 3 49
226 3 50
217 3 51
231 3 52
230 3 53
214 3 54
214 3 55
218 3 56
216 3 57
212 3 58
221 3 59
229 3 60
219 3 61
231 3 62
216 3 63
224 3 64
225 3 65
219 3 66
225 3 67
222 3 68
229 3 69
224 3 70
215 3 71
229 3 72
222 3 73
215 3 74
223 3 75
234 3 76
211 3 77
232 3 78
232 3 79
222 3 80
217 3 81
224 3 82
222 3 83
220 3 84
216 3 85
221 3 86
210 3 87
216 3 88
231 3 89
220 3 90
231 3 91
231 3 92
214 3 93
220 3 94
225 3 95
229 3 96
225 3 97
222 3 98
221 3 99
227 3 100
200 4 1
219 4 2
227 4 3
211 4 4
197 4 5
207 4 6
221 4 7
221 4 8
217 4 9
209 4 10
204 4 11
212 4 12
225 4 13
232 4 14
215 4 15
213 4 16
219 4 17
229 4 18
215 4 19
227 4 20
221 4 21
215 4 22
236 4 23
223 4 24
222 4 25
228 4 26
201 4 27
235 4 28
209 4 29
200 4 30
216 4 31
213 4 32
221 4 33
213 4 34
229 4 35
206 4 36
229 4 37
224 4 38
212 4 39
207 4 40
220 4 41
213 4 42
222 4 43
227 4 44
218 4 45
201 4 46
227 4 47
214 4 48
217 4 49
218 4 50
211 4 51
226 4 52
228 4 53
210 4 54
209 4 55
220 4 56
211 4 57
206 4 58
213 4 59
223 4 60
212 4 61
224 4 62
212 4 63
216 4 64
219 4 65
215 4 66
218 4 67
217 4 68
221 4 69
220 4 70
208 4 71
225 4 72
219 4 73
209 4 74
220 4 75
230 4 76
207 4 77
225 4 78
225 4 79
216 4 80
212 4 81
221 4 82
219 4 83
215 4 84
211 4 85
219 4 86
206 4 87
212 4 88
227 4 89
219 4 90
229 4 91
224 4 92
207 4 93
216 4 94
219 4 95
225 4 96
221 4 97
217 4 98
215 4 99
225 4 100
194 5 1
212 5 2
215 5 3
209 5 4
193 5 5
201 5 6
216 5 7
211 5 8
208 5 9
200 5 10
195 5 11
202 5 12
216 5 13
223 5 14
212 5 15
205 5 16
211 5 17
224 5 18
211 5 19
218 5 20
216 5 21
211 5 22
226 5 23
213 5 24
211 5 25
218 5 26
192 5 27
225 5 28
200 5 29
194 5 30
209 5 31
207 5 32
212 5 33
204 5 34
219 5 35
194 5 36
219 5 37
210 5 38
206 5 39
201 5 40
210 5 41
204 5 42
209 5 43
218 5 44
204 5 45
200 5 46
218 5 47
204 5 48
208 5 49
207 5 50
205 5 51
217 5 52
220 5 53
204 5 54
204 5 55
208 5 56
201 5 57
205 5 58
211 5 59
215 5 60
203 5 61
214 5 62
209 5 63
209 5 64
215 5 65
206 5 66
213 5 67
214 5 68
211 5 69
208 5 70
206 5 71
210 5 72
211 5 73
202 5 74
208 5 75
221 5 76
199 5 77
220 5 78
218 5 79
211 5 80
206 5 81
208 5 82
213 5 83
211 5 84
205 5 85
212 5 86
198 5 87
197 5 88
217 5 89
205 5 90
215 5 91
220 5 92
206 5 93
210 5 94
209 5 95
211 5 96
217 5 97
210 5 98
208 5 99
218 5 100
201 6 1
215 6 2
225 6 3
214 6 4
193 6 5
212 6 6
218 6 7
220 6 8
215 6 9
203 6 10
203 6 11
211 6 12
226 6 13
232 6 14
214 6 15
211 6 16
214 6 17
223 6 18
216 6 19
225 6 20
223 6 21
215 6 22
234 6 23
221 6 24
218 6 25
225 6 26
204 6 27
233 6 28
207 6 29
196 6 30
219 6 31
213 6 32
220 6 33
216 6 34
228 6 35
201 6 36
224 6 37
225 6 38
212 6 39
206 6 40
220 6 41
207 6 42
219 6 43
223 6 44
218 6 45
200 6 46
228 6 47
214 6 48
212 6 49
219 6 50
211 6 51
228 6 52
225 6 53
213 6 54
208 6 55
214 6 56
207 6 57
207 6 58
215 6 59
221 6 60
215 6 61
220 6 62
215 6 63
218 6 64
218 6 65
213 6 66
219 6 67
213 6 68
218 6 69
218 6 70
208 6 71
221 6 72
218 6 73
210 6 74
215 6 75
226 6 76
205 6 77
222 6 78
228 6 79
217 6 80
214 6 81
215 6 82
216 6 83
212 6 84
210 6 85
215 6 86
207 6 87
208 6 88
222 6 89
216 6 90
226 6 91
224 6 92
208 6 93
210 6 94
220 6 95
223 6 96
222 6 97
215 6 98
210 6 99
222 6 100
204 7 1
220 7 2
231 7 3
213 7 4
197 7 5
207 7 6
228 7 7
223 7 8
218 7 9
208 7 10
204 7 11
216 7 12
227 7 13
235 7 14
217 7 15
213 7 16
215 7 17
228 7 18
220 7 19
228 7 20
224 7 21
215 7 22
235 7 23
227 7 24
221 7 25
228 7 26
201 7 27
234 7 28
210 7 29
198 7 30
218 7 31
214 7 32
222 7 33
212 7 34
229 7 35
205 7 36
228 7 37
229 7 38
213 7 39
208 7 40
222 7 41
211 7 42
223 7 43
230 7 44
222 7 45
208 7 46
230 7 47
215 7 48
216 7 49
224 7 50
211 7 51
228 7 52
227 7 53
212 7 54
212 7 55
217 7 56
212 7 57
209 7 58
219 7 59
224 7 60
213 7 61
230 7 62
213 7 63
220 7 64
221 7 65
218 7 66
219 7 67
218 7 68
226 7 69
222 7 70
214 7 71
225 7 72
219 7 73
212 7 74
221 7 75
230 7 76
209 7 77
229 7 78
231 7 79
219 7 80
213 7 81
222 7 82
218 7 83
217 7 84
212 7 85
216 7 86
207 7 87
213 7 88
228 7 89
217 7 90
226 7 91
228 7 92
210 7 93
216 7 94
224 7 95
224 7 96
221 7 97
219 7 98
220 7 99
224 7 100
202 8 1
214 8 2
222 8 3
209 8 4
194 8 5
207 8 6
222 8 7
224 8 8
213 8 9
200 8 10
199 8 11
210 8 12
220 8 13
227 8 14
214 8 15
212 8 16
212 8 17
219 8 18
213 8 19
223 8 20
216 8 21
211 8 22
231 8 23
221 8 24
217 8 25
219 8 26
198 8 27
226 8 28
206 8 29
197 8 30
212 8 31
209 8 32
215 8 33
209 8 34
222 8 35
204 8 36
227 8 37
220 8 38
212 8 39
201 8 40
217 8 41
208 8 42
219 8 43
227 8 44
216 8 45
204 8 46
225 8 47
210 8 48
210 8 49
216 8 50
208 8 51
221 8 52
218 8 53
204 8 54
207 8 55
209 8 56
207 8 57
201 8 58
211 8 59
224 8 60
206 8 61
221 8 62
205 8 63
217 8 64
215 8 65
210 8 66
217 8 67
213 8 68
222 8 69
219 8 70
208 8 71
219 8 72
213 8 73
209 8 74
218 8 75
225 8 76
204 8 77
225 8 78
225 8 79
214 8 80
206 8 81
218 8 82
210 8 83
212 8 84
209 8 85
207 8 86
205 8 87
209 8 88
222 8 89
213 8 90
223 8 91
218 8 92
205 8 93
216 8 94
216 8 95
220 8 96
215 8 97
218 8 98
211 8 99
218 8 100
201 9 1
213 9 2
228 9 3
210 9 4
194 9 5
209 9 6
223 9 7
223 9 8
220 9 9
206 9 10
200 9 11
212 9 12
226 9 13
229 9 14
214 9 15
213 9 16
212 9 17
222 9 18
217 9 19
227 9 20
219 9 21
212 9 22
234 9 23
226 9 24
217 9 25
225 9 26
199 9 27
232 9 28
209 9 29
194 9 30
217 9 31
212 9 32
219 9 33
212 9 34
227 9 35
201 9 36
227 9 37
221 9 38
214 9 39
207 9 40
221 9 41
209 9 42
221 9 43
224 9 44
214 9 45
204 9 46
227 9 47
211 9 48
213 9 49
220 9 50
211 9 51
226 9 52
225 9 53
210 9 54
206 9 55
210 9 56
211 9 57
208 9 58
218 9 59
221 9 60
212 9 61
225 9 62
212 9 63
216 9 64
222 9 65
213 9 66
218 9 67
218 9 68
226 9 69
217 9 70
211 9 71
223 9 72
217 9 73
210 9 74
216 9 75
226 9 76
208 9 77
225 9 78
228 9 79
213 9 80
211 9 81
218 9 82
216 9 83
215 9 84
211 9 85
215 9 86
206 9 87
212 9 88
224 9 89
214 9 90
226 9 91
227 9 92
206 9 93
217 9 94
220 9 95
221 9 96
222 9 97
219 9 98
217 9 99
223 9 100
198 10 1
215 10 2
225 10 3
209 10 4
196 10 5
202 10 6
220 10 7
219 10 8
213 10 9
209 10 10
200 10 11
212 10 12
221 10 13
230 10 14
211 10 15
212 10 16
209 10 17
225 10 18
212 10 19
222 10 20
216 10 21
210 10 22
233 10 23
222 10 24
214 10 25
221 10 26
195 10 27
228 10 28
207 10 29
193 10 30
212 10 31
206 10 32
212 10 33
207 10 34
219 10 35
199 10 36
225 10 37
217 10 38
207 10 39
201 10 40
216 10 41
208 10 42
214 10 43
222 10 44
214 10 45
200 10 46
220 10 47
205 10 48
210 10 49
214 10 50
211 10 51
220 10 52
220 10 53
202 10 54
211 10 55
207 10 56
212 10 57
204 10 58
211 10 59
220 10 60
207 10 61
223 10 62
208 10 63
214 10 64
216 10 65
213 10 66
216 10 67
215 10 68
221 10 69
215 10 70
209 10 71
219 10 72
213 10 73
202 10 74
216 10 75
222 10 76
203 10 77
224 10 78
225 10 79
219 10 80
212 10 81
216 10 82
213 10 83
214 10 84
209 10 85
210 10 86
202 10 87
208 10 88
220 10 89
210 10 90
221 10 91
221 10 92
201 10 93
210 10 94
215 10 95
218 10 96
219 10 97
213 10 98
213 10 99
218 10 100
203 11 1
225 11 2
227 11 3
214 11 4
195 11 5
213 11 6
223 11 7
224 11 8
218 11 9
207 11 10
210 11 11
218 11 12
227 11 13
239 11 14
216 11 15
214 11 16
221 11 17
228 11 18
221 11 19
231 11 20
226 11 21
217 11 22
238 11 23
225 11 24
223 11 25
227 11 26
203 11 27
235 11 28
211 11 29
199 11 30
220 11 31
212 11 32
224 11 33
220 11 34
231 11 35
207 11 36
233 11 37
226 11 38
216 11 39
207 11 40
222 11 41
211 11 42
224 11 43
226 11 44
217 11 45
206 11 46
232 11 47
217 11 48
222 11 49
223 11 50
214 11 51
228 11 52
226 11 53
215 11 54
211 11 55
219 11 56
211 11 57
208 11 58
215 11 59
226 11 60
218 11 61
228 11 62
217 11 63
220 11 64
221 11 65
215 11 66
219 11 67
218 11 68
225 11 69
224 11 70
214 11 71
228 11 72
220 11 73
213 11 74
221 11 75
235 11 76
208 11 77
230 11 78
229 11 79
220 11 80
217 11 81
223 11 82
221 11 83
220 11 84
216 11 85
218 11 86
208 11 87
215 11 88
226 11 89
217 11 90
229 11 91
227 11 92
212 11 93
217 11 94
222 11 95
226 11 96
223 11 97
218 11 98
219 11 99
230 11 100
194 12 1
212 12 2
220 12 3
206 12 4
192 12 5
202 12 6
214 12 7
213 12 8
209 12 9
201 12 10
197 12 11
214 12 12
219 12 13
227 12 14
205 12 15
207 12 16
211 12 17
219 12 18
212 12 19
222 12 20
219 12 21
215 12 22
230 12 23
219 12 24
210 12 25
215 12 26
197 12 27
228 12 28
202 12 29
186 12 30
209 12 31
205 12 32
213 12 33
209 12 34
226 12 35
199 12 36
227 12 37
215 12 38
205 12 39
199 12 40
216 12 41
196 12 42
214 12 43
225 12 44
211 12 45
200 12 46
218 12 47
206 12 48
216 12 49
210 12 50
205 12 51
220 12 52
218 12 53
207 12 54
200 12 55
206 12 56
203 12 57
202 12 58
207 12 59
217 12 60
207 12 61
218 12 62
208 12 63
212 12 64
216 12 65
206 12 66
215 12 67
209 12 68
221 12 69
211 12 70
204 12 71
216 12 72
210 12 73
210 12 74
213 12 75
228 12 76
202 12 77
218 12 78
220 12 79
208 12 80
205 12 81
210 12 82
208 12 83
207 12 84
207 12 85
210 12 86
197 12 87
206 12 88
219 12 89
211 12 90
221 12 91
224 12 92
209 12 93
207 12 94
214 12 95
216 12 96
214 12 97
213 12 98
214 12 99
219 12 100
204 13 1
220 13 2
227 13 3
212 13 4
196 13 5
210 13 6
223 13 7
217 13 8
215 13 9
202 13 10
201 13 11
216 13 12
230 13 13
235 13 14
213 13 15
211 13 16
212 13 17
226 13 18
219 13 19
230 13 20
223 13 21
215 13 22
235 13 23
223 13 24
221 13 25
225 13 26
198 13 27
230 13 28
208 13 29
198 13 30
221 13 31
215 13 32
221 13 33
215 13 34
230 13 35
203 13 36
227 13 37
227 13 38
213 13 39
206 13 40
222 13 41
210 13 42
222 13 43
227 13 44
219 13 45
206 13 46
227 13 47
214 13 48
218 13 49
218 13 50
210 13 51
225 13 52
223 13 53
213 13 54
209 13 55
214 13 56
212 13 57
207 13 58
217 13 59
221 13 60
215 13 61
225 13 62
213 13 63
220 13 64
220 13 65
213 13 66
219 13 67
219 13 68
223 13 69
217 13 70
211 13 71
225 13 72
217 13 73
212 13 74
216 13 75
229 13 76
208 13 77
227 13 78
230 13 79
214 13 80
212 13 81
218 13 82
217 13 83
216 13 84
210 13 85
217 13 86
205 13 87
210 13 88
226 13 89
215 13 90
225 13 91
224 13 92
212 13 93
214 13 94
220 13 95
223 13 96
221 13 97
220 13 98
214 13 99
223 13 100
202 14 1
216 14 2
227 14 3
212 14 4
196 14 5
207 14 6
224 14 7
224 14 8
211 14 9
208 14 10
203 14 11
212 14 12
224 14 13
239 14 14
216 14 15
212 14 16
215 14 17
226 14 18
218 14 19
228 14 20
220 14 21
214 14 22
235 14 23
223 14 24
218 14 25
224 14 26
199 14 27
237 14 28
208 14 29
194 14 30
214 14 31
211 14 32
220 14 33
212 14 34
227 14 35
204 14 36
228 14 37
220 14 38
209 14 39
205 14 40
217 14 41
207 14 42
217 14 43
223 14 44
214 14 45
202 14 46
224 14 47
211 14 48
211 14 49
219 14 50
211 14 51
225 14 52
223 14 53
211 14 54
210 14 55
217 14 56
210 14 57
207 14 58
212 14 59
223 14 60
212 14 61
226 14 62
210 14 63
218 14 64
220 14 65
213 14 66
213 14 67
214 14 68
223 14 69
217 14 70
212 14 71
221 14 72
216 14 73
211 14 74
217 14 75
230 14 76
204 14 77
226 14 78
227 14 79
219 14 80
212 14 81
217 14 82
216 14 83
217 14 84
211 14 85
214 14 86
204 14 87
211 14 88
223 14 89
212 14 90
227 14 91
225 14 92
207 14 93
212 14 94
219 14 95
221 14 96
221 14 97
215 14 98
216 14 99
222 14 100
199 15 1
212 15 2
226 15 3
208 15 4
195 15 5
205 15 6
220 15 7
218 15 8
211 15 9
202 15 10
199 15 11
213 15 12
223 15 13
231 15 14
215 15 15
214 15 16
214 15 17
223 15 18
213 15 19
223 15 20
218 15 21
209 15 22
229 15 23
222 15 24
221 15 25
222 15 26
198 15 27
231 15 28
205 15 29
192 15 30
212 15 31
206 15 32
215 15 33
209 15 34
227 15 35
199 15 36
222 15 37
220 15 38
208 15 39
204 15 40
216 15 41
206 15 42
219 15 43
220 15 44
215 15 45
201 15 46
228 15 47
210 15 48
211 15 49
218 15 50
206 15 51
222 15 52
220 15 53
206 15 54
209 15 55
212 15 56
211 15 57
206 15 58
214 15 59
219 15 60
212 15 61
222 15 62
207 15 63
217 15 64
216 15 65
213 15 66
214 15 67
213 15 68
223 15 69
215 15 70
210 15 71
219 15 72
214 15 73
207 15 74
217 15 75
227 15 76
203 15 77
226 15 78
223 15 79
215 15 80
207 15 81
214 15 82
216 15 83
213 15 84
208 15 85
211 15 86
202 15 87
208 15 88
222 15 89
214 15 90
221 15 91
222 15 92
206 15 93
210 15 94
215 15 95
222 15 96
216 15 97
214 15 98
212 15 99
219 15 100
198 16 1
208 16 2
215 16 3
206 16 4
187 16 5
205 16 6
214 16 7
212 16 8
204 16 9
200 16 10
194 16 11
204 16 12
214 16 13
225 16 14
208 16 15
210 16 16
205 16 17
217 16 18
205 16 19
220 16 20
210 16 21
209 16 22
222 16 23
215 16 24
214 16 25
217 16 26
193 16 27
228 16 28
201 16 29
189 16 30
203 16 31
199 16 32
208 16 33
207 16 34
222 16 35
197 16 36
220 16 37
217 16 38
207 16 39
198 16 40
214 16 41
203 16 42
213 16 43
215 16 44
206 16 45
193 16 46
217 16 47
206 16 48
204 16 49
207 16 50
203 16 51
219 16 52
219 16 53
201 16 54
202 16 55
205 16 56
199 16 57
196 16 58
204 16 59
210 16 60
203 16 61
214 16 62
201 16 63
212 16 64
211 16 65
204 16 66
208 16 67
207 16 68
214 16 69
214 16 70
203 16 71
209 16 72
210 16 73
204 16 74
210 16 75
221 16 76
197 16 77
218 16 78
220 16 79
208 16 80
208 16 81
214 16 82
208 16 83
206 16 84
202 16 85
206 16 86
197 16 87
202 16 88
215 16 89
205 16 90
217 16 91
215 16 92
198 16 93
205 16 94
217 16 95
215 16 96
211 16 97
205 16 98
208 16 99
212 16 100
201 17 1
219 17 2
230 17 3
213 17 4
197 17 5
209 17 6
226 17 7
221 17 8
218 17 9
204 17 10
207 17 11
216 17 12
228 17 13
236 17 14
215 17 15
213 17 16
221 17 17
230 17 18
221 17 19
233 17 20
228 17 21
219 17 22
236 17 23
224 17 24
223 17 25
226 17 26
203 17 27
234 17 28
209 17 29
200 17 30
222 17 31
214 17 32
223 17 33
221 17 34
231 17 35
203 17 36
230 17 37
222 17 38
213 17 39
208 17 40
221 17 41
211 17 42
223 17 43
226 17 44
222 17 45
205 17 46
229 17 47
218 17 48
220 17 49
219 17 50
213 17 51
227 17 52
225 17 53
215 17 54
211 17 55
220 17 56
212 17 57
209 17 58
218 17 59
223 17 60
220 17 61
228 17 62
216 17 63
219 17 64
221 17 65
215 17 66
220 17 67
219 17 68
224 17 69
220 17 70
210 17 71
226 17 72
220 17 73
214 17 74
219 17 75
236 17 76
207 17 77
228 17 78
229 17 79
219 17 80
215 17 81
222 17 82
222 17 83
215 17 84
215 17 85
218 17 86
205 17 87
211 17 88
229 17 89
218 17 90
231 17 91
228 17 92
214 17 93
213 17 94
219 17 95
227 17 96
221 17 97
218 17 98
217 17 99
230 17 100
200 18 1
217 18 2
227 18 3
214 18 4
195 18 5
209 18 6
225 18 7
218 18 8
213 18 9
206 18 10
206 18 11
211 18 12
227 18 13
234 18 14
214 18 15
211 18 16
215 18 17
231 18 18
218 18 19
229 18 20
222 18 21
217 18 22
237 18 23
224 18 24
221 18 25
227 18 26
198 18 27
230 18 28
204 18 29
199 18 30
216 18 31
212 18 32
221 18 33
216 18 34
228 18 35
203 18 36
229 18 37
222 18 38
212 18 39
204 18 40
216 18 41
209 18 42
219 18 43
226 18 44
218 18 45
202 18 46
227 18 47
214 18 48
217 18 49
218 18 50
210 18 51
227 18 52
224 18 53
212 18 54
211 18 55
218 18 56
212 18 57
208 18 58
217 18 59
222 18 60
211 18 61
224 18 62
214 18 63
220 18 64
219 18 65
210 18 66
219 18 67
218 18 68
220 18 69
218 18 70
210 18 71
226 18 72
220 18 73
209 18 74
217 18 75
227 18 76
206 18 77
226 18 78
226 18 79
213 18 80
212 18 81
218 18 82
219 18 83
213 18 84
212 18 85
214 18 86
205 18 87
208 18 88
226 18 89
216 18 90
227 18 91
228 18 92
210 18 93
214 18 94
220 18 95
221 18 96
218 18 97
217 18 98
213 18 99
221 18 100
198 19 1
217 19 2
225 19 3
210 19 4
194 19 5
210 19 6
218 19 7
220 19 8
217 19 9
204 19 10
203 19 11
215 19 12
222 19 13
230 19 14
212 19 15
210 19 16
219 19 17
224 19 18
214 19 19
225 19 20
224 19 21
217 19 22
232 19 23
217 19 24
216 19 25
224 19 26
201 19 27
229 19 28
202 19 29
197 19 30
212 19 31
214 19 32
218 19 33
211 19 34
223 19 35
195 19 36
222 19 37
222 19 38
209 19 39
203 19 40
219 19 41
210 19 42
222 19 43
225 19 44
213 19 45
201 19 46
226 19 47
212 19 48
217 19 49
217 19 50
206 19 51
225 19 52
225 19 53
212 19 54
207 19 55
213 19 56
205 19 57
202 19 58
213 19 59
220 19 60
213 19 61
223 19 62
210 19 63
213 19 64
217 19 65
208 19 66
217 19 67
214 19 68
219 19 69
216 19 70
210 19 71
222 19 72
218 19 73
210 19 74
216 19 75
225 19 76
203 19 77
220 19 78
222 19 79
217 19 80
210 19 81
216 19 82
221 19 83
210 19 84
212 19 85
212 19 86
207 19 87
209 19 88
224 19 89
216 19 90
223 19 91
224 19 92
211 19 93
213 19 94
215 19 95
222 19 96
219 19 97
212 19 98
209 19 99
222 19 100
201 20 1
218 20 2
225 20 3
212 20 4
193 20 5
208 20 6
221 20 7
215 20 8
214 20 9
203 20 10
202 20 11
212 20 12
224 20 13
233 20 14
210 20 15
209 20 16
216 20 17
225 20 18
217 20 19
232 20 20
224 20 21
213 20 22
230 20 23
224 20 24
217 20 25
225 20 26
199 20 27
232 20 28
208 20 29
198 20 30
219 20 31
212 20 32
220 20 33
213 20 34
226 20 35
201 20 36
228 20 37
220 20 38
212 20 39
206 20 40
217 20 41
209 20 42
219 20 43
223 20 44
218 20 45
203 20 46
223 20 47
213 20 48
215 20 49
220 20 50
212 20 51
222 20 52
224 20 53
212 20 54
207 20 55
215 20 56
208 20 57
206 20 58
215 20 59
219 20 60
214 20 61
225 20 62
214 20 63
216 20 64
219 20 65
214 20 66
220 20 67
218 20 68
221 20 69
217 20 70
208 20 71
222 20 72
218 20 73
209 20 74
216 20 75
231 20 76
207 20 77
226 20 78
228 20 79
216 20 80
213 20 81
218 20 82
218 20 83
213 20 84
212 20 85
213 20 86
205 20 87
209 20 88
223 20 89
215 20 90
223 20 91
226 20 92
206 20 93
213 20 94
221 20 95
222 20 96
220 20 97
215 20 98
213 20 99
226 20 100
204 21 1
223 21 2
231 21 3
213 21 4
197 21 5
212 21 6
223 21 7
221 21 8
218 21 9
206 21 10
207 21 11
215 21 12
228 21 13
236 21 14
214 21 15
211 21 16
218 21 17
230 21 18
221 21 19
229 21 20
230 21 21
219 21 22
238 21 23
221 21 24
219 21 25
226 21 26
203 21 27
234 21 28
207 21 29
198 21 30
220 21 31
214 21 32
224 21 33
215 21 34
230 21 35
202 21 36
229 21 37
224 21 38
213 21 39
206 21 40
220 21 41
208 21 42
221 21 43
227 21 44
220 21 45
206 21 46
228 21 47
216 21 48
216 21 49
220 21 50
213 21 51
228 21 52
226 21 53
216 21 54
210 21 55
214 21 56
210 21 57
208 21 58
218 21 59
225 21 60
216 21 61
223 21 62
217 21 63
218 21 64
217 21 65
214 21 66
222 21 67
219 21 68
224 21 69
218 21 70
213 21 71
225 21 72
220 21 73
214 21 74
217 21 75
232 21 76
208 21 77
225 21 78
229 21 79
218 21 80
216 21 81
219 21 82
222 21 83
214 21 84
215 21 85
216 21 86
209 21 87
209 21 88
224 21 89
216 21 90
227 21 91
230 21 92
212 21 93
213 21 94
222 21 95
222 21 96
221 21 97
218 21 98
213 21 99
225 21 100
201 22 1
220 22 2
228 22 3
212 22 4
194 22 5
208 22 6
222 22 7
220 22 8
215 22 9
204 22 10
204 22 11
216 22 12
224 22 13
236 22 14
214 22 15
213 22 16
218 22 17
225 22 18
217 22 19
228 22 20
224 22 21
221 22 22
235 22 23
220 22 24
220 22 25
225 22 26
203 22 27
235 22 28
207 22 29
197 22 30
217 22 31
212 22 32
223 22 33
215 22 34
228 22 35
204 22 36
228 22 37
227 22 38
213 22 39
206 22 40
216 22 41
208 22 42
221 22 43
228 22 44
218 22 45
204 22 46
227 22 47
215 22 48
217 22 49
218 22 50
210 22 51
225 22 52
225 22 53
215 22 54
211 22 55
217 22 56
210 22 57
211 22 58
217 22 59
226 22 60
216 22 61
223 22 62
214 22 63
221 22 64
217 22 65
213 22 66
217 22 67
216 22 68
224 22 69
217 22 70
211 22 71
224 22 72
218 22 73
211 22 74
216 22 75
234 22 76
204 22 77
226 22 78
226 22 79
215 22 80
212 22 81
220 22 82
218 22 83
214 22 84
209 22 85
215 22 86
204 22 87
208 22 88
222 22 89
218 22 90
228 22 91
225 22 92
213 22 93
212 22 94
220 22 95
221 22 96
220 22 97
219 22 98
216 22 99
226 22 100
205 23 1
220 23 2
233 23 3
215 23 4
200 23 5
213 23 6
228 23 7
225 23 8
220 23 9
209 23 10
205 23 11
218 23 12
231 23 13
235 23 14
218 23 15
217 23 16
219 23 17
231 23 18
221 23 19
233 23 20
227 23 21
218 23 22
241 23 23
228 23 24
222 23 25
231 23 26
204 23 27
237 23 28
213 23 29
202 23 30
222 23 31
217 23 32
224 23 33
217 23 34
232 23 35
208 23 36
231 23 37
227 23 38
218 23 39
211 23 40
226 23 41
216 23 42
225 23 43
231 23 44
223 23 45
209 23 46
233 23 47
217 23 48
218 23 49
225 23 50
215 23 51
231 23 52
230 23 53
215 23 54
214 23 55
219 23 56
215 23 57
212 23 58
220 23 59
227 23 60
217 23 61
229 23 62
217 23 63
222 23 64
223 23 65
219 23 66
224 23 67
222 23 68
228 23 69
223 23 70
214 23 71
229 23 72
221 23 73
215 23 74
224 23 75
233 23 76
212 23 77
230 23 78
233 23 79
221 23 80
217 23 81
225 23 82
223 23 83
219 23 84
216 23 85
219 23 86
211 23 87
217 23 88
230 23 89
220 23 90
230 23 91
232 23 92
212 23 93
219 23 94
225 23 95
228 23 96
225 23 97
223 23 98
220 23 99
227 23 100
204 24 1
219 24 2
228 24 3
213 24 4
199 24 5
209 24 6
223 24 7
224 24 8
216 24 9
209 24 10
203 24 11
213 24 12
225 24 13
233 24 14
215 24 15
216 24 16
215 24 17
224 24 18
218 24 19
231 24 20
223 24 21
215 24 22
236 24 23
227 24 24
220 24 25
225 24 26
201 24 27
235 24 28
211 24 29
198 24 30
217 24 31
215 24 32
221 24 33
213 24 34
228 24 35
202 24 36
231 24 37
225 24 38
214 24 39
208 24 40
220 24 41
213 24 42
220 24 43
227 24 44
218 24 45
204 24 46
231 24 47
213 24 48
212 24 49
221 24 50
214 24 51
225 24 52
227 24 53
209 24 54
212 24 55
214 24 56
213 24 57
211 24 58
215 24 59
223 24 60
211 24 61
225 24 62
210 24 63
221 24 64
220 24 65
217 24 66
219 24 67
215 24 68
229 24 69
220 24 70
213 24 71
223 24 72
218 24 73
210 24 74
219 24 75
229 24 76
208 24 77
228 24 78
227 24 79
221 24 80
214 24 81
219 24 82
218 24 83
217 24 84
212 24 85
216 24 86
208 24 87
213 24 88
227 24 89
215 24 90
228 24 91
226 24 92
207 24 93
217 24 94
218 24 95
226 24 96
225 24 97
217 24 98
217 24 99
224 24 100
197 25 1
217 25 2
225 25 3
210 25 4
191 25 5
208 25 6
220 25 7
218 25 8
210 25 9
199 25 10
202 25 11
214 25 12
224 25 13
230 25 14
209 25 15
212 25 16
217 25 17
223 25 18
216 25 19
226 25 20
223 25 21
218 25 22
235 25 23
221 25 24
222 25 25
222 25 26
195 25 27
232 25 28
204 25 29
196 25 30
215 25 31
208 25 32
223 25 33
216 25 34
227 25 35
201 25 36
226 25 37
220 25 38
210 25 39
205 25 40
217 25 41
209 25 42
218 25 43
225 25 44
216 25 45
201 25 46
225 25 47
212 25 48
214 25 49
214 25 50
209 25 51
225 25 52
222 25 53
209 25 54
207 25 55
216 25 56
209 25 57
204 25 58
212 25 59
216 25 60
211 25 61
219 25 62
211 25 63
214 25 64
216 25 65
209 25 66
217 25 67
210 25 68
218 25 69
218 25 70
204 25 71
224 25 72
214 25 73
210 25 74
215 25 75
228 25 76
204 25 77
227 25 78
225 25 79
215 25 80
214 25 81
217 25 82
214 25 83
212 25 84
208 25 85
215 25 86
201 25 87
207 25 88
226 25 89
212 25 90
224 25 91
223 25 92
207 25 93
206 25 94
215 25 95
221 25 96
215 25 97
214 25 98
212 25 99
225 25 100
204 26 1
216 26 2
223 26 3
209 26 4
193 26 5
205 26 6
222 26 7
220 26 8
212 26 9
206 26 10
202 26 11
209 26 12
223 26 13
231 26 14
212 26 15
207 26 16
209 26 17
223 26 18
217 26 19
227 26 20
218 26 21
212 26 22
234 26 23
219 26 24
218 26 25
231 26 26
199 26 27
232 26 28
207 26 29
195 26 30
211 26 31
208 26 32
219 26 33
209 26 34
228 26 35
200 26 36
221 26 37
222 26 38
211 26 39
203 26 40
215 26 41
205 26 42
218 26 43
221 26 44
217 26 45
203 26 46
223 26 47
212 26 48
212 26 49
217 26 50
211 26 51
224 26 52
223 26 53
209 26 54
208 26 55
213 26 56
211 26 57
206 26 58
215 26 59
225 26 60
210 26 61
223 26 62
209 26 63
220 26 64
218 26 65
215 26 66
212 26 67
216 26 68
222 26 69
220 26 70
209 26 71
219 26 72
215 26 73
208 26 74
214 26 75
228 26 76
209 26 77
226 26 78
228 26 79
217 26 80
215 26 81
219 26 82
217 26 83
215 26 84
212 26 85
212 26 86
207 26 87
208 26 88
221 26 89
212 26 90
220 26 91
225 26 92
203 26 93
211 26 94
218 26 95
222 26 96
217 26 97
215 26 98
214 26 99
217 26 100
201 27 1
221 27 2
227 27 3
214 27 4
195 27 5
211 27 6
222 27 7
220 27 8
213 27 9
200 27 10
205 27 11
214 27 12
225 27 13
230 27 14
214 27 15
215 27 16
218 27 17
229 27 18
216 27 19
229 27 20
225 27 21
216 27 22
234 27 23
220 27 24
219 27 25
222 27 26
203 27 27
231 27 28
206 27 29
197 27 30
219 27 31
214 27 32
223 27 33
218 27 34
229 27 35
199 27 36
226 27 37
220 27 38
208 27 39
203 27 40
218 27 41
206 27 42
221 27 43
223 27 44
218 27 45
199 27 46
229 27 47
214 27 48
216 27 49
220 27 50
211 27 51
224 27 52
225 27 53
216 27 54
208 27 55
215 27 56
211 27 57
206 27 58
212 27 59
221 27 60
219 27 61
224 27 62
216 27 63
217 27 64
218 27 65
215 27 66
219 27 67
213 27 68
223 27 69
215 27 70
211 27 71
224 27 72
216 27 73
208 27 74
215 27 75
230 27 76
204 27 77
224 27 78
228 27 79
217 27 80
211 27 81
215 27 82
221 27 83
213 27 84
210 27 85
215 27 86
206 27 87
211 27 88
222 27 89
215 27 90
226 27 91
226 27 92
211 27 93
213 27 94
218 27 95
225 27 96
218 27 97
217 27 98
211 27 99
225 27 100
196 28 1
212 28 2
219 28 3
207 28 4
191 28 5
204 28 6
216 28 7
215 28 8
210 28 9
199 28 10
198 28 11
209 28 12
218 28 13
229 28 14
207 28 15
209 28 16
210 28 17
220 28 18
213 28 19
222 28 20
212 28 21
204 28 22
229 28 23
216 28 24
211 28 25
221 28 26
200 28 27
228 28 28
205 28 29
192 28 30
209 28 31
209 28 32
211 28 33
205 28 34
221 28 35
195 28 36
218 28 37
219 28 38
207 28 39
201 28 40
215 28 41
210 28 42
216 28 43
221 28 44
217 28 45
198 28 46
221 28 47
208 28 48
209 28 49
217 28 50
207 28 51
216 28 52
220 28 53
207 28 54
204 28 55
209 28 56
202 28 57
199 28 58
210 28 59
218 28 60
210 28 61
220 28 62
209 28 63
213 28 64
213 28 65
205 28 66
210 28 67
215 28 68
220 28 69
217 28 70
207 28 71
220 28 72
214 28 73
205 28 74
212 28 75
227 28 76
199 28 77
218 28 78
225 28 79
216 28 80
208 28 81
216 28 82
211 28 83
210 28 84
206 28 85
207 28 86
201 28 87
209 28 88
222 28 89
208 28 90
220 28 91
221 28 92
207 28 93
209 28 94
217 28 95
222 28 96
211 28 97
208 28 98
212 28 99
219 28 100
202 29 1
217 29 2
226 29 3
210 29 4
196 29 5
208 29 6
224 29 7
221 29 8
218 29 9
204 29 10
202 29 11
212 29 12
225 29 13
231 29 14
212 29 15
212 29 16
213 29 17
224 29 18
220 29 19
227 29 20
221 29 21
211 29 22
236 29 23
223 29 24
219 29 25
225 29 26
197 29 27
230 29 28
214 29 29
193 29 30
217 29 31
214 29 32
217 29 33
213 29 34
224 29 35
206 29 36
228 29 37
225 29 38
212 29 39
204 29 40
220 29 41
209 29 42
220 29 43
227 29 44
218 29 45
206 29 46
229 29 47
209 29 48
213 29 49
219 29 50
213 29 51
225 29 52
223 29 53
208 29 54
211 29 55
215 29 56
209 29 57
206 29 58
214 29 59
224 29 60
210 29 61
226 29 62
208 29 63
216 29 64
219 29 65
213 29 66
216 29 67
218 29 68
221 29 69
221 29 70
211 29 71
225 29 72
214 29 73
211 29 74
218 29 75
228 29 76
209 29 77
225 29 78
226 29 79
217 29 80
213 29 81
220 29 82
214 29 83
217 29 84
213 29 85
214 29 86
207 29 87
213 29 88
225 29 89
213 29 90
223 29 91
225 29 92
206 29 93
213 29 94
217 29 95
225 29 96
219 29 97
218 29 98
220 29 99
221 29 100
198 30 1
214 30 2
222 30 3
208 30 4
194 30 5
204 30 6
217 30 7
213 30 8
211 30 9
196 30 10
200 30 11
209 30 12
217 30 13
229 30 14
205 30 15
209 30 16
219 30 17
220 30 18
209 30 19
224 30 20
220 30 21
212 30 22
229 30 23
219 30 24
216 30 25
215 30 26
194 30 27
227 30 28
203 30 29
196 30 30
216 30 31
209 30 32
216 30 33
216 30 34
223 30 35
195 30 36
221 30 37
218 30 38
210 30 39
205 30 40
215 30 41
207 30 42
217 30 43
222 30 44
212 30 45
200 30 46
221 30 47
214 30 48
213 30 49
212 30 50
205 30 51
221 30 52
216 30 53
211 30 54
204 30 55
212 30 56
205 30 57
204 30 58
210 30 59
219 30 60
213 30 61
220 30 62
210 30 63
209 30 64
210 30 65
207 30 66
214 30 67
210 30 68
219 30 69
212 30 70
203 30 71
218 30 72
217 30 73
210 30 74
214 30 75
227 30 76
202 30 77
224 30 78
223 30 79
211 30 80
204 30 81
214 30 82
214 30 83
208 30 84
210 30 85
211 30 86
199 30 87
208 30 88
218 30 89
215 30 90
220 30 91
221 30 92
204 30 93
211 30 94
216 30 95
218 30 96
214 30 97
214 30 98
209 30 99
223 30 100
202 31 1
222 31 2
228 31 3
211 31 4
197 31 5
213 31 6
222 31 7
220 31 8
215 31 9
206 31 10
205 31 11
217 31 12
225 31 13
231 31 14
214 31 15
215 31 16
218 31 17
226 31 18
219 31 19
229 31 20
226 31 21
217 31 22
234 31 23
224 31 24
220 31 25
227 31 26
205 31 27
233 31 28
208 31 29
197 31 30
224 31 31
215 31 32
223 31 33
217 31 34
231 31 35
201 31 36
229 31 37
223 31 38
212 31 39
206 31 40
220 31 41
210 31 42
220 31 43
227 31 44
218 31 45
203 31 46
230 31 47
216 31 48
219 31 49
219 31 50
209 31 51
227 31 52
225 31 53
213 31 54
211 31 55
218 31 56
209 31 57
208 31 58
216 31 59
222 31 60
220 31 61
224 31 62
215 31 63
218 31 64
218 31 65
215 31 66
220 31 67
220 31 68
225 31 69
216 31 70
209 31 71
222 31 72
221 31 73
212 31 74
220 31 75
233 31 76
206 31 77
226 31 78
229 31 79
215 31 80
211 31 81
218 31 82
225 31 83
213 31 84
214 31 85
217 31 86
206 31 87
212 31 88
223 31 89
215 31 90
225 31 91
226 31 92
210 31 93
213 31 94
218 31 95
225 31 96
224 31 97
219 31 98
215 31 99
229 31 100
201 32 1
217 32 2
227 32 3
211 32 4
196 32 5
208 32 6
224 32 7
224 32 8
217 32 9
206 32 10
205 32 11
214 32 12
226 32 13
235 32 14
213 32 15
214 32 16
218 32 17
226 32 18
218 32 19
230 32 20
223 32 21
214 32 22
238 32 23
227 32 24
220 32 25
227 32 26
201 32 27
233 32 28
214 32 29
200 32 30
217 32 31
218 32 32
218 32 33
213 32 34
230 32 35
206 32 36
230 32 37
225 32 38
213 32 39
209 32 40
223 32 41
210 32 42
222 32 43
230 32 44
220 32 45
204 32 46
230 32 47
212 32 48
212 32 49
221 32 50
212 32 51
226 32 52
225 32 53
212 32 54
212 32 55
215 32 56
212 32 57
207 32 58
214 32 59
224 32 60
214 32 61
226 32 62
212 32 63
217 32 64
217 32 65
213 32 66
219 32 67
219 32 68
224 32 69
220 32 70
213 32 71
229 32 72
219 32 73
211 32 74
219 32 75
231 32 76
209 32 77
228 32 78
229 32 79
218 32 80
211 32 81
220 32 82
216 32 83
218 32 84
211 32 85
216 32 86
207 32 87
214 32 88
226 32 89
215 32 90
226 32 91
227 32 92
211 32 93
215 32 94
218 32 95
227 32 96
220 32 97
217 32 98
217 32 99
225 32 100
204 33 1
224 33 2
231 33 3
215 33 4
198 33 5
214 33 6
229 33 7
224 33 8
218 33 9
208 33 10
209 33 11
219 33 12
229 33 13
237 33 14
218 33 15
216 33 16
223 33 17
229 33 18
221 33 19
232 33 20
228 33 21
221 33 22
236 33 23
226 33 24
225 33 25
227 33 26
206 33 27
237 33 28
211 33 29
202 33 30
224 33 31
215 33 32
226 33 33
222 33 34
233 33 35
206 33 36
232 33 37
226 33 38
215 33 39
208 33 40
224 33 41
213 33 42
225 33 43
230 33 44
222 33 45
207 33 46
233 33 47
219 33 48
224 33 49
222 33 50
214 33 51
229 33 52
228 33 53
216 33 54
210 33 55
221 33 56
213 33 57
210 33 58
221 33 59
225 33 60
222 33 61
228 33 62
216 33 63
223 33 64
223 33 65
217 33 66
223 33 67
219 33 68
227 33 69
223 33 70
214 33 71
226 33 72
223 33 73
215 33 74
220 33 75
236 33 76
211 33 77
230 33 78
230 33 79
218 33 80
216 33 81
222 33 82
223 33 83
218 33 84
217 33 85
221 33 86
208 33 87
214 33 88
230 33 89
221 33 90
230 33 91
228 33 92
216 33 93
218 33 94
223 33 95
226 33 96
223 33 97
220 33 98
221 33 99
229 33 100
201 34 1
218 34 2
223 34 3
212 34 4
195 34 5
211 34 6
221 34 7
220 34 8
215 34 9
204 34 10
202 34 11
214 34 12
224 34 13
232 34 14
213 34 15
211 34 16
221 34 17
226 34 18
220 34 19
232 34 20
223 34 21
216 34 22
235 34 23
222 34 24
222 34 25
223 34 26
203 34 27
232 34 28
208 34 29
200 34 30
219 34 31
214 34 32
224 34 33
218 34 34
230 34 35
201 34 36
226 34 37
223 34 38
214 34 39
208 34 40
217 34 41
210 34 42
218 34 43
228 34 44
219 34 45
202 34 46
228 34 47
217 34 48
219 34 49
219 34 50
211 34 51
224 34 52
223 34 53
214 34 54
209 34 55
217 34 56
209 34 57
208 34 58
216 34 59
224 34 60
221 34 61
224 34 62
218 34 63
218 34 64
217 34 65
213 34 66
221 34 67
215 34 68
222 34 69
217 34 70
210 34 71
223 34 72
219 34 73
209 34 74
218 34 75
230 34 76
206 34 77
227 34 78
226 34 79
216 34 80
212 34 81
218 34 82
217 34 83
212 34 84
212 34 85
217 34 86
203 34 87
208 34 88
224 34 89
217 34 90
226 34 91
224 34 92
210 34 93
212 34 94
217 34 95
221 34 96
218 34 97
216 34 98
214 34 99
230 34 100
205 35 1
226 35 2
230 35 3
215 35 4
199 35 5
216 35 6
228 35 7
224 35 8
220 35 9
209 35 10
206 35 11
217 35 12
231 35 13
238 35 14
218 35 15
215 35 16
221 35 17
232 35 18
220 35 19
234 35 20
228 35 21
219 35 22
238 35 23
226 35 24
224 35 25
230 35 26
205 35 27
237 35 28
211 35 29
204 35 30
225 35 31
215 35 32
225 35 33
221 35 34
236 35 35
207 35 36
232 35 37
227 35 38
214 35 39
211 35 40
224 35 41
213 35 42
225 35 43
231 35 44
221 35 45
208 35 46
231 35 47
218 35 48
223 35 49
223 35 50
215 35 51
229 35 52
229 35 53
218 35 54
211 35 55
221 35 56
215 35 57
212 35 58
220 35 59
227 35 60
221 35 61
228 35 62
218 35 63
221 35 64
224 35 65
217 35 66
224 35 67
221 35 68
227 35 69
221 35 70
215 35 71
227 35 72
224 35 73
215 35 74
220 35 75
237 35 76
211 35 77
231 35 78
234 35 79
221 35 80
215 35 81
222 35 82
225 35 83
218 35 84
216 35 85
220 35 86
209 35 87
214 35 88
231 35 89
222 35 90
228 35 91
229 35 92
214 35 93
216 35 94
223 35 95
228 35 96
225 35 97
222 35 98
218 35 99
230 35 100
203 36 1
217 36 2
228 36 3
211 36 4
195 36 5
207 36 6
224 36 7
221 36 8
216 36 9
204 36 10
203 36 11
214 36 12
226 36 13
232 36 14
214 36 15
211 36 16
217 36 17
226 36 18
221 36 19
229 36 20
220 36 21
217 36 22
234 36 23
222 36 24
219 36 25
224 36 26
203 36 27
233 36 28
208 36 29
196 36 30
216 36 31
212 36 32
219 36 33
216 36 34
227 36 35
207 36 36
229 36 37
223 36 38
211 36 39
209 36 40
218 36 41
207 36 42
221 36 43
223 36 44
221 36 45
206 36 46
224 36 47
216 36 48
216 36 49
219 36 50
213 36 51
227 36 52
222 36 53
214 36 54
206 36 55
216 36 56
208 36 57
209 36 58
215 36 59
226 36 60
218 36 61
222 36 62
215 36 63
216 36 64
220 36 65
214 36 66
220 36 67
216 36 68
222 36 69
218 36 70
210 36 71
224 36 72
216 36 73
212 36 74
217 36 75
232 36 76
207 36 77
223 36 78
228 36 79
215 36 80
213 36 81
220 36 82
219 36 83
214 36 84
211 36 85
217 36 86
206 36 87
212 36 88
228 36 89
216 36 90
225 36 91
226 36 92
208 36 93
213 36 94
221 36 95
222 36 96
222 36 97
218 36 98
217 36 99
224 36 100
202 37 1
220 37 2
229 37 3
212 37 4
197 37 5
211 37 6
226 37 7
221 37 8
218 37 9
203 37 10
207 37 11
213 37 12
227 37 13
236 37 14
214 37 15
212 37 16
217 37 17
226 37 18
219 37 19
232 37 20
223 37 21
217 37 22
234 37 23
225 37 24
219 37 25
225 37 26
202 37 27
233 37 28
208 37 29
198 37 30
219 37 31
212 37 32
221 37 33
219 37 34
226 37 35
203 37 36
231 37 37
223 37 38
213 37 39
203 37 40
217 37 41
209 37 42
221 37 43
224 37 44
219 37 45
201 37 46
227 37 47
215 37 48
216 37 49
218 37 50
211 37 51
227 37 52
224 37 53
213 37 54
208 37 55
218 37 56
212 37 57
208 37 58
216 37 59
224 37 60
214 37 61
224 37 62
212 37 63
219 37 64
220 37 65
214 37 66
215 37 67
218 37 68
227 37 69
220 37 70
209 37 71
225 37 72
218 37 73
212 37 74
216 37 75
231 37 76
206 37 77
225 37 78
229 37 79
217 37 80
214 37 81
220 37 82
220 37 83
213 37 84
208 37 85
212 37 86
207 37 87
211 37 88
224 37 89
213 37 90
224 37 91
228 37 92
209 37 93
211 37 94
220 37 95
223 37 96
222 37 97
219 37 98
216 37 99
225 37 100
200 38 1
220 38 2
223 38 3
212 38 4
194 38 5
207 38 6
221 38 7
221 38 8
213 38 9
205 38 10
203 38 11
215 38 12
226 38 13
234 38 14
215 38 15
211 38 16
216 38 17
225 38 18
217 38 19
227 38 20
223 38 21
215 38 22
233 38 23
222 38 24
219 38 25
224 38 26
201 38 27
234 38 28
205 38 29
196 38 30
217 38 31
210 38 32
224 38 33
215 38 34
232 38 35
203 38 36
228 38 37
226 38 38
212 38 39
206 38 40
218 38 41
209 38 42
222 38 43
222 38 44
217 38 45
202 38 46
228 38 47
214 38 48
217 38 49
218 38 50
210 38 51
225 38 52
224 38 53
212 38 54
206 38 55
214 38 56
209 38 57
206 38 58
213 38 59
222 38 60
220 38 61
223 38 62
210 38 63
218 38 64
216 38 65
215 38 66
219 38 67
216 38 68
222 38 69
219 38 70
212 38 71
222 38 72
219 38 73
210 38 74
216 38 75
231 38 76
204 38 77
224 38 78
228 38 79
215 38 80
210 38 81
216 38 82
220 38 83
214 38 84
212 38 85
216 38 86
207 38 87
211 38 88
226 38 89
216 38 90
223 38 91
225 38 92
209 38 93
212 38 94
217 38 95
225 38 96
219 38 97
216 38 98
215 38 99
223 38 100
199 39 1
217 39 2
227 39 3
209 39 4
195 39 5
210 39 6
223 39 7
221 39 8
215 39 9
207 39 10
200 39 11
211 39 12
226 39 13
231 39 14
214 39 15
211 39 16
215 39 17
225 39 18
217 39 19
226 39 20
221 39 21
218 39 22
234 39 23
223 39 24
219 39 25
227 39 26
200 39 27
233 39 28
208 39 29
197 39 30
215 39 31
211 39 32
219 39 33
211 39 34
228 39 35
204 39 36
227 39 37
223 39 38
213 39 39
206 39 40
219 39 41
211 39 42
218 39 43
227 39 44
217 39 45
202 39 46
227 39 47
212 39 48
213 39 49
223 39 50
213 39 51
224 39 52
225 39 53
209 39 54
210 39 55
215 39 56
212 39 57
206 39 58
214 39 59
219 39 60
211 39 61
223 39 62
211 39 63
219 39 64
220 39 65
215 39 66
219 39 67
220 39 68
224 39 69
219 39 70
208 39 71
227 39 72
216 39 73
209 39 74
217 39 75
227 39 76
209 39 77
225 39 78
224 39 79
217 39 80
211 39 81
219 39 82
219 39 83
213 39 84
213 39 85
218 39 86
205 39 87
210 39 88
228 39 89
215 39 90
223 39 91
226 39 92
207 39 93
215 39 94
217 39 95
223 39 96
222 39 97
217 39 98
214 39 99
221 39 100
197 40 1
215 40 2
222 40 3
211 40 4
194 40 5
206 40 6
218 40 7
219 40 8
211 40 9
207 40 10
198 40 11
211 40 12
216 40 13
231 40 14
209 40 15
208 40 16
212 40 17
223 40 18
213 40 19
225 40 20
216 40 21
210 40 22
232 40 23
222 40 24
213 40 25
221 40 26
193 40 27
231 40 28
206 40 29
194 40 30
213 40 31
211 40 32
214 40 33
211 40 34
222 40 35
198 40 36
221 40 37
216 40 38
208 40 39
210 40 40
215 40 41
207 40 42
217 40 43
223 40 44
214 40 45
199 40 46
221 40 47
210 40 48
213 40 49
214 40 50
208 40 51
220 40 52
222 40 53
205 40 54
205 40 55
209 40 56
206 40 57
205 40 58
209 40 59
219 40 60
209 40 61
222 40 62
211 40 63
212 40 64
213 40 65
207 40 66
215 40 67
213 40 68
220 40 69
210 40 70
206 40 71
217 40 72
215 40 73
206 40 74
215 40 75
223 40 76
203 40 77
221 40 78
220 40 79
214 40 80
206 40 81
212 40 82
215 40 83
211 40 84
208 40 85
213 40 86
200 40 87
206 40 88
221 40 89
210 40 90
221 40 91
221 40 92
206 40 93
215 40 94
210 40 95
216 40 96
217 40 97
215 40 98
212 40 99
222 40 100
201 41 1
218 41 2
226 41 3
209 41 4
198 41 5
211 41 6
221 41 7
221 41 8
215 41 9
206 41 10
202 41 11
212 41 12
224 41 13
231 41 14
212 41 15
213 41 16
213 41 17
226 41 18
218 41 19
226 41 20
222 41 21
215 41 22
235 41 23
222 41 24
219 41 25
225 41 26
200 41 27
231 41 28
208 41 29
197 41 30
215 41 31
212 41 32
219 41 33
209 41 34
226 41 35
205 41 36
228 41 37
224 41 38
209 41 39
207 41 40
226 41 41
209 41 42
221 41 43
226 41 44
217 41 45
202 41 46
224 41 47
213 41 48
215 41 49
217 41 50
214 41 51
226 41 52
225 41 53
206 41 54
208 41 55
212 41 56
212 41 57
208 41 58
213 41 59
223 41 60
210 41 61
223 41 62
209 41 63
217 41 64
221 41 65
210 41 66
218 41 67
217 41 68
223 41 69
220 41 70
209 41 71
225 41 72
219 41 73
210 41 74
221 41 75
226 41 76
205 41 77
227 41 78
228 41 79
221 41 80
213 41 81
218 41 82
216 41 83
215 41 84
211 41 85
213 41 86
206 41 87
212 41 88
223 41 89
218 41 90
228 41 91
224 41 92
208 41 93
214 41 94
221 41 95
224 41 96
218 41 97
217 41 98
213 41 99
220 41 100
199 42 1
220 42 2
226 42 3
213 42 4
198 42 5
210 42 6
225 42 7
219 42 8
216 42 9
206 42 10
205 42 11
216 42 12
224 42 13
231 42 14
214 42 15
214 42 16
216 42 17
227 42 18
214 42 19
233 42 20
222 42 21
216 42 22
237 42 23
224 42 24
224 42 25
223 42 26
200 42 27
232 42 28
207 42 29
199 42 30
219 42 31
213 42 32
218 42 33
219 42 34
229 42 35
201 42 36
231 42 37
225 42 38
212 42 39
206 42 40
223 42 41
214 42 42
220 42 43
226 42 44
219 42 45
202 42 46
229 42 47
213 42 48
218 42 49
216 42 50
209 42 51
225 42 52
224 42 53
213 42 54
209 42 55
218 42 56
210 42 57
208 42 58
215 42 59
220 42 60
217 42 61
224 42 62
212 42 63
218 42 64
221 42 65
214 42 66
218 42 67
220 42 68
221 42 69
216 42 70
209 42 71
223 42 72
220 42 73
212 42 74
221 42 75
233 42 76
207 42 77
226 42 78
229 42 79
217 42 80
210 42 81
221 42 82
222 42 83
215 42 84
211 42 85
214 42 86
205 42 87
213 42 88
226 42 89
217 42 90
225 42 91
227 42 92
211 42 93
216 42 94
220 42 95
223 42 96
218 42 97
220 42 98
216 42 99
225 42 100
204 43 1
216 43 2
224 43 3
207 43 4
190 43 5
207 43 6
221 43 7
217 43 8
215 43 9
203 43 10
200 43 11
209 43 12
221 43 13
227 43 14
212 43 15
210 43 16
213 43 17
221 43 18
216 43 19
224 43 20
223 43 21
211 43 22
230 43 23
220 43 24
215 43 25
222 43 26
199 43 27
230 43 28
204 43 29
193 43 30
214 43 31
213 43 32
220 43 33
209 43 34
225 43 35
199 43 36
226 43 37
221 43 38
209 43 39
206 43 40
217 43 41
206 43 42
221 43 43
223 43 44
215 43 45
202 43 46
226 43 47
211 43 48
212 43 49
218 43 50
207 43 51
224 43 52
223 43 53
208 43 54
207 43 55
212 43 56
205 43 57
207 43 58
214 43 59
219 43 60
211 43 61
222 43 62
209 43 63
220 43 64
217 43 65
215 43 66
221 43 67
214 43 68
221 43 69
216 43 70
208 43 71
221 43 72
213 43 73
207 43 74
215 43 75
229 43 76
202 43 77
224 43 78
225 43 79
217 43 80
211 43 81
215 43 82
218 43 83
209 43 84
210 43 85
213 43 86
205 43 87
207 43 88
224 43 89
215 43 90
225 43 91
225 43 92
207 43 93
211 43 94
216 43 95
221 43 96
220 43 97
217 43 98
211 43 99
218 43 100
201 44 1
217 44 2
227 44 3
211 44 4
193 44 5
209 44 6
225 44 7
219 44 8
214 44 9
205 44 10
202 44 11
215 44 12
227 44 13
234 44 14
210 44 15
214 44 16
215 44 17
228 44 18
217 44 19
229 44 20
224 44 21
218 44 22
234 44 23
222 44 24
216 44 25
225 44 26
199 44 27
231 44 28
206 44 29
200 44 30
217 44 31
212 44 32
220 44 33
213 44 34
230 44 35
202 44 36
227 44 37
222 44 38
212 44 39
205 44 40
220 44 41
209 44 42
217 44 43
231 44 44
217 44 45
203 44 46
228 44 47
210 44 48
216 44 49
219 44 50
210 44 51
226 44 52
223 44 53
212 44 54
207 44 55
215 44 56
211 44 57
205 44 58
216 44 59
221 44 60
213 44 61
224 44 62
213 44 63
217 44 64
220 44 65
211 44 66
218 44 67
216 44 68
225 44 69
216 44 70
208 44 71
226 44 72
220 44 73
209 44 74
217 44 75
233 44 76
209 44 77
226 44 78
228 44 79
216 44 80
210 44 81
217 44 82
219 44 83
213 44 84
213 44 85
215 44 86
204 44 87
209 44 88
226 44 89
216 44 90
223 44 91
222 44 92
209 44 93
211 44 94
219 44 95
222 44 96
219 44 97
217 44 98
215 44 99
226 44 100
205 45 1
220 45 2
229 45 3
213 45 4
199 45 5
210 45 6
225 45 7
223 45 8
218 45 9
208 45 10
202 45 11
216 45 12
230 45 13
234 45 14
215 45 15
215 45 16
216 45 17
231 45 18
222 45 19
229 45 20
224 45 21
217 45 22
239 45 23
226 45 24
220 45 25
228 45 26
202 45 27
232 45 28
209 45 29
201 45 30
221 45 31
215 45 32
221 45 33
215 45 34
229 45 35
204 45 36
228 45 37
226 45 38
214 45 39
208 45 40
221 45 41
211 45 42
223 45 43
229 45 44
222 45 45
206 45 46
228 45 47
217 45 48
216 45 49
222 45 50
211 45 51
230 45 52
224 45 53
213 45 54
210 45 55
214 45 56
213 45 57
210 45 58
217 45 59
225 45 60
215 45 61
227 45 62
214 45 63
221 45 64
218 45 65
217 45 66
222 45 67
221 45 68
226 45 69
219 45 70
212 45 71
225 45 72
221 45 73
212 45 74
222 45 75
233 45 76
210 45 77
229 45 78
230 45 79
220 45 80
214 45 81
220 45 82
221 45 83
215 45 84
213 45 85
216 45 86
206 45 87
213 45 88
229 45 89
217 45 90
226 45 91
231 45 92
209 45 93
214 45 94
220 45 95
225 45 96
224 45 97
221 45 98
215 45 99
225 45 100
206 46 1
221 46 2
230 46 3
216 46 4
196 46 5
211 46 6
226 46 7
223 46 8
218 46 9
209 46 10
205 46 11
218 46 12
232 46 13
236 46 14
217 46 15
214 46 16
221 46 17
229 46 18
222 46 19
232 46 20
227 46 21
222 46 22
238 46 23
225 46 24
222 46 25
229 46 26
203 46 27
235 46 28
210 46 29
203 46 30
221 46 31
217 46 32
225 46 33
218 46 34
233 46 35
206 46 36
230 46 37
226 46 38
217 46 39
208 46 40
224 46 41
213 46 42
223 46 43
230 46 44
222 46 45
209 46 46
233 46 47
218 46 48
218 46 49
223 46 50
214 46 51
229 46 52
229 46 53
214 46 54
213 46 55
216 46 56
215 46 57
210 46 58
219 46 59
226 46 60
217 46 61
227 46 62
217 46 63
222 46 64
223 46 65
217 46 66
222 46 67
219 46 68
229 46 69
220 46 70
213 46 71
228 46 72
222 46 73
215 46 74
220 46 75
235 46 76
211 46 77
228 46 78
229 46 79
221 46 80
217 46 81
222 46 82
221 46 83
217 46 84
215 46 85
218 46 86
208 46 87
215 46 88
231 46 89
218 46 90
230 46 91
229 46 92
213 46 93
215 46 94
223 46 95
226 46 96
222 46 97
220 46 98
217 46 99
227 46 100
199 47 1
217 47 2
226 47 3
212 47 4
197 47 5
209 47 6
221 47 7
220 47 8
214 47 9
205 47 10
199 47 11
212 47 12
224 47 13
231 47 14
213 47 15
215 47 16
215 47 17
226 47 18
220 47 19
225 47 20
221 47 21
215 47 22
235 47 23
222 47 24
218 47 25
224 47 26
197 47 27
233 47 28
207 47 29
198 47 30
216 47 31
210 47 32
220 47 33
211 47 34
228 47 35
206 47 36
228 47 37
224 47 38
213 47 39
205 47 40
221 47 41
214 47 42
221 47 43
223 47 44
216 47 45
203 47 46
230 47 47
212 47 48
214 47 49
221 47 50
214 47 51
227 47 52
225 47 53
209 47 54
207 47 55
214 47 56
210 47 57
207 47 58
213 47 59
222 47 60
212 47 61
225 47 62
210 47 63
219 47 64
219 47 65
212 47 66
216 47 67
219 47 68
223 47 69
220 47 70
209 47 71
224 47 72
214 47 73
212 47 74
217 47 75
229 47 76
208 47 77
229 47 78
224 47 79
215 47 80
214 47 81
220 47 82
215 47 83
215 47 84
210 47 85
213 47 86
205 47 87
211 47 88
226 47 89
213 47 90
226 47 91
225 47 92
210 47 93
214 47 94
217 47 95
223 47 96
221 47 97
215 47 98
216 47 99
223 47 100
198 48 1
217 48 2
224 48 3
212 48 4
194 48 5
209 48 6
224 48 7
220 48 8
212 48 9
205 48 10
205 48 11
211 48 12
224 48 13
230 48 14
212 48 15
210 48 16
215 48 17
227 48 18
218 48 19
226 48 20
225 48 21
218 48 22
233 48 23
220 48 24
219 48 25
223 48 26
200 48 27
234 48 28
205 48 29
198 48 30
216 48 31
211 48 32
220 48 33
214 48 34
226 48 35
202 48 36
228 48 37
220 48 38
211 48 39
203 48 40
216 48 41
209 48 42
213 48 43
224 48 44
215 48 45
203 48 46
225 48 47
216 48 48
211 48 49
217 48 50
209 48 51
223 48 52
221 48 53
210 48 54
207 48 55
215 48 56
212 48 57
207 48 58
217 48 59
216 48 60
214 48 61
219 48 62
211 48 63
216 48 64
219 48 65
209 48 66
218 48 67
212 48 68
218 48 69
216 48 70
207 48 71
221 48 72
214 48 73
209 48 74
213 48 75
226 48 76
204 48 77
225 48 78
225 48 79
214 48 80
211 48 81
214 48 82
221 48 83
211 48 84
208 48 85
214 48 86
205 48 87
209 48 88
225 48 89
214 48 90
223 48 91
222 48 92
210 48 93
212 48 94
215 48 95
219 48 96
219 48 97
211 48 98
213 48 99
226 48 100
204 49 1
224 49 2
229 49 3
214 49 4
196 49 5
211 49 6
224 49 7
221 49 8
218 49 9
207 49 10
208 49 11
217 49 12
227 49 13
235 49 14
220 49 15
212 49 16
219 49 17
230 49 18
221 49 19
233 49 20
226 49 21
220 49 22
238 49 23
226 49 24
222 49 25
227 49 26
202 49 27
233 49 28
210 49 29
200 49 30
219 49 31
212 49 32
223 49 33
220 49 34
232 49 35
206 49 36
229 49 37
225 49 38
213 49 39
210 49 40
221 49 41
212 49 42
223 49 43
225 49 44
221 49 45
203 49 46
230 49 47
216 49 48
224 49 49
224 49 50
214 49 51
225 49 52
226 49 53
217 49 54
213 49 55
219 49 56
211 49 57
205 49 58
219 49 59
225 49 60
218 49 61
225 49 62
217 49 63
221 49 64
218 49 65
214 49 66
223 49 67
219 49 68
227 49 69
218 49 70
213 49 71
223 49 72
222 49 73
211 49 74
219 49 75
234 49 76
208 49 77
231 49 78
229 49 79
217 49 80
214 49 81
220 49 82
222 49 83
215 49 84
213 49 85
218 49 86
205 49 87
213 49 88
229 49 89
217 49 90
226 49 91
231 49 92
212 49 93
219 49 94
222 49 95
225 49 96
220 49 97
219 49 98
218 49 99
227 49 100
203 50 1
217 50 2
229 50 3
212 50 4
196 50 5
208 50 6
225 50 7
223 50 8
216 50 9
205 50 10
203 50 11
217 50 12
226 50 13
233 50 14
216 50 15
210 50 16
216 50 17
225 50 18
220 50 19
229 50 20
225 50 21
214 50 22
235 50 23
223 50 24
218 50 25
227 50 26
201 50 27
234 50 28
208 50 29
200 50 30
216 50 31
216 50 32
220 50 33
210 50 34
229 50 35
204 50 36
228 50 37
225 50 38
214 50 39
206 50 40
221 50 41
211 50 42
222 50 43
229 50 44
219 50 45
206 50 46
227 50 47
212 50 48
215 50 49
224 50 50
211 50 51
227 50 52
226 50 53
210 50 54
211 50 55
214 50 56
211 50 57
205 50 58
216 50 59
224 50 60
213 50 61
227 50 62
210 50 63
220 50 64
222 50 65
216 50 66
221 50 67
220 50 68
229 50 69
218 50 70
212 50 71
224 50 72
218 50 73
211 50 74
219 50 75
227 50 76
209 50 77
225 50 78
230 50 79
218 50 80
213 50 81
219 50 82
215 50 83
216 50 84
212 50 85
215 50 86
206 50 87
213 50 88
228 50 89
214 50 90
225 50 91
226 50 92
213 50 93
215 50 94
222 50 95
225 50 96
219 50 97
216 50 98
217 50 99
225 50 100
202 51 1
217 51 2
224 51 3
210 51 4
192 51 5
209 51 6
223 51 7
221 51 8
213 51 9
207 51 10
196 51 11
211 51 12
224 51 13
232 51 14
218 51 15
210 51 16
210 51 17
225 51 18
220 51 19
228 51 20
219 51 21
211 51 22
230 51 23
222 51 24
219 51 25
223 51 26
197 51 27
233 51 28
206 51 29
194 51 30
214 51 31
210 51 32
219 51 33
209 51 34
225 51 35
202 51 36
225 51 37
221 51 38
211 51 39
203 51 40
216 51 41
206 51 42
219 51 43
226 51 44
214 51 45
201 51 46
224 51 47
208 51 48
210 51 49
217 51 50
214 51 51
222 51 52
221 51 53
207 51 54
210 51 55
212 51 56
209 51 57
207 51 58
211 51 59
224 51 60
214 51 61
222 51 62
209 51 63
218 51 64
220 51 65
215 51 66
216 51 67
215 51 68
222 51 69
216 51 70
207 51 71
220 51 72
213 51 73
209 51 74
216 51 75
226 51 76
205 51 77
224 51 78
228 51 79
218 51 80
212 51 81
219 51 82
212 51 83
216 51 84
206 51 85
215 51 86
203 51 87
208 51 88
222 51 89
212 51 90
224 51 91
224 51 92
208 51 93
212 51 94
219 51 95
220 51 96
218 51 97
217 51 98
215 51 99
220 51 100
199 52 1
214 52 2
220 52 3
209 52 4
189 52 5
205 52 6
217 52 7
214 52 8
210 52 9
198 52 10
199 52 11
212 52 12
221 52 13
227 52 14
209 52 15
208 52 16
214 52 17
222 52 18
214 52 19
221 52 20
221 52 21
212 52 22
227 52 23
218 52 24
213 52 25
218 52 26
196 52 27
226 52 28
201 52 29
191 52 30
213 52 31
208 52 32
218 52 33
210 52 34
225 52 35
199 52 36
224 52 37
219 52 38
210 52 39
202 52 40
210 52 41
200 52 42
219 52 43
218 52 44
211 52 45
197 52 46
220 52 47
207 52 48
214 52 49
214 52 50
208 52 51
228 52 52
219 52 53
205 52 54
204 52 55
212 52 56
203 52 57
203 52 58
208 52 59
216 52 60
213 52 61
216 52 62
209 52 63
212 52 64
208 52 65
206 52 66
210 52 67
210 52 68
219 52 69
214 52 70
208 52 71
216 52 72
211 52 73
206 52 74
212 52 75
231 52 76
200 52 77
219 52 78
224 52 79
209 52 80
209 52 81
210 52 82
216 52 83
205 52 84
207 52 85
211 52 86
202 52 87
204 52 88
221 52 89
209 52 90
219 52 91
220 52 92
207 52 93
205 52 94
212 52 95
217 52 96
216 52 97
213 52 98
211 52 99
217 52 100
203 53 1
224 53 2
228 53 3
217 53 4
198 53 5
214 53 6
226 53 7
222 53 8
217 53 9
205 53 10
206 53 11
215 53 12
230 53 13
237 53 14
217 53 15
216 53 16
217 53 17
231 53 18
222 53 19
233 53 20
226 53 21
220 53 22
240 53 23
226 53 24
222 53 25
229 53 26
205 53 27
238 53 28
211 53 29
201 53 30
222 53 31
213 53 32
223 53 33
221 53 34
233 53 35
208 53 36
231 53 37
227 53 38
215 53 39
210 53 40
224 53 41
211 53 42
222 53 43
229 53 44
222 53 45
205 53 46
228 53 47
218 53 48
218 53 49
221 53 50
215 53 51
229 53 52
230 53 53
214 53 54
211 53 55
219 53 56
213 53 57
211 53 58
217 53 59
225 53 60
219 53 61
225 53 62
216 53 63
218 53 64
221 53 65
218 53 66
222 53 67
219 53 68
224 53 69
222 53 70
215 53 71
227 53 72
222 53 73
214 53 74
220 53 75
236 53 76
211 53 77
230 53 78
230 53 79
219 53 80
216 53 81
221 53 82
224 53 83
216 53 84
216 53 85
218 53 86
210 53 87
212 53 88
227 53 89
222 53 90
228 53 91
228 53 92
212 53 93
215 53 94
224 53 95
226 53 96
223 53 97
221 53 98
218 53 99
226 53 100
197 54 1
214 54 2
228 54 3
208 54 4
193 54 5
205 54 6
218 54 7
217 54 8
212 54 9
198 54 10
200 54 11
210 54 12
222 54 13
228 54 14
208 54 15
208 54 16
216 54 17
224 54 18
214 54 19
226 54 20
222 54 21
213 54 22
233 54 23
220 54 24
216 54 25
223 54 26
196 54 27
226 54 28
207 54 29
195 54 30
218 54 31
209 54 32
219 54 33
213 54 34
227 54 35
204 54 36
227 54 37
217 54 38
210 54 39
204 54 40
216 54 41
207 54 42
214 54 43
225 54 44
214 54 45
203 54 46
227 54 47
213 54 48
215 54 49
215 54 50
206 54 51
223 54 52
220 54 53
217 54 54
203 54 55
217 54 56
210 54 57
208 54 58
212 54 59
216 54 60
216 54 61
221 54 62
212 54 63
214 54 64
212 54 65
208 54 66
217 54 67
215 54 68
220 54 69
215 54 70
206 54 71
221 54 72
214 54 73
208 54 74
214 54 75
228 54 76
206 54 77
223 54 78
224 54 79
212 54 80
212 54 81
215 54 82
218 54 83
208 54 84
211 54 85
211 54 86
200 54 87
209 54 88
220 54 89
214 54 90
222 54 91
222 54 92
207 54 93
210 54 94
219 54 95
217 54 96
219 54 97
216 54 98
214 54 99
226 54 100
197 55 1
207 55 2
217 55 3
202 55 4
187 55 5
201 55 6
217 55 7
217 55 8
208 55 9
199 55 10
193 55 11
203 55 12
214 55 13
223 55 14
206 55 15
204 55 16
205 55 17
212 55 18
209 55 19
220 55 20
213 55 21
202 55 22
225 55 23
221 55 24
212 55 25
215 55 26
186 55 27
223 55 28
207 55 29
185 55 30
206 55 31
205 55 32
209 55 33
198 55 34
217 55 35
197 55 36
220 55 37
213 55 38
204 55 39
199 55 40
209 55 41
201 55 42
212 55 43
217 55 44
209 55 45
198 55 46
221 55 47
202 55 48
204 55 49
212 55 50
204 55 51
216 55 52
213 55 53
202 55 54
207 55 55
208 55 56
200 55 57
199 55 58
205 55 59
217 55 60
205 55 61
218 55 62
197 55 63
215 55 64
213 55 65
208 55 66
208 55 67
210 55 68
215 55 69
211 55 70
202 55 71
213 55 72
208 55 73
200 55 74
208 55 75
217 55 76
198 55 77
220 55 78
222 55 79
216 55 80
202 55 81
216 55 82
205 55 83
207 55 84
200 55 85
205 55 86
203 55 87
204 55 88
213 55 89
203 55 90
213 55 91
216 55 92
203 55 93
210 55 94
212 55 95
213 55 96
208 55 97
209 55 98
208 55 99
209 55 100
204 56 1
221 56 2
226 56 3
216 56 4
194 56 5
210 56 6
222 56 7
220 56 8
216 56 9
206 56 10
207 56 11
214 56 12
227 56 13
233 56 14
215 56 15
216 56 16
220 56 17
229 56 18
219 56 19
231 56 20
224 56 21
219 56 22
236 56 23
222 56 24
221 56 25
227 56 26
202 56 27
234 56 28
208 56 29
198 56 30
222 56 31
212 56 32
224 56 33
220 56 34
230 56 35
205 56 36
228 56 37
224 56 38
215 56 39
205 56 40
220 56 41
211 56 42
221 56 43
227 56 44
215 56 45
201 56 46
227 56 47
214 56 48
220 56 49
220 56 50
212 56 51
228 56 52
226 56 53
214 56 54
210 56 55
222 56 56
212 56 57
208 56 58
216 56 59
224 56 60
219 56 61
223 56 62
217 56 63
220 56 64
218 56 65
217 56 66
219 56 67
219 56 68
225 56 69
218 56 70
211 56 71
224 56 72
219 56 73
210 56 74
215 56 75
237 56 76
206 56 77
230 56 78
228 56 79
216 56 80
212 56 81
220 56 82
218 56 83
211 56 84
212 56 85
217 56 86
206 56 87
212 56 88
227 56 89
216 56 90
225 56 91
228 56 92
209 56 93
216 56 94
223 56 95
225 56 96
220 56 97
220 56 98
215 56 99
224 56 100
205 57 1
221 57 2
231 57 3
217 57 4
200 57 5
213 57 6
228 57 7
226 57 8
220 57 9
210 57 10
206 57 11
218 57 12
230 57 13
236 57 14
218 57 15
218 57 16
217 57 17
229 57 18
221 57 19
234 57 20
225 57 21
219 57 22
240 57 23
228 57 24
222 57 25
229 57 26
204 57 27
237 57 28
213 57 29
200 57 30
219 57 31
216 57 32
222 57 33
216 57 34
232 57 35
206 57 36
232 57 37
228 57 38
217 57 39
210 57 40
224 57 41
215 57 42
225 57 43
229 57 44
222 57 45
206 57 46
231 57 47
215 57 48
216 57 49
225 57 50
216 57 51
229 57 52
230 57 53
214 57 54
215 57 55
216 57 56
215 57 57
212 57 58
220 57 59
228 57 60
216 57 61
230 57 62
215 57 63
224 57 64
225 57 65
219 57 66
223 57 67
221 57 68
228 57 69
222 57 70
215 57 71
228 57 72
222 57 73
215 57 74
222 57 75
233 57 76
210 57 77
230 57 78
231 57 79
222 57 80
216 57 81
223 57 82
221 57 83
218 57 84
214 57 85
218 57 86
209 57 87
217 57 88
231 57 89
220 57 90
231 57 91
230 57 92
212 57 93
219 57 94
224 57 95
228 57 96
224 57 97
221 57 98
219 57 99
225 57 100
202 58 1
215 58 2
229 58 3
210 58 4
198 58 5
210 58 6
224 58 7
220 58 8
216 58 9
205 58 10
200 58 11
214 58 12
227 58 13
231 58 14
214 58 15
213 58 16
212 58 17
226 58 18
219 58 19
230 58 20
220 58 21
214 58 22
235 58 23
224 58 24
219 58 25
228 58 26
201 58 27
235 58 28
210 58 29
198 58 30
215 58 31
210 58 32
219 58 33
211 58 34
231 58 35
206 58 36
228 58 37
227 58 38
211 58 39
209 58 40
221 58 41
209 58 42
221 58 43
227 58 44
220 58 45
204 58 46
224 58 47
210 58 48
213 58 49
221 58 50
213 58 51
227 58 52
227 58 53
210 58 54
208 58 55
215 58 56
212 58 57
213 58 58
215 58 59
224 58 60
215 58 61
226 58 62
209 58 63
219 58 64
223 58 65
215 58 66
218 58 67
218 58 68
224 58 69
219 58 70
213 58 71
224 58 72
217 58 73
210 58 74
220 58 75
230 58 76
207 58 77
227 58 78
228 58 79
220 58 80
215 58 81
219 58 82
218 58 83
216 58 84
214 58 85
215 58 86
208 58 87
212 58 88
224 58 89
216 58 90
226 58 91
224 58 92
208 58 93
214 58 94
220 58 95
223 58 96
221 58 97
220 58 98
218 58 99
222 58 100
200 59 1
218 59 2
226 59 3
212 59 4
197 59 5
206 59 6
224 59 7
219 59 8
216 59 9
203 59 10
199 59 11
209 59 12
224 59 13
231 59 14
213 59 15
212 59 16
215 59 17
224 59 18
217 59 19
229 59 20
218 59 21
210 59 22
236 59 23
223 59 24
218 59 25
224 59 26
198 59 27
229 59 28
204 59 29
199 59 30
215 59 31
212 59 32
218 59 33
209 59 34
226 59 35
200 59 36
223 59 37
223 59 38
209 59 39
204 59 40
220 59 41
207 59 42
218 59 43
225 59 44
216 59 45
201 59 46
223 59 47
213 59 48
211 59 49
218 59 50
206 59 51
225 59 52
223 59 53
211 59 54
205 59 55
213 59 56
210 59 57
208 59 58
218 59 59
222 59 60
212 59 61
222 59 62
212 59 63
215 59 64
216 59 65
211 59 66
216 59 67
217 59 68
218 59 69
219 59 70
211 59 71
221 59 72
218 59 73
209 59 74
216 59 75
223 59 76
210 59 77
227 59 78
227 59 79
216 59 80
210 59 81
215 59 82
216 59 83
214 59 84
208 59 85
213 59 86
207 59 87
210 59 88
223 59 89
215 59 90
219 59 91
225 59 92
209 59 93
212 59 94
215 59 95
218 59 96
218 59 97
219 59 98
214 59 99
221 59 100
200 60 1
214 60 2
223 60 3
204 60 4
191 60 5
201 60 6
216 60 7
212 60 8
208 60 9
202 60 10
201 60 11
203 60 12
217 60 13
226 60 14
205 60 15
207 60 16
204 60 17
215 60 18
211 60 19
223 60 20
214 60 21
206 60 22
227 60 23
213 60 24
212 60 25
221 60 26
191 60 27
224 60 28
203 60 29
185 60 30
204 60 31
206 60 32
214 60 33
205 60 34
218 60 35
195 60 36
220 60 37
216 60 38
203 60 39
199 60 40
213 60 41
202 60 42
211 60 43
218 60 44
208 60 45
196 60 46
220 60 47
204 60 48
205 60 49
211 60 50
204 60 51
218 60 52
219 60 53
201 60 54
205 60 55
214 60 56
200 60 57
202 60 58
210 60 59
222 60 60
202 60 61
219 60 62
205 60 63
210 60 64
210 60 65
209 60 66
210 60 67
210 60 68
216 60 69
213 60 70
204 60 71
215 60 72
207 60 73
204 60 74
210 60 75
221 60 76
197 60 77
220 60 78
222 60 79
215 60 80
206 60 81
215 60 82
208 60 83
209 60 84
207 60 85
209 60 86
201 60 87
210 60 88
217 60 89
204 60 90
214 60 91
221 60 92
201 60 93
206 60 94
215 60 95
215 60 96
217 60 97
211 60 98
206 60 99
216 60 100
200 61 1
223 61 2
226 61 3
214 61 4
195 61 5
209 61 6
222 61 7
223 61 8
219 61 9
207 61 10
205 61 11
216 61 12
224 61 13
231 61 14
214 61 15
211 61 16
216 61 17
225 61 18
221 61 19
230 61 20
225 61 21
219 61 22
236 61 23
223 61 24
221 61 25
226 61 26
201 61 27
232 61 28
210 61 29
197 61 30
221 61 31
213 61 32
222 61 33
217 61 34
229 61 35
204 61 36
228 61 37
224 61 38
214 61 39
203 61 40
221 61 41
210 61 42
223 61 43
224 61 44
215 61 45
203 61 46
230 61 47
213 61 48
220 61 49
221 61 50
213 61 51
227 61 52
227 61 53
212 61 54
209 61 55
217 61 56
212 61 57
206 61 58
215 61 59
222 61 60
220 61 61
225 61 62
217 61 63
219 61 64
217 61 65
216 61 66
219 61 67
216 61 68
222 61 69
217 61 70
211 61 71
223 61 72
220 61 73
211 61 74
214 61 75
232 61 76
206 61 77
224 61 78
227 61 79
219 61 80
215 61 81
218 61 82
222 61 83
214 61 84
214 61 85
217 61 86
208 61 87
210 61 88
225 61 89
219 61 90
228 61 91
226 61 92
213 61 93
215 61 94
220 61 95
223 61 96
222 61 97
216 61 98
213 61 99
228 61 100
204 62 1
219 62 2
228 62 3
211 62 4
196 62 5
211 62 6
222 62 7
221 62 8
214 62 9
202 62 10
204 62 11
214 62 12
226 62 13
234 62 14
213 62 15
212 62 16
216 62 17
225 62 18
220 62 19
228 62 20
223 62 21
215 62 22
233 62 23
224 62 24
217 62 25
223 62 26
200 62 27
234 62 28
208 62 29
197 62 30
220 62 31
213 62 32
220 62 33
217 62 34
230 62 35
205 62 36
227 62 37
223 62 38
215 62 39
206 62 40
219 62 41
211 62 42
219 62 43
228 62 44
218 62 45
203 62 46
230 62 47
212 62 48
216 62 49
222 62 50
210 62 51
226 62 52
222 62 53
213 62 54
210 62 55
215 62 56
211 62 57
206 62 58
214 62 59
227 62 60
216 62 61
230 62 62
212 62 63
218 62 64
216 62 65
212 62 66
217 62 67
217 62 68
223 62 69
221 62 70
211 62 71
225 62 72
217 62 73
210 62 74
219 62 75
230 62 76
204 62 77
226 62 78
228 62 79
219 62 80
209 62 81
218 62 82
219 62 83
216 62 84
213 62 85
217 62 86
204 62 87
212 62 88
225 62 89
213 62 90
224 62 91
225 62 92
209 62 93
217 62 94
219 62 95
223 62 96
219 62 97
215 62 98
216 62 99
224 62 100
201 63 1
223 63 2
229 63 3
214 63 4
197 63 5
214 63 6
223 63 7
223 63 8
216 63 9
206 63 10
205 63 11
216 63 12
227 63 13
234 63 14
214 63 15
211 63 16
219 63 17
231 63 18
219 63 19
231 63 20
227 63 21
217 63 22
235 63 23
222 63 24
219 63 25
228 63 26
204 63 27
235 63 28
208 63 29
199 63 30
223 63 31
214 63 32
223 63 33
222 63 34
230 63 35
205 63 36
230 63 37
224 63 38
211 63 39
208 63 40
222 63 41
211 63 42
219 63 43
226 63 44
219 63 45
205 63 46
230 63 47
216 63 48
219 63 49
221 63 50
212 63 51
228 63 52
226 63 53
217 63 54
206 63 55
217 63 56
210 63 57
209 63 58
219 63 59
226 63 60
217 63 61
226 63 62
218 63 63
219 63 64
219 63 65
215 63 66
220 63 67
220 63 68
225 63 69
217 63 70
213 63 71
225 63 72
220 63 73
210 63 74
219 63 75
235 63 76
209 63 77
227 63 78
231 63 79
216 63 80
214 63 81
222 63 82
224 63 83
213 63 84
217 63 85
217 63 86
207 63 87
212 63 88
228 63 89
216 63 90
227 63 91
227 63 92
209 63 93
214 63 94
223 63 95
223 63 96
221 63 97
221 63 98
215 63 99
230 63 100
201 64 1
219 64 2
229 64 3
212 64 4
196 64 5
209 64 6
222 64 7
218 64 8
213 64 9
203 64 10
203 64 11
215 64 12
228 64 13
232 64 14
213 64 15
214 64 16
216 64 17
225 64 18
219 64 19
231 64 20
221 64 21
220 64 22
236 64 23
224 64 24
222 64 25
227 64 26
197 64 27
233 64 28
210 64 29
199 64 30
215 64 31
211 64 32
219 64 33
212 64 34
227 64 35
207 64 36
230 64 37
225 64 38
211 64 39
204 64 40
221 64 41
209 64 42
221 64 43
224 64 44
216 64 45
202 64 46
228 64 47
216 64 48
218 64 49
219 64 50
211 64 51
228 64 52
224 64 53
212 64 54
210 64 55
215 64 56
210 64 57
207 64 58
214 64 59
222 64 60
216 64 61
225 64 62
213 64 63
221 64 64
220 64 65
212 64 66
218 64 67
214 64 68
223 64 69
217 64 70
208 64 71
225 64 72
215 64 73
210 64 74
218 64 75
228 64 76
209 64 77
227 64 78
227 64 79
217 64 80
214 64 81
219 64 82
218 64 83
215 64 84
208 64 85
215 64 86
207 64 87
214 64 88
224 64 89
218 64 90
229 64 91
227 64 92
209 64 93
211 64 94
220 64 95
224 64 96
219 64 97
218 64 98
217 64 99
222 64 100
203 65 1
222 65 2
230 65 3
213 65 4
198 65 5
212 65 6
224 65 7
223 65 8
217 65 9
205 65 10
207 65 11
216 65 12
231 65 13
235 65 14
216 65 15
214 65 16
221 65 17
228 65 18
220 65 19
231 65 20
227 65 21
219 65 22
238 65 23
225 65 24
224 65 25
227 65 26
203 65 27
235 65 28
211 65 29
200 65 30
221 65 31
215 65 32
224 65 33
222 65 34
231 65 35
208 65 36
233 65 37
226 65 38
215 65 39
209 65 40
221 65 41
212 65 42
220 65 43
231 65 44
221 65 45
208 65 46
231 65 47
218 65 48
220 65 49
220 65 50
215 65 51
228 65 52
227 65 53
218 65 54
209 65 55
220 65 56
213 65 57
209 65 58
219 65 59
225 65 60
220 65 61
225 65 62
217 65 63
219 65 64
222 65 65
213 65 66
224 65 67
218 65 68
225 65 69
220 65 70
212 65 71
229 65 72
219 65 73
213 65 74
221 65 75
234 65 76
209 65 77
228 65 78
229 65 79
218 65 80
216 65 81
220 65 82
222 65 83
214 65 84
214 65 85
217 65 86
206 65 87
212 65 88
227 65 89
220 65 90
230 65 91
227 65 92
214 65 93
214 65 94
225 65 95
225 65 96
220 65 97
220 65 98
219 65 99
229 65 100
198 66 1
213 66 2
221 66 3
210 66 4
186 66 5
205 66 6
217 66 7
222 66 8
208 66 9
199 66 10
198 66 11
208 66 12
219 66 13
229 66 14
214 66 15
208 66 16
207 66 17
221 66 18
209 66 19
225 66 20
221 66 21
205 66 22
226 66 23
222 66 24
213 66 25
221 66 26
192 66 27
230 66 28
203 66 29
188 66 30
213 66 31
205 66 32
214 66 33
207 66 34
222 66 35
196 66 36
222 66 37
217 66 38
202 66 39
202 66 40
212 66 41
205 66 42
215 66 43
216 66 44
212 66 45
197 66 46
224 66 47
209 66 48
207 66 49
217 66 50
210 66 51
218 66 52
218 66 53
203 66 54
207 66 55
207 66 56
207 66 57
203 66 58
209 66 59
219 66 60
212 66 61
219 66 62
206 66 63
215 66 64
211 66 65
214 66 66
213 66 67
209 66 68
218 66 69
211 66 70
210 66 71
220 66 72
215 66 73
204 66 74
211 66 75
224 66 76
205 66 77
220 66 78
225 66 79
215 66 80
207 66 81
212 66 82
208 66 83
211 66 84
204 66 85
211 66 86
201 66 87
202 66 88
219 66 89
211 66 90
220 66 91
219 66 92
202 66 93
206 66 94
215 66 95
217 66 96
216 66 97
208 66 98
212 66 99
217 66 100
202 67 1
219 67 2
230 67 3
212 67 4
197 67 5
214 67 6
223 67 7
225 67 8
215 67 9
208 67 10
204 67 11
216 67 12
227 67 13
232 67 14
217 67 15
215 67 16
218 67 17
224 67 18
220 67 19
231 67 20
224 67 21
217 67 22
236 67 23
223 67 24
218 67 25
227 67 26
203 67 27
233 67 28
210 67 29
198 67 30
219 67 31
214 67 32
224 67 33
214 67 34
231 67 35
204 67 36
228 67 37
226 67 38
213 67 39
210 67 40
220 67 41
214 67 42
219 67 43
229 67 44
220 67 45
204 67 46
229 67 47
216 67 48
220 67 49
221 67 50
212 67 51
227 67 52
225 67 53
213 67 54
213 67 55
214 67 56
211 67 57
208 67 58
216 67 59
223 67 60
215 67 61
228 67 62
215 67 63
220 67 64
222 67 65
217 67 66
222 67 67
219 67 68
227 67 69
219 67 70
211 67 71
225 67 72
223 67 73
212 67 74
222 67 75
231 67 76
209 67 77
228 67 78
230 67 79
218 67 80
213 67 81
222 67 82
221 67 83
215 67 84
213 67 85
217 67 86
205 67 87
212 67 88
228 67 89
218 67 90
227 67 91
229 67 92
211 67 93
215 67 94
222 67 95
227 67 96
225 67 97
218 67 98
214 67 99
223 67 100
203 68 1
215 68 2
227 68 3
209 68 4
195 68 5
203 68 6
222 68 7
218 68 8
211 68 9
202 68 10
199 68 11
210 68 12
222 68 13
229 68 14
210 68 15
213 68 16
214 68 17
222 68 18
214 68 19
223 68 20
218 68 21
209 68 22
232 68 23
221 68 24
219 68 25
222 68 26
197 68 27
230 68 28
208 68 29
193 68 30
212 68 31
209 68 32
216 68 33
209 68 34
223 68 35
200 68 36
222 68 37
219 68 38
210 68 39
203 68 40
214 68 41
206 68 42
217 68 43
223 68 44
215 68 45
202 68 46
226 68 47
207 68 48
210 68 49
216 68 50
210 68 51
220 68 52
218 68 53
206 68 54
209 68 55
213 68 56
208 68 57
208 68 58
210 68 59
222 68 60
209 68 61
221 68 62
207 68 63
215 68 64
215 68 65
216 68 66
214 68 67
213 68 68
221 68 69
217 68 70
211 68 71
222 68 72
214 68 73
208 68 74
218 68 75
221 68 76
203 68 77
224 68 78
224 68 79
215 68 80
210 68 81
216 68 82
212 68 83
216 68 84
207 68 85
214 68 86
205 68 87
211 68 88
222 68 89
214 68 90
222 68 91
222 68 92
203 68 93
213 68 94
214 68 95
219 68 96
216 68 97
214 68 98
212 68 99
217 68 100
197 69 1
212 69 2
220 69 3
208 69 4
190 69 5
203 69 6
217 69 7
216 69 8
212 69 9
200 69 10
199 69 11
211 69 12
216 69 13
226 69 14
209 69 15
209 69 16
208 69 17
221 69 18
210 69 19
226 69 20
218 69 21
210 69 22
226 69 23
219 69 24
215 69 25
221 69 26
197 69 27
226 69 28
205 69 29
193 69 30
212 69 31
208 69 32
216 69 33
207 69 34
223 69 35
199 69 36
221 69 37
222 69 38
207 69 39
202 69 40
217 69 41
208 69 42
213 69 43
222 69 44
213 69 45
198 69 46
222 69 47
207 69 48
212 69 49
213 69 50
207 69 51
217 69 52
219 69 53
206 69 54
203 69 55
205 69 56
207 69 57
203 69 58
208 69 59
214 69 60
208 69 61
222 69 62
207 69 63
216 69 64
214 69 65
205 69 66
216 69 67
212 69 68
221 69 69
213 69 70
211 69 71
218 69 72
216 69 73
209 69 74
214 69 75
221 69 76
203 69 77
222 69 78
225 69 79
210 69 80
207 69 81
216 69 82
210 69 83
211 69 84
205 69 85
211 69 86
198 69 87
210 69 88
220 69 89
208 69 90
221 69 91
221 69 92
206 69 93
210 69 94
216 69 95
218 69 96
213 69 97
214 69 98
209 69 99
219 69 100
202 70 1
217 70 2
224 70 3
210 70 4
194 70 5
208 70 6
224 70 7
221 70 8
213 70 9
205 70 10
201 70 11
215 70 12
223 70 13
232 70 14
213 70 15
212 70 16
212 70 17
221 70 18
216 70 19
227 70 20
220 70 21
213 70 22
232 70 23
220 70 24
217 70 25
221 70 26
200 70 27
229 70 28
209 70 29
199 70 30
215 70 31
212 70 32
216 70 33
212 70 34
224 70 35
199 70 36
225 70 37
221 70 38
209 70 39
204 70 40
217 70 41
208 70 42
220 70 43
224 70 44
217 70 45
201 70 46
227 70 47
213 70 48
215 70 49
217 70 50
209 70 51
225 70 52
221 70 53
208 70 54
211 70 55
211 70 56
208 70 57
205 70 58
213 70 59
223 70 60
209 70 61
224 70 62
207 70 63
219 70 64
218 70 65
212 70 66
216 70 67
216 70 68
223 70 69
218 70 70
207 70 71
223 70 72
214 70 73
208 70 74
219 70 75
225 70 76
209 70 77
223 70 78
225 70 79
217 70 80
210 70 81
220 70 82
214 70 83
217 70 84
209 70 85
214 70 86
203 70 87
211 70 88
227 70 89
212 70 90
223 70 91
223 70 92
208 70 93
211 70 94
218 70 95
225 70 96
218 70 97
217 70 98
213 70 99
220 70 100
204 71 1
224 71 2
230 71 3
216 71 4
200 71 5
214 71 6
228 71 7
226 71 8
220 71 9
207 71 10
206 71 11
218 71 12
227 71 13
238 71 14
219 71 15
215 71 16
220 71 17
229 71 18
222 71 19
232 71 20
225 71 21
220 71 22
237 71 23
226 71 24
225 71 25
228 71 26
205 71 27
235 71 28
211 71 29
201 71 30
223 71 31
215 71 32
223 71 33
217 71 34
231 71 35
207 71 36
230 71 37
228 71 38
214 71 39
208 71 40
224 71 41
213 71 42
225 71 43
230 71 44
222 71 45
206 71 46
231 71 47
218 71 48
220 71 49
224 71 50
215 71 51
231 71 52
230 71 53
216 71 54
211 71 55
218 71 56
212 71 57
211 71 58
219 71 59
226 71 60
219 71 61
230 71 62
215 71 63
222 71 64
221 71 65
217 71 66
221 71 67
220 71 68
229 71 69
223 71 70
215 71 71
225 71 72
223 71 73
215 71 74
220 71 75
234 71 76
209 71 77
231 71 78
231 71 79
220 71 80
217 71 81
223 71 82
220 71 83
216 71 84
212 71 85
217 71 86
208 71 87
215 71 88
227 71 89
218 71 90
229 71 91
230 71 92
212 71 93
217 71 94
226 71 95
227 71 96
223 71 97
219 71 98
218 71 99
225 71 100
195 72 1
212 72 2
221 72 3
207 72 4
187 72 5
202 72 6
219 72 7
216 72 8
208 72 9
196 72 10
195 72 11
210 72 12
223 72 13
229 72 14
211 72 15
206 72 16
212 72 17
217 72 18
207 72 19
225 72 20
214 72 21
209 72 22
230 72 23
216 72 24
218 72 25
217 72 26
193 72 27
225 72 28
203 72 29
193 72 30
211 72 31
209 72 32
212 72 33
212 72 34
215 72 35
195 72 36
221 72 37
218 72 38
207 72 39
201 72 40
216 72 41
201 72 42
212 72 43
218 72 44
212 72 45
197 72 46
226 72 47
212 72 48
209 72 49
212 72 50
206 72 51
216 72 52
214 72 53
210 72 54
201 72 55
208 72 56
200 72 57
201 72 58
206 72 59
216 72 60
210 72 61
217 72 62
206 72 63
212 72 64
212 72 65
205 72 66
214 72 67
211 72 68
215 72 69
212 72 70
205 72 71
226 72 72
212 72 73
203 72 74
215 72 75
221 72 76
200 72 77
216 72 78
222 72 79
212 72 80
205 72 81
213 72 82
210 72 83
207 72 84
201 72 85
207 72 86
200 72 87
205 72 88
218 72 89
207 72 90
222 72 91
218 72 92
208 72 93
205 72 94
210 72 95
215 72 96
211 72 97
216 72 98
211 72 99
215 72 100
201 73 1
217 73 2
226 73 3
215 73 4
193 73 5
206 73 6
221 73 7
221 73 8
215 73 9
205 73 10
202 73 11
213 73 12
223 73 13
235 73 14
213 73 15
212 73 16
215 73 17
228 73 18
218 73 19
226 73 20
222 73 21
214 73 22
235 73 23
222 73 24
218 73 25
224 73 26
200 73 27
230 73 28
208 73 29
198 73 30
215 73 31
212 73 32
219 73 33
212 73 34
229 73 35
203 73 36
225 73 37
222 73 38
209 73 39
208 73 40
219 73 41
209 73 42
221 73 43
221 73 44
216 73 45
206 73 46
227 73 47
214 73 48
218 73 49
218 73 50
209 73 51
224 73 52
223 73 53
211 73 54
207 73 55
212 73 56
210 73 57
207 73 58
216 73 59
222 73 60
213 73 61
225 73 62
213 73 63
217 73 64
217 73 65
211 73 66
220 73 67
218 73 68
223 73 69
214 73 70
210 73 71
225 73 72
225 73 73
210 73 74
218 73 75
230 73 76
207 73 77
226 73 78
226 73 79
217 73 80
211 73 81
217 73 82
222 73 83
210 73 84
210 73 85
217 73 86
200 73 87
212 73 88
223 73 89
213 73 90
224 73 91
224 73 92
207 73 93
215 73 94
220 73 95
221 73 96
220 73 97
216 73 98
213 73 99
222 73 100
202 74 1
214 74 2
228 74 3
210 74 4
194 74 5
203 74 6
220 74 7
215 74 8
211 74 9
201 74 10
202 74 11
212 74 12
220 74 13
227 74 14
210 74 15
207 74 16
215 74 17
225 74 18
216 74 19
225 74 20
219 74 21
214 74 22
232 74 23
217 74 24
217 74 25
222 74 26
198 74 27
231 74 28
203 74 29
197 74 30
212 74 31
209 74 32
217 74 33
214 74 34
225 74 35
199 74 36
222 74 37
219 74 38
211 74 39
201 74 40
216 74 41
207 74 42
216 74 43
224 74 44
214 74 45
207 74 46
225 74 47
211 74 48
210 74 49
215 74 50
208 74 51
221 74 52
222 74 53
209 74 54
205 74 55
215 74 56
204 74 57
205 74 58
213 74 59
221 74 60
213 74 61
223 74 62
213 74 63
215 74 64
217 74 65
210 74 66
219 74 67
214 74 68
221 74 69
215 74 70
208 74 71
225 74 72
213 74 73
215 74 74
215 74 75
229 74 76
202 74 77
225 74 78
226 74 79
214 74 80
209 74 81
216 74 82
217 74 83
211 74 84
208 74 85
212 74 86
201 74 87
208 74 88
225 74 89
217 74 90
225 74 91
223 74 92
207 74 93
210 74 94
218 74 95
221 74 96
218 74 97
217 74 98
211 74 99
223 74 100
202 75 1
217 75 2
226 75 3
210 75 4
195 75 5
207 75 6
222 75 7
222 75 8
212 75 9
207 75 10
200 75 11
211 75 12
224 75 13
232 75 14
214 75 15
215 75 16
216 75 17
224 75 18
217 75 19
230 75 20
220 75 21
213 75 22
237 75 23
225 75 24
220 75 25
223 75 26
200 75 27
232 75 28
210 75 29
197 75 30
215 75 31
214 75 32
217 75 33
210 75 34
226 75 35
203 75 36
226 75 37
222 75 38
209 75 39
208 75 40
218 75 41
207 75 42
221 75 43
224 75 44
217 75 45
204 75 46
227 75 47
210 75 48
211 75 49
222 75 50
212 75 51
223 75 52
223 75 53
206 75 54
209 75 55
214 75 56
208 75 57
205 75 58
214 75 59
227 75 60
214 75 61
223 75 62
210 75 63
219 75 64
218 75 65
216 75 66
216 75 67
216 75 68
222 75 69
219 75 70
211 75 71
226 75 72
219 75 73
211 75 74
221 75 75
230 75 76
206 75 77
227 75 78
224 75 79
217 75 80
210 75 81
221 75 82
215 75 83
213 75 84
210 75 85
215 75 86
205 75 87
210 75 88
223 75 89
214 75 90
225 75 91
226 75 92
209 75 93
216 75 94
217 75 95
221 75 96
218 75 97
218 75 98
215 75 99
220 75 100
202 76 1
221 76 2
229 76 3
215 76 4
198 76 5
211 76 6
225 76 7
226 76 8
218 76 9
206 76 10
207 76 11
215 76 12
228 76 13
235 76 14
216 76 15
213 76 16
218 76 17
227 76 18
219 76 19
230 76 20
227 76 21
222 76 22
238 76 23
225 76 24
221 76 25
228 76 26
203 76 27
238 76 28
210 76 29
198 76 30
219 76 31
214 76 32
223 76 33
216 76 34
233 76 35
207 76 36
229 76 37
226 76 38
215 76 39
210 76 40
220 76 41
210 76 42
223 76 43
230 76 44
220 76 45
205 76 46
229 76 47
216 76 48
218 76 49
223 76 50
212 76 51
228 76 52
228 76 53
214 76 54
212 76 55
219 76 56
212 76 57
210 76 58
217 76 59
226 76 60
218 76 61
226 76 62
214 76 63
220 76 64
222 76 65
215 76 66
221 76 67
220 76 68
229 76 69
222 76 70
211 76 71
225 76 72
221 76 73
215 76 74
217 76 75
233 76 76
209 76 77
227 76 78
228 76 79
220 76 80
212 76 81
222 76 82
222 76 83
217 76 84
214 76 85
218 76 86
208 76 87
215 76 88
228 76 89
218 76 90
227 76 91
227 76 92
214 76 93
216 76 94
220 76 95
227 76 96
225 76 97
219 76 98
220 76 99
228 76 100
205 77 1
217 77 2
229 77 3
213 77 4
197 77 5
210 77 6
227 77 7
224 77 8
217 77 9
206 77 10
204 77 11
215 77 12
225 77 13
234 77 14
216 77 15
214 77 16
214 77 17
224 77 18
218 77 19
229 77 20
221 77 21
213 77 22
235 77 23
225 77 24
219 77 25
226 77 26
202 77 27
232 77 28
212 77 29
198 77 30
217 77 31
214 77 32
220 77 33
212 77 34
225 77 35
205 77 36
230 77 37
224 77 38
214 77 39
205 77 40
221 77 41
211 77 42
221 77 43
229 77 44
221 77 45
204 77 46
229 77 47
212 77 48
216 77 49
221 77 50
213 77 51
226 77 52
225 77 53
212 77 54
211 77 55
215 77 56
213 77 57
210 77 58
214 77 59
227 77 60
213 77 61
228 77 62
211 77 63
221 77 64
222 77 65
216 77 66
219 77 67
220 77 68
225 77 69
221 77 70
212 77 71
225 77 72
218 77 73
212 77 74
221 77 75
228 77 76
209 77 77
229 77 78
229 77 79
219 77 80
213 77 81
224 77 82
216 77 83
220 77 84
212 77 85
214 77 86
208 77 87
213 77 88
229 77 89
215 77 90
226 77 91
228 77 92
209 77 93
216 77 94
220 77 95
224 77 96
223 77 97
218 77 98
218 77 99
223 77 100
203 78 1
214 78 2
221 78 3
210 78 4
193 78 5
206 78 6
222 78 7
216 78 8
214 78 9
201 78 10
197 78 11
209 78 12
223 78 13
227 78 14
211 78 15
210 78 16
210 78 17
222 78 18
216 78 19
227 78 20
215 78 21
209 78 22
233 78 23
219 78 24
217 78 25
223 78 26
199 78 27
228 78 28
207 78 29
191 78 30
212 78 31
208 78 32
219 78 33
209 78 34
226 78 35
202 78 36
223 78 37
220 78 38
210 78 39
202 78 40
219 78 41
206 78 42
214 78 43
226 78 44
216 78 45
202 78 46
222 78 47
208 78 48
214 78 49
213 78 50
210 78 51
222 78 52
218 78 53
210 78 54
206 78 55
211 78 56
209 78 57
207 78 58
214 78 59
219 78 60
209 78 61
221 78 62
206 78 63
218 78 64
215 78 65
210 78 66
214 78 67
213 78 68
220 78 69
217 78 70
210 78 71
221 78 72
212 78 73
207 78 74
215 78 75
225 78 76
206 78 77
230 78 78
224 78 79
214 78 80
210 78 81
216 78 82
212 78 83
216 78 84
208 78 85
212 78 86
204 78 87
211 78 88
219 78 89
211 78 90
221 78 91
224 78 92
207 78 93
211 78 94
215 78 95
219 78 96
216 78 97
217 78 98
215 78 99
220 78 100
205 79 1
218 79 2
226 79 3
212 79 4
194 79 5
208 79 6
225 79 7
220 79 8
216 79 9
205 79 10
202 79 11
213 79 12
229 79 13
231 79 14
212 79 15
209 79 16
212 79 17
227 79 18
218 79 19
231 79 20
222 79 21
214 79 22
234 79 23
222 79 24
218 79 25
227 79 26
198 79 27
232 79 28
208 79 29
198 79 30
216 79 31
212 79 32
220 79 33
213 79 34
226 79 35
205 79 36
229 79 37
223 79 38
211 79 39
205 79 40
217 79 41
208 79 42
219 79 43
224 79 44
219 79 45
203 79 46
224 79 47
215 79 48
213 79 49
217 79 50
210 79 51
228 79 52
225 79 53
210 79 54
208 79 55
215 79 56
212 79 57
207 79 58
214 79 59
222 79 60
212 79 61
225 79 62
210 79 63
219 79 64
218 79 65
213 79 66
219 79 67
216 79 68
223 79 69
219 79 70
213 79 71
222 79 72
216 79 73
211 79 74
218 79 75
229 79 76
206 79 77
225 79 78
231 79 79
217 79 80
213 79 81
219 79 82
220 79 83
214 79 84
210 79 85
215 79 86
204 79 87
211 79 88
224 79 89
215 79 90
226 79 91
228 79 92
204 79 93
213 79 94
219 79 95
220 79 96
221 79 97
219 79 98
215 79 99
221 79 100
201 80 1
217 80 2
227 80 3
211 80 4
194 80 5
209 80 6
224 80 7
220 80 8
215 80 9
207 80 10
199 80 11
210 80 12
223 80 13
233 80 14
213 80 15
215 80 16
217 80 17
224 80 18
217 80 19
224 80 20
220 80 21
215 80 22
237 80 23
223 80 24
217 80 25
224 80 26
201 80 27
233 80 28
210 80 29
198 80 30
213 80 31
213 80 32
219 80 33
213 80 34
227 80 35
202 80 36
227 80 37
221 80 38
211 80 39
207 80 40
222 80 41
211 80 42
219 80 43
223 80 44
216 80 45
206 80 46
229 80 47
214 80 48
211 80 49
219 80 50
210 80 51
223 80 52
223 80 53
209 80 54
209 80 55
211 80 56
208 80 57
208 80 58
215 80 59
224 80 60
210 80 61
224 80 62
211 80 63
217 80 64
218 80 65
213 80 66
216 80 67
215 80 68
220 80 69
219 80 70
208 80 71
225 80 72
216 80 73
211 80 74
221 80 75
227 80 76
204 80 77
226 80 78
228 80 79
219 80 80
209 80 81
219 80 82
219 80 83
214 80 84
210 80 85
214 80 86
207 80 87
210 80 88
225 80 89
212 80 90
225 80 91
223 80 92
207 80 93
216 80 94
216 80 95
222 80 96
220 80 97
217 80 98
218 80 99
221 80 100
203 81 1
218 81 2
228 81 3
209 81 4
196 81 5
212 81 6
225 81 7
223 81 8
217 81 9
204 81 10
205 81 11
214 81 12
225 81 13
233 81 14
215 81 15
211 81 16
214 81 17
227 81 18
219 81 19
229 81 20
221 81 21
215 81 22
234 81 23
223 81 24
220 81 25
228 81 26
202 81 27
232 81 28
208 81 29
199 81 30
218 81 31
213 81 32
219 81 33
214 81 34
228 81 35
203 81 36
228 81 37
223 81 38
215 81 39
205 81 40
222 81 41
209 81 42
221 81 43
225 81 44
219 81 45
204 81 46
227 81 47
213 81 48
216 81 49
221 81 50
211 81 51
227 81 52
228 81 53
211 81 54
207 81 55
215 81 56
210 81 57
205 81 58
216 81 59
221 81 60
215 81 61
227 81 62
210 81 63
220 81 64
220 81 65
212 81 66
220 81 67
221 81 68
227 81 69
220 81 70
213 81 71
223 81 72
221 81 73
213 81 74
219 81 75
231 81 76
208 81 77
225 81 78
227 81 79
218 81 80
215 81 81
218 81 82
221 81 83
216 81 84
212 81 85
215 81 86
205 81 87
211 81 88
227 81 89
217 81 90
226 81 91
226 81 92
209 81 93
215 81 94
220 81 95
225 81 96
222 81 97
215 81 98
215 81 99
221 81 100
202 82 1
220 82 2
226 82 3
211 82 4
189 82 5
211 82 6
226 82 7
221 82 8
214 82 9
204 82 10
206 82 11
210 82 12
224 82 13
229 82 14
215 82 15
209 82 16
211 82 17
220 82 18
214 82 19
228 82 20
221 82 21
212 82 22
232 82 23
222 82 24
217 82 25
221 82 26
202 82 27
230 82 28
204 82 29
195 82 30
218 82 31
208 82 32
222 82 33
213 82 34
229 82 35
198 82 36
225 82 37
219 82 38
210 82 39
200 82 40
220 82 41
205 82 42
217 82 43
227 82 44
214 82 45
203 82 46
229 82 47
210 82 48
214 82 49
221 82 50
210 82 51
222 82 52
223 82 53
208 82 54
206 82 55
211 82 56
207 82 57
205 82 58
216 82 59
221 82 60
212 82 61
223 82 62
213 82 63
217 82 64
218 82 65
212 82 66
220 82 67
216 82 68
223 82 69
216 82 70
211 82 71
223 82 72
218 82 73
208 82 74
219 82 75
226 82 76
203 82 77
222 82 78
225 82 79
217 82 80
211 82 81
222 82 82
222 82 83
216 82 84
214 82 85
213 82 86
205 82 87
209 82 88
224 82 89
213 82 90
221 82 91
224 82 92
209 82 93
215 82 94
216 82 95
221 82 96
219 82 97
215 82 98
212 82 99
225 82 100
202 83 1
216 83 2
228 83 3
211 83 4
196 83 5
209 83 6
222 83 7
219 83 8
217 83 9
206 83 10
200 83 11
214 83 12
224 83 13
231 83 14
213 83 15
214 83 16
214 83 17
227 83 18
217 83 19
227 83 20
224 83 21
214 83 22
235 83 23
227 83 24
217 83 25
224 83 26
201 83 27
235 83 28
206 83 29
197 83 30
218 83 31
212 83 32
219 83 33
214 83 34
231 83 35
204 83 36
225 83 37
224 83 38
212 83 39
210 83 40
221 83 41
210 83 42
221 83 43
229 83 44
218 83 45
207 83 46
226 83 47
212 83 48
218 83 49
220 83 50
212 83 51
227 83 52
227 83 53
212 83 54
208 83 55
213 83 56
210 83 57
209 83 58
218 83 59
222 83 60
217 83 61
225 83 62
213 83 63
219 83 64
219 83 65
212 83 66
219 83 67
217 83 68
227 83 69
216 83 70
212 83 71
225 83 72
217 83 73
213 83 74
219 83 75
232 83 76
205 83 77
227 83 78
230 83 79
215 83 80
210 83 81
218 83 82
221 83 83
214 83 84
212 83 85
216 83 86
206 83 87
215 83 88
227 83 89
217 83 90
225 83 91
227 83 92
207 83 93
215 83 94
222 83 95
223 83 96
223 83 97
216 83 98
217 83 99
223 83 100
206 84 1
221 84 2
231 84 3
215 84 4
199 84 5
215 84 6
227 84 7
226 84 8
219 84 9
208 84 10
206 84 11
215 84 12
226 84 13
236 84 14
215 84 15
216 84 16
218 84 17
228 84 18
219 84 19
231 84 20
223 84 21
219 84 22
236 84 23
225 84 24
219 84 25
229 84 26
204 84 27
236 84 28
210 84 29
202 84 30
222 84 31
214 84 32
222 84 33
218 84 34
230 84 35
205 84 36
231 84 37
225 84 38
215 84 39
209 84 40
222 84 41
212 84 42
222 84 43
227 84 44
218 84 45
205 84 46
231 84 47
217 84 48
218 84 49
223 84 50
214 84 51
230 84 52
227 84 53
213 84 54
211 84 55
215 84 56
212 84 57
211 84 58
219 84 59
227 84 60
217 84 61
227 84 62
216 84 63
221 84 64
224 84 65
216 84 66
222 84 67
219 84 68
227 84 69
222 84 70
212 84 71
226 84 72
221 84 73
213 84 74
221 84 75
232 84 76
209 84 77
228 84 78
231 84 79
220 84 80
213 84 81
221 84 82
221 84 83
217 84 84
215 84 85
217 84 86
209 84 87
213 84 88
230 84 89
218 84 90
226 84 91
230 84 92
210 84 93
216 84 94
222 84 95
227 84 96
225 84 97
220 84 98
219 84 99
225 84 100
201 85 1
223 85 2
229 85 3
214 85 4
198 85 5
215 85 6
223 85 7
223 85 8
220 85 9
207 85 10
206 85 11
216 85 12
227 85 13
234 85 14
216 85 15
215 85 16
218 85 17
227 85 18
220 85 19
231 85 20
228 85 21
220 85 22
236 85 23
225 85 24
221 85 25
227 85 26
205 85 27
234 85 28
213 85 29
203 85 30
222 85 31
214 85 32
223 85 33
220 85 34
231 85 35
205 85 36
230 85 37
226 85 38
215 85 39
209 85 40
221 85 41
211 85 42
224 85 43
229 85 44
220 85 45
204 85 46
230 85 47
214 85 48
220 85 49
223 85 50
213 85 51
229 85 52
228 85 53
217 85 54
212 85 55
216 85 56
212 85 57
208 85 58
219 85 59
226 85 60
216 85 61
225 85 62
216 85 63
220 85 64
219 85 65
215 85 66
222 85 67
218 85 68
226 85 69
221 85 70
214 85 71
224 85 72
221 85 73
212 85 74
221 85 75
233 85 76
206 85 77
228 85 78
230 85 79
218 85 80
217 85 81
221 85 82
221 85 83
217 85 84
216 85 85
218 85 86
208 85 87
216 85 88
228 85 89
217 85 90
225 85 91
228 85 92
212 85 93
218 85 94
220 85 95
227 85 96
223 85 97
218 85 98
216 85 99
226 85 100
203 86 1
222 86 2
228 86 3
216 86 4
197 86 5
211 86 6
225 86 7
224 86 8
217 86 9
208 86 10
206 86 11
218 86 12
229 86 13
236 86 14
216 86 15
214 86 16
222 86 17
228 86 18
221 86 19
231 86 20
227 86 21
218 86 22
236 86 23
224 86 24
223 86 25
227 86 26
207 86 27
235 86 28
209 86 29
202 86 30
222 86 31
216 86 32
223 86 33
222 86 34
234 86 35
204 86 36
230 86 37
226 86 38
216 86 39
209 86 40
222 86 41
212 86 42
223 86 43
227 86 44
219 86 45
205 86 46
231 86 47
217 86 48
220 86 49
221 86 50
211 86 51
228 86 52
226 86 53
217 86 54
211 86 55
218 86 56
212 86 57
209 86 58
217 86 59
226 86 60
221 86 61
227 86 62
217 86 63
220 86 64
221 86 65
215 86 66
222 86 67
218 86 68
227 86 69
219 86 70
212 86 71
228 86 72
224 86 73
213 86 74
222 86 75
235 86 76
209 86 77
228 86 78
229 86 79
219 86 80
215 86 81
221 86 82
223 86 83
214 86 84
215 86 85
219 86 86
209 86 87
212 86 88
228 86 89
216 86 90
228 86 91
227 86 92
213 86 93
215 86 94
221 86 95
228 86 96
222 86 97
220 86 98
216 86 99
230 86 100
202 87 1
222 87 2
230 87 3
215 87 4
198 87 5
213 87 6
225 87 7
221 87 8
219 87 9
205 87 10
207 87 11
215 87 12
229 87 13
236 87 14
215 87 15
213 87 16
217 87 17
228 87 18
220 87 19
233 87 20
227 87 21
221 87 22
235 87 23
225 87 24
224 87 25
229 87 26
206 87 27
236 87 28
211 87 29
202 87 30
223 87 31
215 87 32
224 87 33
220 87 34
230 87 35
203 87 36
231 87 37
229 87 38
213 87 39
206 87 40
224 87 41
212 87 42
223 87 43
228 87 44
219 87 45
205 87 46
232 87 47
217 87 48
218 87 49
221 87 50
215 87 51
229 87 52
227 87 53
217 87 54
211 87 55
219 87 56
212 87 57
211 87 58
217 87 59
223 87 60
220 87 61
229 87 62
215 87 63
223 87 64
220 87 65
218 87 66
220 87 67
218 87 68
227 87 69
219 87 70
212 87 71
223 87 72
220 87 73
213 87 74
218 87 75
238 87 76
209 87 77
229 87 78
233 87 79
218 87 80
216 87 81
220 87 82
220 87 83
215 87 84
214 87 85
218 87 86
207 87 87
212 87 88
228 87 89
218 87 90
228 87 91
230 87 92
211 87 93
214 87 94
223 87 95
226 87 96
224 87 97
218 87 98
217 87 99
225 87 100
203 88 1
216 88 2
223 88 3
208 88 4
193 88 5
211 88 6
223 88 7
221 88 8
218 88 9
200 88 10
203 88 11
211 88 12
223 88 13
230 88 14
210 88 15
207 88 16
210 88 17
221 88 18
217 88 19
229 88 20
219 88 21
213 88 22
233 88 23
223 88 24
218 88 25
221 88 26
203 88 27
232 88 28
208 88 29
197 88 30
219 88 31
215 88 32
219 88 33
213 88 34
227 88 35
205 88 36
224 88 37
224 88 38
213 88 39
205 88 40
221 88 41
210 88 42
220 88 43
226 88 44
219 88 45
203 88 46
228 88 47
207 88 48
216 88 49
220 88 50
214 88 51
228 88 52
225 88 53
211 88 54
207 88 55
211 88 56
208 88 57
205 88 58
214 88 59
222 88 60
214 88 61
226 88 62
209 88 63
219 88 64
218 88 65
213 88 66
216 88 67
214 88 68
224 88 69
218 88 70
212 88 71
222 88 72
217 88 73
209 88 74
215 88 75
226 88 76
208 88 77
228 88 78
226 88 79
216 88 80
214 88 81
221 88 82
215 88 83
216 88 84
213 88 85
215 88 86
206 88 87
214 88 88
223 88 89
212 88 90
223 88 91
226 88 92
208 88 93
213 88 94
217 88 95
227 88 96
219 88 97
215 88 98
216 88 99
219 88 100
206 89 1
220 89 2
232 89 3
216 89 4
200 89 5
211 89 6
228 89 7
225 89 8
219 89 9
209 89 10
207 89 11
216 89 12
230 89 13
234 89 14
219 89 15
216 89 16
218 89 17
229 89 18
221 89 19
231 89 20
225 89 21
218 89 22
240 89 23
229 89 24
223 89 25
230 89 26
204 89 27
237 89 28
213 89 29
202 89 30
220 89 31
216 89 32
223 89 33
217 89 34
232 89 35
208 89 36
229 89 37
227 89 38
216 89 39
212 89 40
224 89 41
214 89 42
223 89 43
231 89 44
222 89 45
208 89 46
232 89 47
217 89 48
219 89 49
225 89 50
216 89 51
229 89 52
228 89 53
215 89 54
214 89 55
217 89 56
214 89 57
210 89 58
220 89 59
227 89 60
218 89 61
229 89 62
215 89 63
222 89 64
223 89 65
217 89 66
225 89 67
220 89 68
228 89 69
222 89 70
214 89 71
228 89 72
221 89 73
216 89 74
221 89 75
232 89 76
211 89 77
231 89 78
230 89 79
221 89 80
217 89 81
224 89 82
222 89 83
218 89 84
216 89 85
220 89 86
209 89 87
216 89 88
231 89 89
220 89 90
231 89 91
230 89 92
212 89 93
218 89 94
222 89 95
228 89 96
223 89 97
222 89 98
220 89 99
228 89 100
199 90 1
216 90 2
225 90 3
209 90 4
193 90 5
206 90 6
218 90 7
218 90 8
213 90 9
197 90 10
200 90 11
205 90 12
222 90 13
226 90 14
213 90 15
208 90 16
213 90 17
224 90 18
214 90 19
224 90 20
220 90 21
209 90 22
231 90 23
219 90 24
216 90 25
223 90 26
194 90 27
225 90 28
203 90 29
195 90 30
216 90 31
206 90 32
218 90 33
211 90 34
226 90 35
196 90 36
223 90 37
219 90 38
206 90 39
201 90 40
217 90 41
205 90 42
216 90 43
222 90 44
214 90 45
198 90 46
222 90 47
215 90 48
212 90 49
213 90 50
208 90 51
221 90 52
218 90 53
209 90 54
206 90 55
211 90 56
207 90 57
204 90 58
212 90 59
217 90 60
213 90 61
222 90 62
208 90 63
213 90 64
216 90 65
206 90 66
214 90 67
213 90 68
218 90 69
213 90 70
208 90 71
219 90 72
214 90 73
206 90 74
216 90 75
224 90 76
203 90 77
219 90 78
224 90 79
211 90 80
207 90 81
212 90 82
218 90 83
210 90 84
208 90 85
211 90 86
204 90 87
204 90 88
223 90 89
219 90 90
224 90 91
221 90 92
207 90 93
209 90 94
213 90 95
216 90 96
215 90 97
211 90 98
209 90 99
219 90 100
196 91 1
212 91 2
220 91 3
203 91 4
192 91 5
203 91 6
219 91 7
215 91 8
210 91 9
196 91 10
196 91 11
204 91 12
217 91 13
232 91 14
205 91 15
205 91 16
206 91 17
223 91 18
212 91 19
224 91 20
219 91 21
207 91 22
232 91 23
218 91 24
210 91 25
217 91 26
193 91 27
220 91 28
203 91 29
194 91 30
212 91 31
206 91 32
214 91 33
209 91 34
219 91 35
195 91 36
222 91 37
215 91 38
203 91 39
196 91 40
215 91 41
201 91 42
213 91 43
219 91 44
212 91 45
196 91 46
218 91 47
207 91 48
207 91 49
211 91 50
201 91 51
221 91 52
214 91 53
207 91 54
201 91 55
208 91 56
207 91 57
206 91 58
207 91 59
215 91 60
206 91 61
218 91 62
207 91 63
214 91 64
212 91 65
204 91 66
210 91 67
211 91 68
211 91 69
212 91 70
208 91 71
215 91 72
216 91 73
206 91 74
216 91 75
221 91 76
201 91 77
222 91 78
224 91 79
212 91 80
207 91 81
210 91 82
214 91 83
204 91 84
206 91 85
209 91 86
200 91 87
205 91 88
217 91 89
212 91 90
219 91 91
220 91 92
201 91 93
205 91 94
213 91 95
214 91 96
212 91 97
212 91 98
205 91 99
216 91 100
206 92 1
222 92 2
232 92 3
217 92 4
200 92 5
214 92 6
226 92 7
223 92 8
219 92 9
208 92 10
205 92 11
216 92 12
229 92 13
235 92 14
218 92 15
216 92 16
216 92 17
227 92 18
223 92 19
234 92 20
223 92 21
217 92 22
237 92 23
226 92 24
220 92 25
229 92 26
203 92 27
237 92 28
211 92 29
201 92 30
220 92 31
215 92 32
223 92 33
216 92 34
230 92 35
207 92 36
231 92 37
226 92 38
213 92 39
209 92 40
223 92 41
212 92 42
222 92 43
227 92 44
222 92 45
204 92 46
231 92 47
215 92 48
219 92 49
222 92 50
216 92 51
229 92 52
228 92 53
214 92 54
213 92 55
217 92 56
213 92 57
210 92 58
218 92 59
226 92 60
218 92 61
229 92 62
216 92 63
224 92 64
223 92 65
217 92 66
221 92 67
220 92 68
228 92 69
221 92 70
214 92 71
225 92 72
219 92 73
213 92 74
219 92 75
231 92 76
211 92 77
230 92 78
232 92 79
220 92 80
217 92 81
221 92 82
220 92 83
218 92 84
215 92 85
218 92 86
208 92 87
216 92 88
227 92 89
217 92 90
228 92 91
232 92 92
211 92 93
216 92 94
226 92 95
226 92 96
225 92 97
219 92 98
218 92 99
226 92 100
203 93 1
218 93 2
225 93 3
213 93 4
194 93 5
209 93 6
223 93 7
220 93 8
216 93 9
204 93 10
202 93 11
213 93 12
230 93 13
235 93 14
214 93 15
212 93 16
219 93 17
226 93 18
218 93 19
231 93 20
225 93 21
217 93 22
234 93 23
223 93 24
221 93 25
225 93 26
203 93 27
235 93 28
206 93 29
199 93 30
219 93 31
215 93 32
223 93 33
215 93 34
231 93 35
207 93 36
226 93 37
226 93 38
211 93 39
208 93 40
220 93 41
211 93 42
218 93 43
231 93 44
219 93 45
205 93 46
227 93 47
215 93 48
217 93 49
219 93 50
212 93 51
226 93 52
226 93 53
215 93 54
207 93 55
215 93 56
211 93 57
209 93 58
216 93 59
223 93 60
216 93 61
223 93 62
213 93 63
219 93 64
220 93 65
215 93 66
221 93 67
216 93 68
224 93 69
218 93 70
210 93 71
225 93 72
219 93 73
211 93 74
216 93 75
233 93 76
206 93 77
228 93 78
226 93 79
216 93 80
215 93 81
218 93 82
222 93 83
211 93 84
213 93 85
215 93 86
203 93 87
211 93 88
226 93 89
217 93 90
227 93 91
227 93 92
211 93 93
215 93 94
221 93 95
223 93 96
219 93 97
216 93 98
217 93 99
228 93 100
205 94 1
219 94 2
228 94 3
213 94 4
200 94 5
211 94 6
226 94 7
222 94 8
219 94 9
206 94 10
203 94 11
213 94 12
226 94 13
235 94 14
218 94 15
214 94 16
212 94 17
226 94 18
219 94 19
229 94 20
220 94 21
214 94 22
238 94 23
226 94 24
222 94 25
228 94 26
201 94 27
231 94 28
213 94 29
198 94 30
218 94 31
214 94 32
220 94 33
214 94 34
227 94 35
207 94 36
229 94 37
223 94 38
216 94 39
207 94 40
220 94 41
211 94 42
222 94 43
228 94 44
222 94 45
204 94 46
229 94 47
213 94 48
214 94 49
222 94 50
213 94 51
225 94 52
223 94 53
213 94 54
213 94 55
216 94 56
211 94 57
208 94 58
214 94 59
225 94 60
214 94 61
229 94 62
212 94 63
220 94 64
222 94 65
218 94 66
219 94 67
221 94 68
225 94 69
221 94 70
212 94 71
224 94 72
217 94 73
212 94 74
220 94 75
227 94 76
211 94 77
230 94 78
228 94 79
219 94 80
213 94 81
223 94 82
215 94 83
217 94 84
213 94 85
217 94 86
208 94 87
215 94 88
227 94 89
215 94 90
225 94 91
227 94 92
210 94 93
217 94 94
219 94 95
226 94 96
220 94 97
220 94 98
217 94 99
222 94 100
202 95 1
221 95 2
231 95 3
213 95 4
195 95 5
209 95 6
225 95 7
223 95 8
219 95 9
205 95 10
205 95 11
216 95 12
229 95 13
236 95 14
214 95 15
214 95 16
220 95 17
229 95 18
219 95 19
232 95 20
227 95 21
216 95 22
236 95 23
225 95 24
221 95 25
224 95 26
199 95 27
235 95 28
209 95 29
201 95 30
223 95 31
214 95 32
221 95 33
219 95 34
232 95 35
209 95 36
232 95 37
223 95 38
215 95 39
209 95 40
222 95 41
211 95 42
224 95 43
226 95 44
218 95 45
206 95 46
230 95 47
218 95 48
217 95 49
220 95 50
212 95 51
229 95 52
226 95 53
217 95 54
210 95 55
218 95 56
213 95 57
208 95 58
216 95 59
226 95 60
216 95 61
226 95 62
217 95 63
218 95 64
222 95 65
215 95 66
222 95 67
219 95 68
225 95 69
221 95 70
212 95 71
226 95 72
221 95 73
213 95 74
220 95 75
232 95 76
210 95 77
227 95 78
232 95 79
218 95 80
215 95 81
220 95 82
222 95 83
217 95 84
213 95 85
216 95 86
208 95 87
215 95 88
226 95 89
218 95 90
226 95 91
229 95 92
210 95 93
214 95 94
225 95 95
225 95 96
224 95 97
220 95 98
217 95 99
227 95 100
202 96 1
218 96 2
228 96 3
210 96 4
197 96 5
209 96 6
223 96 7
222 96 8
217 96 9
207 96 10
202 96 11
214 96 12
227 96 13
232 96 14
213 96 15
214 96 16
218 96 17
227 96 18
220 96 19
229 96 20
224 96 21
215 96 22
236 96 23
226 96 24
222 96 25
227 96 26
202 96 27
233 96 28
211 96 29
200 96 30
221 96 31
214 96 32
220 96 33
213 96 34
231 96 35
203 96 36
227 96 37
225 96 38
214 96 39
206 96 40
220 96 41
212 96 42
224 96 43
226 96 44
218 96 45
202 96 46
230 96 47
212 96 48
215 96 49
221 96 50
212 96 51
227 96 52
227 96 53
211 96 54
211 96 55
217 96 56
213 96 57
208 96 58
216 96 59
222 96 60
216 96 61
225 96 62
213 96 63
218 96 64
219 96 65
214 96 66
219 96 67
221 96 68
224 96 69
220 96 70
213 96 71
226 96 72
219 96 73
211 96 74
220 96 75
232 96 76
209 96 77
227 96 78
228 96 79
217 96 80
215 96 81
221 96 82
218 96 83
215 96 84
214 96 85
218 96 86
207 96 87
213 96 88
227 96 89
217 96 90
223 96 91
225 96 92
209 96 93
216 96 94
219 96 95
227 96 96
224 96 97
219 96 98
218 96 99
227 96 100
200 97 1
220 97 2
228 97 3
211 97 4
197 97 5
211 97 6
225 97 7
220 97 8
216 97 9
208 97 10
205 97 11
213 97 12
224 97 13
232 97 14
216 97 15
214 97 16
215 97 17
223 97 18
216 97 19
230 97 20
220 97 21
212 97 22
231 97 23
223 97 24
218 97 25
223 97 26
201 97 27
232 97 28
209 97 29
199 97 30
218 97 31
209 97 32
220 97 33
218 97 34
226 97 35
201 97 36
230 97 37
223 97 38
209 97 39
204 97 40
220 97 41
210 97 42
219 97 43
224 97 44
217 97 45
200 97 46
227 97 47
214 97 48
219 97 49
222 97 50
211 97 51
228 97 52
224 97 53
210 97 54
209 97 55
216 97 56
211 97 57
207 97 58
215 97 59
222 97 60
218 97 61
228 97 62
214 97 63
217 97 64
223 97 65
215 97 66
215 97 67
219 97 68
222 97 69
217 97 70
209 97 71
224 97 72
218 97 73
211 97 74
217 97 75
231 97 76
206 97 77
226 97 78
225 97 79
216 97 80
213 97 81
222 97 82
221 97 83
215 97 84
211 97 85
214 97 86
205 97 87
213 97 88
221 97 89
214 97 90
222 97 91
223 97 92
208 97 93
213 97 94
217 97 95
225 97 96
227 97 97
215 97 98
216 97 99
222 97 100
194 98 1
216 98 2
222 98 3
206 98 4
190 98 5
206 98 6
220 98 7
212 98 8
214 98 9
194 98 10
196 98 11
204 98 12
223 98 13
227 98 14
207 98 15
207 98 16
211 98 17
219 98 18
212 98 19
226 98 20
217 98 21
207 98 22
228 98 23
215 98 24
212 98 25
219 98 26
195 98 27
225 98 28
201 98 29
192 98 30
214 98 31
203 98 32
218 98 33
207 98 34
223 98 35
198 98 36
223 98 37
218 98 38
205 98 39
198 98 40
215 98 41
199 98 42
216 98 43
221 98 44
213 98 45
195 98 46
222 98 47
209 98 48
210 98 49
209 98 50
206 98 51
218 98 52
216 98 53
205 98 54
200 98 55
209 98 56
206 98 57
203 98 58
211 98 59
216 98 60
209 98 61
216 98 62
205 98 63
213 98 64
213 98 65
207 98 66
209 98 67
212 98 68
217 98 69
214 98 70
208 98 71
218 98 72
215 98 73
205 98 74
208 98 75
226 98 76
202 98 77
221 98 78
221 98 79
210 98 80
207 98 81
215 98 82
214 98 83
210 98 84
204 98 85
210 98 86
201 98 87
204 98 88
219 98 89
210 98 90
219 98 91
218 98 92
206 98 93
206 98 94
211 98 95
214 98 96
217 98 97
222 98 98
212 98 99
215 98 100
205 99 1
219 99 2
230 99 3
213 99 4
198 99 5
211 99 6
226 99 7
224 99 8
219 99 9
208 99 10
204 99 11
216 99 12
229 99 13
236 99 14
216 99 15
214 99 16
219 99 17
227 99 18
222 99 19
233 99 20
224 99 21
216 99 22
239 99 23
228 99 24
221 99 25
228 99 26
201 99 27
237 99 28
212 99 29
199 99 30
220 99 31
217 99 32
222 99 33
216 99 34
232 99 35
207 99 36
230 99 37
226 99 38
216 99 39
210 99 40
222 99 41
212 99 42
223 99 43
230 99 44
221 99 45
206 99 46
230 99 47
214 99 48
216 99 49
223 99 50
215 99 51
230 99 52
228 99 53
213 99 54
213 99 55
217 99 56
215 99 57
210 99 58
219 99 59
227 99 60
217 99 61
229 99 62
213 99 63
221 99 64
222 99 65
216 99 66
221 99 67
220 99 68
227 99 69
221 99 70
213 99 71
228 99 72
219 99 73
213 99 74
221 99 75
233 99 76
210 99 77
230 99 78
230 99 79
221 99 80
215 99 81
222 99 82
219 99 83
217 99 84
214 99 85
217 99 86
208 99 87
216 99 88
228 99 89
217 99 90
228 99 91
231 99 92
211 99 93
217 99 94
223 99 95
227 99 96
223 99 97
220 99 98
220 99 99
227 99 100
205 100 1
224 100 2
233 100 3
217 100 4
200 100 5
214 100 6
228 100 7
225 100 8
219 100 9
209 100 10
208 100 11
219 100 12
231 100 13
238 100 14
218 100 15
217 100 16
222 100 17
233 100 18
223 100 19
235 100 20
229 100 21
222 100 22
241 100 23
228 100 24
225 100 25
230 100 26
205 100 27
238 100 28
211 100 29
202 100 30
223 100 31
218 100 32
227 100 33
221 100 34
233 100 35
208 100 36
234 100 37
227 100 38
217 100 39
211 100 40
224 100 41
215 100 42
223 100 43
232 100 44
222 100 45
208 100 46
233 100 47
220 100 48
222 100 49
225 100 50
216 100 51
230 100 52
230 100 53
219 100 54
212 100 55
222 100 56
215 100 57
213 100 58
221 100 59
226 100 60
219 100 61
228 100 62
221 100 63
223 100 64
224 100 65
218 100 66
223 100 67
222 100 68
227 100 69
222 100 70
213 100 71
228 100 72
223 100 73
216 100 74
222 100 75
237 100 76
211 100 77
230 100 78
232 100 79
220 100 80
217 100 81
223 100 82
225 100 83
218 100 84
216 100 85
220 100 86
210 100 87
216 100 88
231 100 89
220 100 90
230 100 91
232 100 92
214 100 93
219 100 94
225 100 95
227 100 96
225 100 97
222 100 98
220 100 99
231 100 100
