185 1 1
181 1 2
189 1 3
187 1 4
189 1 5
189 1 6
189 1 7
189 1 8
183 1 9
179 1 10
189 1 11
189 1 12
189 1 13
189 1 14
188 1 15
189 1 16
189 1 17
189 1 18
189 1 19
189 1 20
189 1 21
189 1 22
189 1 23
189 1 24
187 1 25
189 1 26
189 1 27
189 1 28
188 1 29
189 1 30
189 1 31
187 1 32
189 1 33
189 1 34
189 1 35
189 1 36
189 1 37
189 1 38
189 1 39
189 1 40
189 1 41
189 1 42
189 1 43
189 1 44
189 1 45
189 1 46
189 1 47
189 1 48
189 1 49
189 1 50
186 1 51
189 1 52
188 1 53
189 1 54
178 1 55
189 1 56
189 1 57
186 1 58
189 1 59
189 1 60
189 1 61
189 1 62
189 1 63
189 1 64
189 1 65
186 1 66
189 1 67
186 1 68
189 1 69
189 1 70
189 1 71
189 1 72
189 1 73
187 1 74
185 1 75
189 1 76
180 1 77
189 1 78
189 1 79
188 1 80
184 1 81
189 1 82
189 1 83
182 1 84
189 1 85
189 1 86
185 1 87
189 1 88
189 1 89
189 1 90
189 1 91
189 1 92
189 1 93
189 1 94
189 1 95
189 1 96
189 1 97
189 1 98
189 1 99
189 1 100
185 2 1
181 2 2
191 2 3
187 2 4
190 2 5
191 2 6
191 2 7
190 2 8
183 2 9
179 2 10
191 2 11
191 2 12
191 2 13
191 2 14
188 2 15
191 2 16
191 2 17
191 2 18
190 2 19
191 2 20
191 2 21
191 2 22
191 2 23
191 2 24
187 2 25
191 2 26
191 2 27
191 2 28
188 2 29
191 2 30
191 2 31
187 2 32
191 2 33
191 2 34
191 2 35
191 2 36
191 2 37
191 2 38
189 2 39
191 2 40
190 2 41
191 2 42
191 2 43
191 2 44
191 2 45
191 2 46
191 2 47
190 2 48
191 2 49
191 2 50
186 2 51
191 2 52
188 2 53
191 2 54
178 2 55
191 2 56
189 2 57
186 2 58
191 2 59
191 2 60
191 2 61
191 2 62
191 2 63
191 2 64
189 2 65
186 2 66
191 2 67
186 2 68
191 2 69
191 2 70
191 2 71
191 2 72
191 2 73
187 2 74
185 2 75
191 2 76
180 2 77
191 2 78
191 2 79
188 2 80
184 2 81
190 2 82
191 2 83
182 2 84
191 2 85
191 2 86
185 2 87
190 2 88
191 2 89
191 2 90
191 2 91
191 2 92
191 2 93
191 2 94
191 2 95
190 2 96
191 2 97
191 2 98
191 2 99
191 2 100
185 3 1
181 3 2
201 3 3
187 3 4
190 3 5
195 3 6
195 3 7
190 3 8
183 3 9
179 3 10
197 3 11
196 3 12
201 3 13
192 3 14
188 3 15
191 3 16
196 3 17
202 3 18
190 3 19
197 3 20
193 3 21
200 3 22
202 3 23
192 3 24
187 3 25
193 3 26
199 3 27
194 3 28
188 3 29
191 3 30
194 3 31
187 3 32
196 3 33
201 3 34
201 3 35
194 3 36
198 3 37
193 3 38
189 3 39
196 3 40
190 3 41
195 3 42
192 3 43
201 3 44
199 3 45
194 3 46
192 3 47
190 3 48
194 3 49
194 3 50
186 3 51
196 3 52
188 3 53
199 3 54
178 3 55
194 3 56
189 3 57
186 3 58
191 3 59
196 3 60
196 3 61
198 3 62
200 3 63
198 3 64
189 3 65
186 3 66
193 3 67
186 3 68
195 3 69
192 3 70
193 3 71
192 3 72
200 3 73
187 3 74
185 3 75
192 3 76
180 3 77
192 3 78
195 3 79
188 3 80
184 3 81
190 3 82
193 3 83
182 3 84
192 3 85
191 3 86
185 3 87
190 3 88
202 3 89
196 3 90
197 3 91
194 3 92
195 3 93
194 3 94
198 3 95
190 3 96
191 3 97
192 3 98
191 3 99
197 3 100
185 4 1
181 4 2
193 4 3
187 4 4
190 4 5
193 4 6
193 4 7
190 4 8
183 4 9
179 4 10
193 4 11
193 4 12
193 4 13
192 4 14
188 4 15
191 4 16
193 4 17
193 4 18
190 4 19
193 4 20
193 4 21
193 4 22
193 4 23
192 4 24
187 4 25
193 4 26
193 4 27
193 4 28
188 4 29
191 4 30
193 4 31
187 4 32
193 4 33
193 4 34
193 4 35
193 4 36
193 4 37
193 4 38
189 4 39
193 4 40
190 4 41
193 4 42
192 4 43
193 4 44
193 4 45
193 4 46
192 4 47
190 4 48
193 4 49
193 4 50
186 4 51
193 4 52
188 4 53
193 4 54
178 4 55
193 4 56
189 4 57
186 4 58
191 4 59
193 4 60
193 4 61
193 4 62
193 4 63
193 4 64
189 4 65
186 4 66
193 4 67
186 4 68
193 4 69
192 4 70
193 4 71
192 4 72
193 4 73
187 4 74
185 4 75
192 4 76
180 4 77
192 4 78
193 4 79
188 4 80
184 4 81
190 4 82
193 4 83
182 4 84
192 4 85
191 4 86
185 4 87
190 4 88
193 4 89
193 4 90
193 4 91
193 4 92
193 4 93
193 4 94
193 4 95
190 4 96
191 4 97
192 4 98
191 4 99
193 4 100
185 5 1
181 5 2
201 5 3
187 5 4
190 5 5
195 5 6
195 5 7
190 5 8
183 5 9
179 5 10
197 5 11
196 5 12
201 5 13
192 5 14
188 5 15
191 5 16
196 5 17
201 5 18
190 5 19
197 5 20
193 5 21
200 5 22
201 5 23
192 5 24
187 5 25
193 5 26
199 5 27
194 5 28
188 5 29
191 5 30
194 5 31
187 5 32
196 5 33
201 5 34
201 5 35
194 5 36
198 5 37
193 5 38
189 5 39
196 5 40
190 5 41
195 5 42
192 5 43
201 5 44
199 5 45
194 5 46
192 5 47
190 5 48
194 5 49
194 5 50
186 5 51
196 5 52
188 5 53
199 5 54
178 5 55
194 5 56
189 5 57
186 5 58
191 5 59
196 5 60
196 5 61
198 5 62
200 5 63
198 5 64
189 5 65
186 5 66
193 5 67
186 5 68
195 5 69
192 5 70
193 5 71
192 5 72
200 5 73
187 5 74
185 5 75
192 5 76
180 5 77
192 5 78
195 5 79
188 5 80
184 5 81
190 5 82
193 5 83
182 5 84
192 5 85
191 5 86
185 5 87
190 5 88
201 5 89
196 5 90
197 5 91
194 5 92
195 5 93
194 5 94
198 5 95
190 5 96
191 5 97
192 5 98
191 5 99
197 5 100
185 6 1
181 6 2
197 6 3
187 6 4
190 6 5
195 6 6
195 6 7
190 6 8
183 6 9
179 6 10
197 6 11
196 6 12
197 6 13
192 6 14
188 6 15
191 6 16
196 6 17
197 6 18
190 6 19
197 6 20
193 6 21
197 6 22
197 6 23
192 6 24
187 6 25
193 6 26
197 6 27
194 6 28
188 6 29
191 6 30
194 6 31
187 6 32
196 6 33
197 6 34
197 6 35
194 6 36
197 6 37
193 6 38
189 6 39
196 6 40
190 6 41
195 6 42
192 6 43
197 6 44
197 6 45
194 6 46
192 6 47
190 6 48
194 6 49
194 6 50
186 6 51
196 6 52
188 6 53
197 6 54
178 6 55
194 6 56
189 6 57
186 6 58
191 6 59
196 6 60
196 6 61
197 6 62
197 6 63
197 6 64
189 6 65
186 6 66
193 6 67
186 6 68
195 6 69
192 6 70
193 6 71
192 6 72
197 6 73
187 6 74
185 6 75
192 6 76
180 6 77
192 6 78
195 6 79
188 6 80
184 6 81
190 6 82
193 6 83
182 6 84
192 6 85
191 6 86
185 6 87
190 6 88
197 6 89
196 6 90
197 6 91
194 6 92
195 6 93
194 6 94
197 6 95
190 6 96
191 6 97
192 6 98
191 6 99
197 6 100
185 7 1
181 7 2
195 7 3
187 7 4
190 7 5
195 7 6
195 7 7
190 7 8
183 7 9
179 7 10
195 7 11
195 7 12
195 7 13
192 7 14
188 7 15
191 7 16
195 7 17
195 7 18
190 7 19
195 7 20
193 7 21
195 7 22
195 7 23
192 7 24
187 7 25
193 7 26
195 7 27
194 7 28
188 7 29
191 7 30
194 7 31
187 7 32
195 7 33
195 7 34
195 7 35
194 7 36
195 7 37
193 7 38
189 7 39
195 7 40
190 7 41
195 7 42
192 7 43
195 7 44
195 7 45
194 7 46
192 7 47
190 7 48
194 7 49
194 7 50
186 7 51
195 7 52
188 7 53
195 7 54
178 7 55
194 7 56
189 7 57
186 7 58
191 7 59
195 7 60
195 7 61
195 7 62
195 7 63
195 7 64
189 7 65
186 7 66
193 7 67
186 7 68
195 7 69
192 7 70
193 7 71
192 7 72
195 7 73
187 7 74
185 7 75
192 7 76
180 7 77
192 7 78
195 7 79
188 7 80
184 7 81
190 7 82
193 7 83
182 7 84
192 7 85
191 7 86
185 7 87
190 7 88
195 7 89
195 7 90
195 7 91
194 7 92
195 7 93
194 7 94
195 7 95
190 7 96
191 7 97
192 7 98
191 7 99
195 7 100
185 8 1
181 8 2
190 8 3
187 8 4
190 8 5
190 8 6
190 8 7
190 8 8
183 8 9
179 8 10
190 8 11
190 8 12
190 8 13
190 8 14
188 8 15
190 8 16
190 8 17
190 8 18
190 8 19
190 8 20
190 8 21
190 8 22
190 8 23
190 8 24
187 8 25
190 8 26
190 8 27
190 8 28
188 8 29
190 8 30
190 8 31
187 8 32
190 8 33
190 8 34
190 8 35
190 8 36
190 8 37
190 8 38
189 8 39
190 8 40
190 8 41
190 8 42
190 8 43
190 8 44
190 8 45
190 8 46
190 8 47
190 8 48
190 8 49
190 8 50
186 8 51
190 8 52
188 8 53
190 8 54
178 8 55
190 8 56
189 8 57
186 8 58
190 8 59
190 8 60
190 8 61
190 8 62
190 8 63
190 8 64
189 8 65
186 8 66
190 8 67
186 8 68
190 8 69
190 8 70
190 8 71
190 8 72
190 8 73
187 8 74
185 8 75
190 8 76
180 8 77
190 8 78
190 8 79
188 8 80
184 8 81
190 8 82
190 8 83
182 8 84
190 8 85
190 8 86
185 8 87
190 8 88
190 8 89
190 8 90
190 8 91
190 8 92
190 8 93
190 8 94
190 8 95
190 8 96
190 8 97
190 8 98
190 8 99
190 8 100
185 9 1
181 9 2
185 9 3
185 9 4
185 9 5
185 9 6
185 9 7
185 9 8
183 9 9
179 9 10
185 9 11
185 9 12
185 9 13
185 9 14
185 9 15
185 9 16
185 9 17
185 9 18
185 9 19
185 9 20
185 9 21
185 9 22
185 9 23
185 9 24
185 9 25
185 9 26
185 9 27
185 9 28
185 9 29
185 9 30
185 9 31
185 9 32
185 9 33
185 9 34
185 9 35
185 9 36
185 9 37
185 9 38
185 9 39
185 9 40
185 9 41
185 9 42
185 9 43
185 9 44
185 9 45
185 9 46
185 9 47
185 9 48
185 9 49
185 9 50
185 9 51
185 9 52
185 9 53
185 9 54
178 9 55
185 9 56
185 9 57
185 9 58
185 9 59
185 9 60
185 9 61
185 9 62
185 9 63
185 9 64
185 9 65
185 9 66
185 9 67
185 9 68
185 9 69
185 9 70
185 9 71
185 9 72
185 9 73
185 9 74
185 9 75
185 9 76
180 9 77
185 9 78
185 9 79
185 9 80
184 9 81
185 9 82
185 9 83
182 9 84
185 9 85
185 9 86
185 9 87
185 9 88
185 9 89
185 9 90
185 9 91
185 9 92
185 9 93
185 9 94
185 9 95
185 9 96
185 9 97
185 9 98
185 9 99
185 9 100
185 10 1
181 10 2
186 10 3
186 10 4
186 10 5
186 10 6
186 10 7
186 10 8
183 10 9
179 10 10
186 10 11
186 10 12
186 10 13
186 10 14
186 10 15
186 10 16
186 10 17
186 10 18
186 10 19
186 10 20
186 10 21
186 10 22
186 10 23
186 10 24
186 10 25
186 10 26
186 10 27
186 10 28
186 10 29
186 10 30
186 10 31
186 10 32
186 10 33
186 10 34
186 10 35
186 10 36
186 10 37
186 10 38
186 10 39
186 10 40
186 10 41
186 10 42
186 10 43
186 10 44
186 10 45
186 10 46
186 10 47
186 10 48
186 10 49
186 10 50
186 10 51
186 10 52
186 10 53
186 10 54
178 10 55
186 10 56
186 10 57
186 10 58
186 10 59
186 10 60
186 10 61
186 10 62
186 10 63
186 10 64
186 10 65
186 10 66
186 10 67
186 10 68
186 10 69
186 10 70
186 10 71
186 10 72
186 10 73
186 10 74
185 10 75
186 10 76
180 10 77
186 10 78
186 10 79
186 10 80
184 10 81
186 10 82
186 10 83
182 10 84
186 10 85
186 10 86
185 10 87
186 10 88
186 10 89
186 10 90
186 10 91
186 10 92
186 10 93
186 10 94
186 10 95
186 10 96
186 10 97
186 10 98
186 10 99
186 10 100
185 11 1
181 11 2
201 11 3
187 11 4
190 11 5
195 11 6
195 11 7
190 11 8
183 11 9
179 11 10
197 11 11
196 11 12
201 11 13
192 11 14
188 11 15
191 11 16
196 11 17
201 11 18
190 11 19
197 11 20
193 11 21
200 11 22
201 11 23
192 11 24
187 11 25
193 11 26
199 11 27
194 11 28
188 11 29
191 11 30
194 11 31
187 11 32
196 11 33
201 11 34
201 11 35
194 11 36
198 11 37
193 11 38
189 11 39
196 11 40
190 11 41
195 11 42
192 11 43
201 11 44
199 11 45
194 11 46
192 11 47
190 11 48
194 11 49
194 11 50
186 11 51
196 11 52
188 11 53
199 11 54
178 11 55
194 11 56
189 11 57
186 11 58
191 11 59
196 11 60
196 11 61
198 11 62
200 11 63
198 11 64
189 11 65
186 11 66
193 11 67
186 11 68
195 11 69
192 11 70
193 11 71
192 11 72
200 11 73
187 11 74
185 11 75
192 11 76
180 11 77
192 11 78
195 11 79
188 11 80
184 11 81
190 11 82
193 11 83
182 11 84
192 11 85
191 11 86
185 11 87
190 11 88
201 11 89
196 11 90
197 11 91
194 11 92
195 11 93
194 11 94
198 11 95
190 11 96
191 11 97
192 11 98
191 11 99
197 11 100
185 12 1
181 12 2
201 12 3
187 12 4
190 12 5
195 12 6
195 12 7
190 12 8
183 12 9
179 12 10
197 12 11
196 12 12
201 12 13
192 12 14
188 12 15
191 12 16
196 12 17
202 12 18
190 12 19
197 12 20
193 12 21
200 12 22
202 12 23
192 12 24
187 12 25
193 12 26
199 12 27
194 12 28
188 12 29
191 12 30
194 12 31
187 12 32
196 12 33
201 12 34
201 12 35
194 12 36
198 12 37
193 12 38
189 12 39
196 12 40
190 12 41
195 12 42
192 12 43
201 12 44
199 12 45
194 12 46
192 12 47
190 12 48
194 12 49
194 12 50
186 12 51
196 12 52
188 12 53
199 12 54
178 12 55
194 12 56
189 12 57
186 12 58
191 12 59
196 12 60
196 12 61
198 12 62
200 12 63
198 12 64
189 12 65
186 12 66
193 12 67
186 12 68
195 12 69
192 12 70
193 12 71
192 12 72
200 12 73
187 12 74
185 12 75
192 12 76
180 12 77
192 12 78
195 12 79
188 12 80
184 12 81
190 12 82
193 12 83
182 12 84
192 12 85
191 12 86
185 12 87
190 12 88
202 12 89
196 12 90
197 12 91
194 12 92
195 12 93
194 12 94
198 12 95
190 12 96
191 12 97
192 12 98
191 12 99
197 12 100
185 13 1
181 13 2
201 13 3
187 13 4
190 13 5
195 13 6
195 13 7
190 13 8
183 13 9
179 13 10
197 13 11
196 13 12
201 13 13
192 13 14
188 13 15
191 13 16
196 13 17
202 13 18
190 13 19
197 13 20
193 13 21
200 13 22
202 13 23
192 13 24
187 13 25
193 13 26
199 13 27
194 13 28
188 13 29
191 13 30
194 13 31
187 13 32
196 13 33
201 13 34
201 13 35
194 13 36
198 13 37
193 13 38
189 13 39
196 13 40
190 13 41
195 13 42
192 13 43
201 13 44
199 13 45
194 13 46
192 13 47
190 13 48
194 13 49
194 13 50
186 13 51
196 13 52
188 13 53
199 13 54
178 13 55
194 13 56
189 13 57
186 13 58
191 13 59
196 13 60
196 13 61
198 13 62
200 13 63
198 13 64
189 13 65
186 13 66
193 13 67
186 13 68
195 13 69
192 13 70
193 13 71
192 13 72
200 13 73
187 13 74
185 13 75
192 13 76
180 13 77
192 13 78
195 13 79
188 13 80
184 13 81
190 13 82
193 13 83
182 13 84
192 13 85
191 13 86
185 13 87
190 13 88
202 13 89
196 13 90
197 13 91
194 13 92
195 13 93
194 13 94
198 13 95
190 13 96
191 13 97
192 13 98
191 13 99
197 13 100
185 14 1
181 14 2
194 14 3
187 14 4
190 14 5
194 14 6
194 14 7
190 14 8
183 14 9
179 14 10
194 14 11
194 14 12
194 14 13
192 14 14
188 14 15
191 14 16
194 14 17
194 14 18
190 14 19
194 14 20
193 14 21
194 14 22
194 14 23
192 14 24
187 14 25
193 14 26
194 14 27
194 14 28
188 14 29
191 14 30
194 14 31
187 14 32
194 14 33
194 14 34
194 14 35
194 14 36
194 14 37
193 14 38
189 14 39
194 14 40
190 14 41
194 14 42
192 14 43
194 14 44
194 14 45
194 14 46
192 14 47
190 14 48
194 14 49
194 14 50
186 14 51
194 14 52
188 14 53
194 14 54
178 14 55
194 14 56
189 14 57
186 14 58
191 14 59
194 14 60
194 14 61
194 14 62
194 14 63
194 14 64
189 14 65
186 14 66
193 14 67
186 14 68
194 14 69
192 14 70
193 14 71
192 14 72
194 14 73
187 14 74
185 14 75
192 14 76
180 14 77
192 14 78
194 14 79
188 14 80
184 14 81
190 14 82
193 14 83
182 14 84
192 14 85
191 14 86
185 14 87
190 14 88
194 14 89
194 14 90
194 14 91
194 14 92
194 14 93
194 14 94
194 14 95
190 14 96
191 14 97
192 14 98
191 14 99
194 14 100
185 15 1
181 15 2
195 15 3
187 15 4
190 15 5
195 15 6
195 15 7
190 15 8
183 15 9
179 15 10
195 15 11
195 15 12
195 15 13
192 15 14
188 15 15
191 15 16
195 15 17
195 15 18
190 15 19
195 15 20
193 15 21
195 15 22
195 15 23
192 15 24
187 15 25
193 15 26
195 15 27
194 15 28
188 15 29
191 15 30
194 15 31
187 15 32
195 15 33
195 15 34
195 15 35
194 15 36
195 15 37
193 15 38
189 15 39
195 15 40
190 15 41
195 15 42
192 15 43
195 15 44
195 15 45
194 15 46
192 15 47
190 15 48
194 15 49
194 15 50
186 15 51
195 15 52
188 15 53
195 15 54
178 15 55
194 15 56
189 15 57
186 15 58
191 15 59
195 15 60
195 15 61
195 15 62
195 15 63
195 15 64
189 15 65
186 15 66
193 15 67
186 15 68
195 15 69
192 15 70
193 15 71
192 15 72
195 15 73
187 15 74
185 15 75
192 15 76
180 15 77
192 15 78
195 15 79
188 15 80
184 15 81
190 15 82
193 15 83
182 15 84
192 15 85
191 15 86
185 15 87
190 15 88
195 15 89
195 15 90
195 15 91
194 15 92
195 15 93
194 15 94
195 15 95
190 15 96
191 15 97
192 15 98
191 15 99
195 15 100
185 16 1
181 16 2
188 16 3
187 16 4
188 16 5
188 16 6
188 16 7
188 16 8
183 16 9
179 16 10
188 16 11
188 16 12
188 16 13
188 16 14
188 16 15
188 16 16
188 16 17
188 16 18
188 16 19
188 16 20
188 16 21
188 16 22
188 16 23
188 16 24
187 16 25
188 16 26
188 16 27
188 16 28
188 16 29
188 16 30
188 16 31
187 16 32
188 16 33
188 16 34
188 16 35
188 16 36
188 16 37
188 16 38
188 16 39
188 16 40
188 16 41
188 16 42
188 16 43
188 16 44
188 16 45
188 16 46
188 16 47
188 16 48
188 16 49
188 16 50
186 16 51
188 16 52
188 16 53
188 16 54
178 16 55
188 16 56
188 16 57
186 16 58
188 16 59
188 16 60
188 16 61
188 16 62
188 16 63
188 16 64
188 16 65
186 16 66
188 16 67
186 16 68
188 16 69
188 16 70
188 16 71
188 16 72
188 16 73
187 16 74
185 16 75
188 16 76
180 16 77
188 16 78
188 16 79
188 16 80
184 16 81
188 16 82
188 16 83
182 16 84
188 16 85
188 16 86
185 16 87
188 16 88
188 16 89
188 16 90
188 16 91
188 16 92
188 16 93
188 16 94
188 16 95
188 16 96
188 16 97
188 16 98
188 16 99
188 16 100
185 17 1
181 17 2
201 17 3
187 17 4
190 17 5
195 17 6
195 17 7
190 17 8
183 17 9
179 17 10
197 17 11
196 17 12
201 17 13
192 17 14
188 17 15
191 17 16
196 17 17
202 17 18
190 17 19
197 17 20
193 17 21
200 17 22
203 17 23
192 17 24
187 17 25
193 17 26
199 17 27
194 17 28
188 17 29
191 17 30
194 17 31
187 17 32
196 17 33
201 17 34
201 17 35
194 17 36
198 17 37
193 17 38
189 17 39
196 17 40
190 17 41
195 17 42
192 17 43
201 17 44
199 17 45
194 17 46
192 17 47
190 17 48
194 17 49
194 17 50
186 17 51
196 17 52
188 17 53
199 17 54
178 17 55
194 17 56
189 17 57
186 17 58
191 17 59
196 17 60
196 17 61
198 17 62
200 17 63
198 17 64
189 17 65
186 17 66
193 17 67
186 17 68
195 17 69
192 17 70
193 17 71
192 17 72
200 17 73
187 17 74
185 17 75
192 17 76
180 17 77
192 17 78
195 17 79
188 17 80
184 17 81
190 17 82
193 17 83
182 17 84
192 17 85
191 17 86
185 17 87
190 17 88
202 17 89
196 17 90
197 17 91
194 17 92
195 17 93
194 17 94
198 17 95
190 17 96
191 17 97
192 17 98
191 17 99
197 17 100
185 18 1
181 18 2
201 18 3
187 18 4
190 18 5
195 18 6
195 18 7
190 18 8
183 18 9
179 18 10
197 18 11
196 18 12
201 18 13
192 18 14
188 18 15
191 18 16
196 18 17
201 18 18
190 18 19
197 18 20
193 18 21
200 18 22
201 18 23
192 18 24
187 18 25
193 18 26
199 18 27
194 18 28
188 18 29
191 18 30
194 18 31
187 18 32
196 18 33
201 18 34
201 18 35
194 18 36
198 18 37
193 18 38
189 18 39
196 18 40
190 18 41
195 18 42
192 18 43
201 18 44
199 18 45
194 18 46
192 18 47
190 18 48
194 18 49
194 18 50
186 18 51
196 18 52
188 18 53
199 18 54
178 18 55
194 18 56
189 18 57
186 18 58
191 18 59
196 18 60
196 18 61
198 18 62
200 18 63
198 18 64
189 18 65
186 18 66
193 18 67
186 18 68
195 18 69
192 18 70
193 18 71
192 18 72
200 18 73
187 18 74
185 18 75
192 18 76
180 18 77
192 18 78
195 18 79
188 18 80
184 18 81
190 18 82
193 18 83
182 18 84
192 18 85
191 18 86
185 18 87
190 18 88
201 18 89
196 18 90
197 18 91
194 18 92
195 18 93
194 18 94
198 18 95
190 18 96
191 18 97
192 18 98
191 18 99
197 18 100
185 19 1
181 19 2
199 19 3
187 19 4
190 19 5
195 19 6
195 19 7
190 19 8
183 19 9
179 19 10
197 19 11
196 19 12
199 19 13
192 19 14
188 19 15
191 19 16
196 19 17
199 19 18
190 19 19
197 19 20
193 19 21
199 19 22
199 19 23
192 19 24
187 19 25
193 19 26
199 19 27
194 19 28
188 19 29
191 19 30
194 19 31
187 19 32
196 19 33
199 19 34
199 19 35
194 19 36
198 19 37
193 19 38
189 19 39
196 19 40
190 19 41
195 19 42
192 19 43
199 19 44
199 19 45
194 19 46
192 19 47
190 19 48
194 19 49
194 19 50
186 19 51
196 19 52
188 19 53
199 19 54
178 19 55
194 19 56
189 19 57
186 19 58
191 19 59
196 19 60
196 19 61
198 19 62
199 19 63
198 19 64
189 19 65
186 19 66
193 19 67
186 19 68
195 19 69
192 19 70
193 19 71
192 19 72
199 19 73
187 19 74
185 19 75
192 19 76
180 19 77
192 19 78
195 19 79
188 19 80
184 19 81
190 19 82
193 19 83
182 19 84
192 19 85
191 19 86
185 19 87
190 19 88
199 19 89
196 19 90
197 19 91
194 19 92
195 19 93
194 19 94
198 19 95
190 19 96
191 19 97
192 19 98
191 19 99
197 19 100
185 20 1
181 20 2
198 20 3
187 20 4
190 20 5
195 20 6
195 20 7
190 20 8
183 20 9
179 20 10
197 20 11
196 20 12
198 20 13
192 20 14
188 20 15
191 20 16
196 20 17
198 20 18
190 20 19
197 20 20
193 20 21
198 20 22
198 20 23
192 20 24
187 20 25
193 20 26
198 20 27
194 20 28
188 20 29
191 20 30
194 20 31
187 20 32
196 20 33
198 20 34
198 20 35
194 20 36
198 20 37
193 20 38
189 20 39
196 20 40
190 20 41
195 20 42
192 20 43
198 20 44
198 20 45
194 20 46
192 20 47
190 20 48
194 20 49
194 20 50
186 20 51
196 20 52
188 20 53
198 20 54
178 20 55
194 20 56
189 20 57
186 20 58
191 20 59
196 20 60
196 20 61
198 20 62
198 20 63
198 20 64
189 20 65
186 20 66
193 20 67
186 20 68
195 20 69
192 20 70
193 20 71
192 20 72
198 20 73
187 20 74
185 20 75
192 20 76
180 20 77
192 20 78
195 20 79
188 20 80
184 20 81
190 20 82
193 20 83
182 20 84
192 20 85
191 20 86
185 20 87
190 20 88
198 20 89
196 20 90
197 20 91
194 20 92
195 20 93
194 20 94
198 20 95
190 20 96
191 20 97
192 20 98
191 20 99
197 20 100
185 21 1
181 21 2
194 21 3
187 21 4
190 21 5
194 21 6
194 21 7
190 21 8
183 21 9
179 21 10
194 21 11
194 21 12
194 21 13
192 21 14
188 21 15
191 21 16
194 21 17
194 21 18
190 21 19
194 21 20
193 21 21
194 21 22
194 21 23
192 21 24
187 21 25
193 21 26
194 21 27
194 21 28
188 21 29
191 21 30
194 21 31
187 21 32
194 21 33
194 21 34
194 21 35
194 21 36
194 21 37
193 21 38
189 21 39
194 21 40
190 21 41
194 21 42
192 21 43
194 21 44
194 21 45
194 21 46
192 21 47
190 21 48
194 21 49
194 21 50
186 21 51
194 21 52
188 21 53
194 21 54
178 21 55
194 21 56
189 21 57
186 21 58
191 21 59
194 21 60
194 21 61
194 21 62
194 21 63
194 21 64
189 21 65
186 21 66
193 21 67
186 21 68
194 21 69
192 21 70
193 21 71
192 21 72
194 21 73
187 21 74
185 21 75
192 21 76
180 21 77
192 21 78
194 21 79
188 21 80
184 21 81
190 21 82
193 21 83
182 21 84
192 21 85
191 21 86
185 21 87
190 21 88
194 21 89
194 21 90
194 21 91
194 21 92
194 21 93
194 21 94
194 21 95
190 21 96
191 21 97
192 21 98
191 21 99
194 21 100
185 22 1
181 22 2
199 22 3
187 22 4
190 22 5
195 22 6
195 22 7
190 22 8
183 22 9
179 22 10
197 22 11
196 22 12
199 22 13
192 22 14
188 22 15
191 22 16
196 22 17
199 22 18
190 22 19
197 22 20
193 22 21
199 22 22
199 22 23
192 22 24
187 22 25
193 22 26
199 22 27
194 22 28
188 22 29
191 22 30
194 22 31
187 22 32
196 22 33
199 22 34
199 22 35
194 22 36
198 22 37
193 22 38
189 22 39
196 22 40
190 22 41
195 22 42
192 22 43
199 22 44
199 22 45
194 22 46
192 22 47
190 22 48
194 22 49
194 22 50
186 22 51
196 22 52
188 22 53
199 22 54
178 22 55
194 22 56
189 22 57
186 22 58
191 22 59
196 22 60
196 22 61
198 22 62
199 22 63
198 22 64
189 22 65
186 22 66
193 22 67
186 22 68
195 22 69
192 22 70
193 22 71
192 22 72
199 22 73
187 22 74
185 22 75
192 22 76
180 22 77
192 22 78
195 22 79
188 22 80
184 22 81
190 22 82
193 22 83
182 22 84
192 22 85
191 22 86
185 22 87
190 22 88
199 22 89
196 22 90
197 22 91
194 22 92
195 22 93
194 22 94
198 22 95
190 22 96
191 22 97
192 22 98
191 22 99
197 22 100
185 23 1
181 23 2
201 23 3
187 23 4
190 23 5
195 23 6
195 23 7
190 23 8
183 23 9
179 23 10
197 23 11
196 23 12
201 23 13
192 23 14
188 23 15
191 23 16
196 23 17
202 23 18
190 23 19
197 23 20
193 23 21
200 23 22
203 23 23
192 23 24
187 23 25
193 23 26
199 23 27
194 23 28
188 23 29
191 23 30
194 23 31
187 23 32
196 23 33
201 23 34
201 23 35
194 23 36
198 23 37
193 23 38
189 23 39
196 23 40
190 23 41
195 23 42
192 23 43
201 23 44
199 23 45
194 23 46
192 23 47
190 23 48
194 23 49
194 23 50
186 23 51
196 23 52
188 23 53
199 23 54
178 23 55
194 23 56
189 23 57
186 23 58
191 23 59
196 23 60
196 23 61
198 23 62
200 23 63
198 23 64
189 23 65
186 23 66
193 23 67
186 23 68
195 23 69
192 23 70
193 23 71
192 23 72
200 23 73
187 23 74
185 23 75
192 23 76
180 23 77
192 23 78
195 23 79
188 23 80
184 23 81
190 23 82
193 23 83
182 23 84
192 23 85
191 23 86
185 23 87
190 23 88
202 23 89
196 23 90
197 23 91
194 23 92
195 23 93
194 23 94
198 23 95
190 23 96
191 23 97
192 23 98
191 23 99
197 23 100
185 24 1
181 24 2
187 24 3
187 24 4
187 24 5
187 24 6
187 24 7
187 24 8
183 24 9
179 24 10
187 24 11
187 24 12
187 24 13
187 24 14
187 24 15
187 24 16
187 24 17
187 24 18
187 24 19
187 24 20
187 24 21
187 24 22
187 24 23
187 24 24
187 24 25
187 24 26
187 24 27
187 24 28
187 24 29
187 24 30
187 24 31
187 24 32
187 24 33
187 24 34
187 24 35
187 24 36
187 24 37
187 24 38
187 24 39
187 24 40
187 24 41
187 24 42
187 24 43
187 24 44
187 24 45
187 24 46
187 24 47
187 24 48
187 24 49
187 24 50
186 24 51
187 24 52
187 24 53
187 24 54
178 24 55
187 24 56
187 24 57
186 24 58
187 24 59
187 24 60
187 24 61
187 24 62
187 24 63
187 24 64
187 24 65
186 24 66
187 24 67
186 24 68
187 24 69
187 24 70
187 24 71
187 24 72
187 24 73
187 24 74
185 24 75
187 24 76
180 24 77
187 24 78
187 24 79
187 24 80
184 24 81
187 24 82
187 24 83
182 24 84
187 24 85
187 24 86
185 24 87
187 24 88
187 24 89
187 24 90
187 24 91
187 24 92
187 24 93
187 24 94
187 24 95
187 24 96
187 24 97
187 24 98
187 24 99
187 24 100
185 25 1
181 25 2
196 25 3
187 25 4
190 25 5
195 25 6
195 25 7
190 25 8
183 25 9
179 25 10
196 25 11
196 25 12
196 25 13
192 25 14
188 25 15
191 25 16
196 25 17
196 25 18
190 25 19
196 25 20
193 25 21
196 25 22
196 25 23
192 25 24
187 25 25
193 25 26
196 25 27
194 25 28
188 25 29
191 25 30
194 25 31
187 25 32
196 25 33
196 25 34
196 25 35
194 25 36
196 25 37
193 25 38
189 25 39
196 25 40
190 25 41
195 25 42
192 25 43
196 25 44
196 25 45
194 25 46
192 25 47
190 25 48
194 25 49
194 25 50
186 25 51
196 25 52
188 25 53
196 25 54
178 25 55
194 25 56
189 25 57
186 25 58
191 25 59
196 25 60
196 25 61
196 25 62
196 25 63
196 25 64
189 25 65
186 25 66
193 25 67
186 25 68
195 25 69
192 25 70
193 25 71
192 25 72
196 25 73
187 25 74
185 25 75
192 25 76
180 25 77
192 25 78
195 25 79
188 25 80
184 25 81
190 25 82
193 25 83
182 25 84
192 25 85
191 25 86
185 25 87
190 25 88
196 25 89
196 25 90
196 25 91
194 25 92
195 25 93
194 25 94
196 25 95
190 25 96
191 25 97
192 25 98
191 25 99
196 25 100
185 26 1
181 26 2
191 26 3
187 26 4
190 26 5
191 26 6
191 26 7
190 26 8
183 26 9
179 26 10
191 26 11
191 26 12
191 26 13
191 26 14
188 26 15
191 26 16
191 26 17
191 26 18
190 26 19
191 26 20
191 26 21
191 26 22
191 26 23
191 26 24
187 26 25
191 26 26
191 26 27
191 26 28
188 26 29
191 26 30
191 26 31
187 26 32
191 26 33
191 26 34
191 26 35
191 26 36
191 26 37
191 26 38
189 26 39
191 26 40
190 26 41
191 26 42
191 26 43
191 26 44
191 26 45
191 26 46
191 26 47
190 26 48
191 26 49
191 26 50
186 26 51
191 26 52
188 26 53
191 26 54
178 26 55
191 26 56
189 26 57
186 26 58
191 26 59
191 26 60
191 26 61
191 26 62
191 26 63
191 26 64
189 26 65
186 26 66
191 26 67
186 26 68
191 26 69
191 26 70
191 26 71
191 26 72
191 26 73
187 26 74
185 26 75
191 26 76
180 26 77
191 26 78
191 26 79
188 26 80
184 26 81
190 26 82
191 26 83
182 26 84
191 26 85
191 26 86
185 26 87
190 26 88
191 26 89
191 26 90
191 26 91
191 26 92
191 26 93
191 26 94
191 26 95
190 26 96
191 26 97
191 26 98
191 26 99
191 26 100
185 27 1
181 27 2
201 27 3
187 27 4
190 27 5
195 27 6
195 27 7
190 27 8
183 27 9
179 27 10
197 27 11
196 27 12
201 27 13
192 27 14
188 27 15
191 27 16
196 27 17
202 27 18
190 27 19
197 27 20
193 27 21
200 27 22
203 27 23
192 27 24
187 27 25
193 27 26
199 27 27
194 27 28
188 27 29
191 27 30
194 27 31
187 27 32
196 27 33
201 27 34
201 27 35
194 27 36
198 27 37
193 27 38
189 27 39
196 27 40
190 27 41
195 27 42
192 27 43
201 27 44
199 27 45
194 27 46
192 27 47
190 27 48
194 27 49
194 27 50
186 27 51
196 27 52
188 27 53
199 27 54
178 27 55
194 27 56
189 27 57
186 27 58
191 27 59
196 27 60
196 27 61
198 27 62
200 27 63
198 27 64
189 27 65
186 27 66
193 27 67
186 27 68
195 27 69
192 27 70
193 27 71
192 27 72
200 27 73
187 27 74
185 27 75
192 27 76
180 27 77
192 27 78
195 27 79
188 27 80
184 27 81
190 27 82
193 27 83
182 27 84
192 27 85
191 27 86
185 27 87
190 27 88
202 27 89
196 27 90
197 27 91
194 27 92
195 27 93
194 27 94
198 27 95
190 27 96
191 27 97
192 27 98
191 27 99
197 27 100
185 28 1
181 28 2
191 28 3
187 28 4
190 28 5
191 28 6
191 28 7
190 28 8
183 28 9
179 28 10
191 28 11
191 28 12
191 28 13
191 28 14
188 28 15
191 28 16
191 28 17
191 28 18
190 28 19
191 28 20
191 28 21
191 28 22
191 28 23
191 28 24
187 28 25
191 28 26
191 28 27
191 28 28
188 28 29
191 28 30
191 28 31
187 28 32
191 28 33
191 28 34
191 28 35
191 28 36
191 28 37
191 28 38
189 28 39
191 28 40
190 28 41
191 28 42
191 28 43
191 28 44
191 28 45
191 28 46
191 28 47
190 28 48
191 28 49
191 28 50
186 28 51
191 28 52
188 28 53
191 28 54
178 28 55
191 28 56
189 28 57
186 28 58
191 28 59
191 28 60
191 28 61
191 28 62
191 28 63
191 28 64
189 28 65
186 28 66
191 28 67
186 28 68
191 28 69
191 28 70
191 28 71
191 28 72
191 28 73
187 28 74
185 28 75
191 28 76
180 28 77
191 28 78
191 28 79
188 28 80
184 28 81
190 28 82
191 28 83
182 28 84
191 28 85
191 28 86
185 28 87
190 28 88
191 28 89
191 28 90
191 28 91
191 28 92
191 28 93
191 28 94
191 28 95
190 28 96
191 28 97
191 28 98
191 28 99
191 28 100
185 29 1
181 29 2
193 29 3
187 29 4
190 29 5
193 29 6
193 29 7
190 29 8
183 29 9
179 29 10
193 29 11
193 29 12
193 29 13
192 29 14
188 29 15
191 29 16
193 29 17
193 29 18
190 29 19
193 29 20
193 29 21
193 29 22
193 29 23
192 29 24
187 29 25
193 29 26
193 29 27
193 29 28
188 29 29
191 29 30
193 29 31
187 29 32
193 29 33
193 29 34
193 29 35
193 29 36
193 29 37
193 29 38
189 29 39
193 29 40
190 29 41
193 29 42
192 29 43
193 29 44
193 29 45
193 29 46
192 29 47
190 29 48
193 29 49
193 29 50
186 29 51
193 29 52
188 29 53
193 29 54
178 29 55
193 29 56
189 29 57
186 29 58
191 29 59
193 29 60
193 29 61
193 29 62
193 29 63
193 29 64
189 29 65
186 29 66
193 29 67
186 29 68
193 29 69
192 29 70
193 29 71
192 29 72
193 29 73
187 29 74
185 29 75
192 29 76
180 29 77
192 29 78
193 29 79
188 29 80
184 29 81
190 29 82
193 29 83
182 29 84
192 29 85
191 29 86
185 29 87
190 29 88
193 29 89
193 29 90
193 29 91
193 29 92
193 29 93
193 29 94
193 29 95
190 29 96
191 29 97
192 29 98
191 29 99
193 29 100
185 30 1
181 30 2
199 30 3
187 30 4
190 30 5
195 30 6
195 30 7
190 30 8
183 30 9
179 30 10
197 30 11
196 30 12
199 30 13
192 30 14
188 30 15
191 30 16
196 30 17
199 30 18
190 30 19
197 30 20
193 30 21
199 30 22
199 30 23
192 30 24
187 30 25
193 30 26
199 30 27
194 30 28
188 30 29
191 30 30
194 30 31
187 30 32
196 30 33
199 30 34
199 30 35
194 30 36
198 30 37
193 30 38
189 30 39
196 30 40
190 30 41
195 30 42
192 30 43
199 30 44
199 30 45
194 30 46
192 30 47
190 30 48
194 30 49
194 30 50
186 30 51
196 30 52
188 30 53
199 30 54
178 30 55
194 30 56
189 30 57
186 30 58
191 30 59
196 30 60
196 30 61
198 30 62
199 30 63
198 30 64
189 30 65
186 30 66
193 30 67
186 30 68
195 30 69
192 30 70
193 30 71
192 30 72
199 30 73
187 30 74
185 30 75
192 30 76
180 30 77
192 30 78
195 30 79
188 30 80
184 30 81
190 30 82
193 30 83
182 30 84
192 30 85
191 30 86
185 30 87
190 30 88
199 30 89
196 30 90
197 30 91
194 30 92
195 30 93
194 30 94
198 30 95
190 30 96
191 30 97
192 30 98
191 30 99
197 30 100
185 31 1
181 31 2
196 31 3
187 31 4
190 31 5
195 31 6
195 31 7
190 31 8
183 31 9
179 31 10
196 31 11
196 31 12
196 31 13
192 31 14
188 31 15
191 31 16
196 31 17
196 31 18
190 31 19
196 31 20
193 31 21
196 31 22
196 31 23
192 31 24
187 31 25
193 31 26
196 31 27
194 31 28
188 31 29
191 31 30
194 31 31
187 31 32
196 31 33
196 31 34
196 31 35
194 31 36
196 31 37
193 31 38
189 31 39
196 31 40
190 31 41
195 31 42
192 31 43
196 31 44
196 31 45
194 31 46
192 31 47
190 31 48
194 31 49
194 31 50
186 31 51
196 31 52
188 31 53
196 31 54
178 31 55
194 31 56
189 31 57
186 31 58
191 31 59
196 31 60
196 31 61
196 31 62
196 31 63
196 31 64
189 31 65
186 31 66
193 31 67
186 31 68
195 31 69
192 31 70
193 31 71
192 31 72
196 31 73
187 31 74
185 31 75
192 31 76
180 31 77
192 31 78
195 31 79
188 31 80
184 31 81
190 31 82
193 31 83
182 31 84
192 31 85
191 31 86
185 31 87
190 31 88
196 31 89
196 31 90
196 31 91
194 31 92
195 31 93
194 31 94
196 31 95
190 31 96
191 31 97
192 31 98
191 31 99
196 31 100
185 32 1
181 32 2
191 32 3
187 32 4
190 32 5
191 32 6
191 32 7
190 32 8
183 32 9
179 32 10
191 32 11
191 32 12
191 32 13
191 32 14
188 32 15
191 32 16
191 32 17
191 32 18
190 32 19
191 32 20
191 32 21
191 32 22
191 32 23
191 32 24
187 32 25
191 32 26
191 32 27
191 32 28
188 32 29
191 32 30
191 32 31
187 32 32
191 32 33
191 32 34
191 32 35
191 32 36
191 32 37
191 32 38
189 32 39
191 32 40
190 32 41
191 32 42
191 32 43
191 32 44
191 32 45
191 32 46
191 32 47
190 32 48
191 32 49
191 32 50
186 32 51
191 32 52
188 32 53
191 32 54
178 32 55
191 32 56
189 32 57
186 32 58
191 32 59
191 32 60
191 32 61
191 32 62
191 32 63
191 32 64
189 32 65
186 32 66
191 32 67
186 32 68
191 32 69
191 32 70
191 32 71
191 32 72
191 32 73
187 32 74
185 32 75
191 32 76
180 32 77
191 32 78
191 32 79
188 32 80
184 32 81
190 32 82
191 32 83
182 32 84
191 32 85
191 32 86
185 32 87
190 32 88
191 32 89
191 32 90
191 32 91
191 32 92
191 32 93
191 32 94
191 32 95
190 32 96
191 32 97
191 32 98
191 32 99
191 32 100
185 33 1
181 33 2
200 33 3
187 33 4
190 33 5
195 33 6
195 33 7
190 33 8
183 33 9
179 33 10
197 33 11
196 33 12
200 33 13
192 33 14
188 33 15
191 33 16
196 33 17
200 33 18
190 33 19
197 33 20
193 33 21
200 33 22
200 33 23
192 33 24
187 33 25
193 33 26
199 33 27
194 33 28
188 33 29
191 33 30
194 33 31
187 33 32
196 33 33
200 33 34
200 33 35
194 33 36
198 33 37
193 33 38
189 33 39
196 33 40
190 33 41
195 33 42
192 33 43
200 33 44
199 33 45
194 33 46
192 33 47
190 33 48
194 33 49
194 33 50
186 33 51
196 33 52
188 33 53
199 33 54
178 33 55
194 33 56
189 33 57
186 33 58
191 33 59
196 33 60
196 33 61
198 33 62
200 33 63
198 33 64
189 33 65
186 33 66
193 33 67
186 33 68
195 33 69
192 33 70
193 33 71
192 33 72
200 33 73
187 33 74
185 33 75
192 33 76
180 33 77
192 33 78
195 33 79
188 33 80
184 33 81
190 33 82
193 33 83
182 33 84
192 33 85
191 33 86
185 33 87
190 33 88
200 33 89
196 33 90
197 33 91
194 33 92
195 33 93
194 33 94
198 33 95
190 33 96
191 33 97
192 33 98
191 33 99
197 33 100
185 34 1
181 34 2
201 34 3
187 34 4
190 34 5
195 34 6
195 34 7
190 34 8
183 34 9
179 34 10
197 34 11
196 34 12
201 34 13
192 34 14
188 34 15
191 34 16
196 34 17
202 34 18
190 34 19
197 34 20
193 34 21
200 34 22
203 34 23
192 34 24
187 34 25
193 34 26
199 34 27
194 34 28
188 34 29
191 34 30
194 34 31
187 34 32
196 34 33
201 34 34
201 34 35
194 34 36
198 34 37
193 34 38
189 34 39
196 34 40
190 34 41
195 34 42
192 34 43
201 34 44
199 34 45
194 34 46
192 34 47
190 34 48
194 34 49
194 34 50
186 34 51
196 34 52
188 34 53
199 34 54
178 34 55
194 34 56
189 34 57
186 34 58
191 34 59
196 34 60
196 34 61
198 34 62
200 34 63
198 34 64
189 34 65
186 34 66
193 34 67
186 34 68
195 34 69
192 34 70
193 34 71
192 34 72
200 34 73
187 34 74
185 34 75
192 34 76
180 34 77
192 34 78
195 34 79
188 34 80
184 34 81
190 34 82
193 34 83
182 34 84
192 34 85
191 34 86
185 34 87
190 34 88
202 34 89
196 34 90
197 34 91
194 34 92
195 34 93
194 34 94
198 34 95
190 34 96
191 34 97
192 34 98
191 34 99
197 34 100
185 35 1
181 35 2
200 35 3
187 35 4
190 35 5
195 35 6
195 35 7
190 35 8
183 35 9
179 35 10
197 35 11
196 35 12
200 35 13
192 35 14
188 35 15
191 35 16
196 35 17
200 35 18
190 35 19
197 35 20
193 35 21
200 35 22
200 35 23
192 35 24
187 35 25
193 35 26
199 35 27
194 35 28
188 35 29
191 35 30
194 35 31
187 35 32
196 35 33
200 35 34
200 35 35
194 35 36
198 35 37
193 35 38
189 35 39
196 35 40
190 35 41
195 35 42
192 35 43
200 35 44
199 35 45
194 35 46
192 35 47
190 35 48
194 35 49
194 35 50
186 35 51
196 35 52
188 35 53
199 35 54
178 35 55
194 35 56
189 35 57
186 35 58
191 35 59
196 35 60
196 35 61
198 35 62
200 35 63
198 35 64
189 35 65
186 35 66
193 35 67
186 35 68
195 35 69
192 35 70
193 35 71
192 35 72
200 35 73
187 35 74
185 35 75
192 35 76
180 35 77
192 35 78
195 35 79
188 35 80
184 35 81
190 35 82
193 35 83
182 35 84
192 35 85
191 35 86
185 35 87
190 35 88
200 35 89
196 35 90
197 35 91
194 35 92
195 35 93
194 35 94
198 35 95
190 35 96
191 35 97
192 35 98
191 35 99
197 35 100
185 36 1
181 36 2
196 36 3
187 36 4
190 36 5
195 36 6
195 36 7
190 36 8
183 36 9
179 36 10
196 36 11
196 36 12
196 36 13
192 36 14
188 36 15
191 36 16
196 36 17
196 36 18
190 36 19
196 36 20
193 36 21
196 36 22
196 36 23
192 36 24
187 36 25
193 36 26
196 36 27
194 36 28
188 36 29
191 36 30
194 36 31
187 36 32
196 36 33
196 36 34
196 36 35
194 36 36
196 36 37
193 36 38
189 36 39
196 36 40
190 36 41
195 36 42
192 36 43
196 36 44
196 36 45
194 36 46
192 36 47
190 36 48
194 36 49
194 36 50
186 36 51
196 36 52
188 36 53
196 36 54
178 36 55
194 36 56
189 36 57
186 36 58
191 36 59
196 36 60
196 36 61
196 36 62
196 36 63
196 36 64
189 36 65
186 36 66
193 36 67
186 36 68
195 36 69
192 36 70
193 36 71
192 36 72
196 36 73
187 36 74
185 36 75
192 36 76
180 36 77
192 36 78
195 36 79
188 36 80
184 36 81
190 36 82
193 36 83
182 36 84
192 36 85
191 36 86
185 36 87
190 36 88
196 36 89
196 36 90
196 36 91
194 36 92
195 36 93
194 36 94
196 36 95
190 36 96
191 36 97
192 36 98
191 36 99
196 36 100
185 37 1
181 37 2
199 37 3
187 37 4
190 37 5
195 37 6
195 37 7
190 37 8
183 37 9
179 37 10
197 37 11
196 37 12
199 37 13
192 37 14
188 37 15
191 37 16
196 37 17
199 37 18
190 37 19
197 37 20
193 37 21
199 37 22
199 37 23
192 37 24
187 37 25
193 37 26
199 37 27
194 37 28
188 37 29
191 37 30
194 37 31
187 37 32
196 37 33
199 37 34
199 37 35
194 37 36
198 37 37
193 37 38
189 37 39
196 37 40
190 37 41
195 37 42
192 37 43
199 37 44
199 37 45
194 37 46
192 37 47
190 37 48
194 37 49
194 37 50
186 37 51
196 37 52
188 37 53
199 37 54
178 37 55
194 37 56
189 37 57
186 37 58
191 37 59
196 37 60
196 37 61
198 37 62
199 37 63
198 37 64
189 37 65
186 37 66
193 37 67
186 37 68
195 37 69
192 37 70
193 37 71
192 37 72
199 37 73
187 37 74
185 37 75
192 37 76
180 37 77
192 37 78
195 37 79
188 37 80
184 37 81
190 37 82
193 37 83
182 37 84
192 37 85
191 37 86
185 37 87
190 37 88
199 37 89
196 37 90
197 37 91
194 37 92
195 37 93
194 37 94
198 37 95
190 37 96
191 37 97
192 37 98
191 37 99
197 37 100
185 38 1
181 38 2
196 38 3
187 38 4
190 38 5
195 38 6
195 38 7
190 38 8
183 38 9
179 38 10
196 38 11
196 38 12
196 38 13
192 38 14
188 38 15
191 38 16
196 38 17
196 38 18
190 38 19
196 38 20
193 38 21
196 38 22
196 38 23
192 38 24
187 38 25
193 38 26
196 38 27
194 38 28
188 38 29
191 38 30
194 38 31
187 38 32
196 38 33
196 38 34
196 38 35
194 38 36
196 38 37
193 38 38
189 38 39
196 38 40
190 38 41
195 38 42
192 38 43
196 38 44
196 38 45
194 38 46
192 38 47
190 38 48
194 38 49
194 38 50
186 38 51
196 38 52
188 38 53
196 38 54
178 38 55
194 38 56
189 38 57
186 38 58
191 38 59
196 38 60
196 38 61
196 38 62
196 38 63
196 38 64
189 38 65
186 38 66
193 38 67
186 38 68
195 38 69
192 38 70
193 38 71
192 38 72
196 38 73
187 38 74
185 38 75
192 38 76
180 38 77
192 38 78
195 38 79
188 38 80
184 38 81
190 38 82
193 38 83
182 38 84
192 38 85
191 38 86
185 38 87
190 38 88
196 38 89
196 38 90
196 38 91
194 38 92
195 38 93
194 38 94
196 38 95
190 38 96
191 38 97
192 38 98
191 38 99
196 38 100
185 39 1
181 39 2
189 39 3
187 39 4
189 39 5
189 39 6
189 39 7
189 39 8
183 39 9
179 39 10
189 39 11
189 39 12
189 39 13
189 39 14
188 39 15
189 39 16
189 39 17
189 39 18
189 39 19
189 39 20
189 39 21
189 39 22
189 39 23
189 39 24
187 39 25
189 39 26
189 39 27
189 39 28
188 39 29
189 39 30
189 39 31
187 39 32
189 39 33
189 39 34
189 39 35
189 39 36
189 39 37
189 39 38
189 39 39
189 39 40
189 39 41
189 39 42
189 39 43
189 39 44
189 39 45
189 39 46
189 39 47
189 39 48
189 39 49
189 39 50
186 39 51
189 39 52
188 39 53
189 39 54
178 39 55
189 39 56
189 39 57
186 39 58
189 39 59
189 39 60
189 39 61
189 39 62
189 39 63
189 39 64
189 39 65
186 39 66
189 39 67
186 39 68
189 39 69
189 39 70
189 39 71
189 39 72
189 39 73
187 39 74
185 39 75
189 39 76
180 39 77
189 39 78
189 39 79
188 39 80
184 39 81
189 39 82
189 39 83
182 39 84
189 39 85
189 39 86
185 39 87
189 39 88
189 39 89
189 39 90
189 39 91
189 39 92
189 39 93
189 39 94
189 39 95
189 39 96
189 39 97
189 39 98
189 39 99
189 39 100
185 40 1
181 40 2
200 40 3
187 40 4
190 40 5
195 40 6
195 40 7
190 40 8
183 40 9
179 40 10
197 40 11
196 40 12
200 40 13
192 40 14
188 40 15
191 40 16
196 40 17
200 40 18
190 40 19
197 40 20
193 40 21
200 40 22
200 40 23
192 40 24
187 40 25
193 40 26
199 40 27
194 40 28
188 40 29
191 40 30
194 40 31
187 40 32
196 40 33
200 40 34
200 40 35
194 40 36
198 40 37
193 40 38
189 40 39
196 40 40
190 40 41
195 40 42
192 40 43
200 40 44
199 40 45
194 40 46
192 40 47
190 40 48
194 40 49
194 40 50
186 40 51
196 40 52
188 40 53
199 40 54
178 40 55
194 40 56
189 40 57
186 40 58
191 40 59
196 40 60
196 40 61
198 40 62
200 40 63
198 40 64
189 40 65
186 40 66
193 40 67
186 40 68
195 40 69
192 40 70
193 40 71
192 40 72
200 40 73
187 40 74
185 40 75
192 40 76
180 40 77
192 40 78
195 40 79
188 40 80
184 40 81
190 40 82
193 40 83
182 40 84
192 40 85
191 40 86
185 40 87
190 40 88
200 40 89
196 40 90
197 40 91
194 40 92
195 40 93
194 40 94
198 40 95
190 40 96
191 40 97
192 40 98
191 40 99
197 40 100
185 41 1
181 41 2
190 41 3
187 41 4
190 41 5
190 41 6
190 41 7
190 41 8
183 41 9
179 41 10
190 41 11
190 41 12
190 41 13
190 41 14
188 41 15
190 41 16
190 41 17
190 41 18
190 41 19
190 41 20
190 41 21
190 41 22
190 41 23
190 41 24
187 41 25
190 41 26
190 41 27
190 41 28
188 41 29
190 41 30
190 41 31
187 41 32
190 41 33
190 41 34
190 41 35
190 41 36
190 41 37
190 41 38
189 41 39
190 41 40
190 41 41
190 41 42
190 41 43
190 41 44
190 41 45
190 41 46
190 41 47
190 41 48
190 41 49
190 41 50
186 41 51
190 41 52
188 41 53
190 41 54
178 41 55
190 41 56
189 41 57
186 41 58
190 41 59
190 41 60
190 41 61
190 41 62
190 41 63
190 41 64
189 41 65
186 41 66
190 41 67
186 41 68
190 41 69
190 41 70
190 41 71
190 41 72
190 41 73
187 41 74
185 41 75
190 41 76
180 41 77
190 41 78
190 41 79
188 41 80
184 41 81
190 41 82
190 41 83
182 41 84
190 41 85
190 41 86
185 41 87
190 41 88
190 41 89
190 41 90
190 41 91
190 41 92
190 41 93
190 41 94
190 41 95
190 41 96
190 41 97
190 41 98
190 41 99
190 41 100
185 42 1
181 42 2
196 42 3
187 42 4
190 42 5
195 42 6
195 42 7
190 42 8
183 42 9
179 42 10
196 42 11
196 42 12
196 42 13
192 42 14
188 42 15
191 42 16
196 42 17
196 42 18
190 42 19
196 42 20
193 42 21
196 42 22
196 42 23
192 42 24
187 42 25
193 42 26
196 42 27
194 42 28
188 42 29
191 42 30
194 42 31
187 42 32
196 42 33
196 42 34
196 42 35
194 42 36
196 42 37
193 42 38
189 42 39
196 42 40
190 42 41
195 42 42
192 42 43
196 42 44
196 42 45
194 42 46
192 42 47
190 42 48
194 42 49
194 42 50
186 42 51
196 42 52
188 42 53
196 42 54
178 42 55
194 42 56
189 42 57
186 42 58
191 42 59
196 42 60
196 42 61
196 42 62
196 42 63
196 42 64
189 42 65
186 42 66
193 42 67
186 42 68
195 42 69
192 42 70
193 42 71
192 42 72
196 42 73
187 42 74
185 42 75
192 42 76
180 42 77
192 42 78
195 42 79
188 42 80
184 42 81
190 42 82
193 42 83
182 42 84
192 42 85
191 42 86
185 42 87
190 42 88
196 42 89
196 42 90
196 42 91
194 42 92
195 42 93
194 42 94
196 42 95
190 42 96
191 42 97
192 42 98
191 42 99
196 42 100
185 43 1
181 43 2
190 43 3
187 43 4
190 43 5
190 43 6
190 43 7
190 43 8
183 43 9
179 43 10
190 43 11
190 43 12
190 43 13
190 43 14
188 43 15
190 43 16
190 43 17
190 43 18
190 43 19
190 43 20
190 43 21
190 43 22
190 43 23
190 43 24
187 43 25
190 43 26
190 43 27
190 43 28
188 43 29
190 43 30
190 43 31
187 43 32
190 43 33
190 43 34
190 43 35
190 43 36
190 43 37
190 43 38
189 43 39
190 43 40
190 43 41
190 43 42
190 43 43
190 43 44
190 43 45
190 43 46
190 43 47
190 43 48
190 43 49
190 43 50
186 43 51
190 43 52
188 43 53
190 43 54
178 43 55
190 43 56
189 43 57
186 43 58
190 43 59
190 43 60
190 43 61
190 43 62
190 43 63
190 43 64
189 43 65
186 43 66
190 43 67
186 43 68
190 43 69
190 43 70
190 43 71
190 43 72
190 43 73
187 43 74
185 43 75
190 43 76
180 43 77
190 43 78
190 43 79
188 43 80
184 43 81
190 43 82
190 43 83
182 43 84
190 43 85
190 43 86
185 43 87
190 43 88
190 43 89
190 43 90
190 43 91
190 43 92
190 43 93
190 43 94
190 43 95
190 43 96
190 43 97
190 43 98
190 43 99
190 43 100
185 44 1
181 44 2
201 44 3
187 44 4
190 44 5
195 44 6
195 44 7
190 44 8
183 44 9
179 44 10
197 44 11
196 44 12
201 44 13
192 44 14
188 44 15
191 44 16
196 44 17
202 44 18
190 44 19
197 44 20
193 44 21
200 44 22
203 44 23
192 44 24
187 44 25
193 44 26
199 44 27
194 44 28
188 44 29
191 44 30
194 44 31
187 44 32
196 44 33
201 44 34
201 44 35
194 44 36
198 44 37
193 44 38
189 44 39
196 44 40
190 44 41
195 44 42
192 44 43
201 44 44
199 44 45
194 44 46
192 44 47
190 44 48
194 44 49
194 44 50
186 44 51
196 44 52
188 44 53
199 44 54
178 44 55
194 44 56
189 44 57
186 44 58
191 44 59
196 44 60
196 44 61
198 44 62
200 44 63
198 44 64
189 44 65
186 44 66
193 44 67
186 44 68
195 44 69
192 44 70
193 44 71
192 44 72
200 44 73
187 44 74
185 44 75
192 44 76
180 44 77
192 44 78
195 44 79
188 44 80
184 44 81
190 44 82
193 44 83
182 44 84
192 44 85
191 44 86
185 44 87
190 44 88
202 44 89
196 44 90
197 44 91
194 44 92
195 44 93
194 44 94
198 44 95
190 44 96
191 44 97
192 44 98
191 44 99
197 44 100
185 45 1
181 45 2
201 45 3
187 45 4
190 45 5
195 45 6
195 45 7
190 45 8
183 45 9
179 45 10
197 45 11
196 45 12
201 45 13
192 45 14
188 45 15
191 45 16
196 45 17
202 45 18
190 45 19
197 45 20
193 45 21
200 45 22
202 45 23
192 45 24
187 45 25
193 45 26
199 45 27
194 45 28
188 45 29
191 45 30
194 45 31
187 45 32
196 45 33
201 45 34
201 45 35
194 45 36
198 45 37
193 45 38
189 45 39
196 45 40
190 45 41
195 45 42
192 45 43
201 45 44
199 45 45
194 45 46
192 45 47
190 45 48
194 45 49
194 45 50
186 45 51
196 45 52
188 45 53
199 45 54
178 45 55
194 45 56
189 45 57
186 45 58
191 45 59
196 45 60
196 45 61
198 45 62
200 45 63
198 45 64
189 45 65
186 45 66
193 45 67
186 45 68
195 45 69
192 45 70
193 45 71
192 45 72
200 45 73
187 45 74
185 45 75
192 45 76
180 45 77
192 45 78
195 45 79
188 45 80
184 45 81
190 45 82
193 45 83
182 45 84
192 45 85
191 45 86
185 45 87
190 45 88
202 45 89
196 45 90
197 45 91
194 45 92
195 45 93
194 45 94
198 45 95
190 45 96
191 45 97
192 45 98
191 45 99
197 45 100
185 46 1
181 46 2
197 46 3
187 46 4
190 46 5
195 46 6
195 46 7
190 46 8
183 46 9
179 46 10
197 46 11
196 46 12
197 46 13
192 46 14
188 46 15
191 46 16
196 46 17
197 46 18
190 46 19
197 46 20
193 46 21
197 46 22
197 46 23
192 46 24
187 46 25
193 46 26
197 46 27
194 46 28
188 46 29
191 46 30
194 46 31
187 46 32
196 46 33
197 46 34
197 46 35
194 46 36
197 46 37
193 46 38
189 46 39
196 46 40
190 46 41
195 46 42
192 46 43
197 46 44
197 46 45
194 46 46
192 46 47
190 46 48
194 46 49
194 46 50
186 46 51
196 46 52
188 46 53
197 46 54
178 46 55
194 46 56
189 46 57
186 46 58
191 46 59
196 46 60
196 46 61
197 46 62
197 46 63
197 46 64
189 46 65
186 46 66
193 46 67
186 46 68
195 46 69
192 46 70
193 46 71
192 46 72
197 46 73
187 46 74
185 46 75
192 46 76
180 46 77
192 46 78
195 46 79
188 46 80
184 46 81
190 46 82
193 46 83
182 46 84
192 46 85
191 46 86
185 46 87
190 46 88
197 46 89
196 46 90
197 46 91
194 46 92
195 46 93
194 46 94
197 46 95
190 46 96
191 46 97
192 46 98
191 46 99
197 46 100
185 47 1
181 47 2
194 47 3
187 47 4
190 47 5
194 47 6
194 47 7
190 47 8
183 47 9
179 47 10
194 47 11
194 47 12
194 47 13
192 47 14
188 47 15
191 47 16
194 47 17
194 47 18
190 47 19
194 47 20
193 47 21
194 47 22
194 47 23
192 47 24
187 47 25
193 47 26
194 47 27
194 47 28
188 47 29
191 47 30
194 47 31
187 47 32
194 47 33
194 47 34
194 47 35
194 47 36
194 47 37
193 47 38
189 47 39
194 47 40
190 47 41
194 47 42
192 47 43
194 47 44
194 47 45
194 47 46
192 47 47
190 47 48
194 47 49
194 47 50
186 47 51
194 47 52
188 47 53
194 47 54
178 47 55
194 47 56
189 47 57
186 47 58
191 47 59
194 47 60
194 47 61
194 47 62
194 47 63
194 47 64
189 47 65
186 47 66
193 47 67
186 47 68
194 47 69
192 47 70
193 47 71
192 47 72
194 47 73
187 47 74
185 47 75
192 47 76
180 47 77
192 47 78
194 47 79
188 47 80
184 47 81
190 47 82
193 47 83
182 47 84
192 47 85
191 47 86
185 47 87
190 47 88
194 47 89
194 47 90
194 47 91
194 47 92
194 47 93
194 47 94
194 47 95
190 47 96
191 47 97
192 47 98
191 47 99
194 47 100
185 48 1
181 48 2
200 48 3
187 48 4
190 48 5
195 48 6
195 48 7
190 48 8
183 48 9
179 48 10
197 48 11
196 48 12
200 48 13
192 48 14
188 48 15
191 48 16
196 48 17
200 48 18
190 48 19
197 48 20
193 48 21
200 48 22
200 48 23
192 48 24
187 48 25
193 48 26
199 48 27
194 48 28
188 48 29
191 48 30
194 48 31
187 48 32
196 48 33
200 48 34
200 48 35
194 48 36
198 48 37
193 48 38
189 48 39
196 48 40
190 48 41
195 48 42
192 48 43
200 48 44
199 48 45
194 48 46
192 48 47
190 48 48
194 48 49
194 48 50
186 48 51
196 48 52
188 48 53
199 48 54
178 48 55
194 48 56
189 48 57
186 48 58
191 48 59
196 48 60
196 48 61
198 48 62
200 48 63
198 48 64
189 48 65
186 48 66
193 48 67
186 48 68
195 48 69
192 48 70
193 48 71
192 48 72
200 48 73
187 48 74
185 48 75
192 48 76
180 48 77
192 48 78
195 48 79
188 48 80
184 48 81
190 48 82
193 48 83
182 48 84
192 48 85
191 48 86
185 48 87
190 48 88
200 48 89
196 48 90
197 48 91
194 48 92
195 48 93
194 48 94
198 48 95
190 48 96
191 48 97
192 48 98
191 48 99
197 48 100
185 49 1
181 49 2
200 49 3
187 49 4
190 49 5
195 49 6
195 49 7
190 49 8
183 49 9
179 49 10
197 49 11
196 49 12
200 49 13
192 49 14
188 49 15
191 49 16
196 49 17
200 49 18
190 49 19
197 49 20
193 49 21
200 49 22
200 49 23
192 49 24
187 49 25
193 49 26
199 49 27
194 49 28
188 49 29
191 49 30
194 49 31
187 49 32
196 49 33
200 49 34
200 49 35
194 49 36
198 49 37
193 49 38
189 49 39
196 49 40
190 49 41
195 49 42
192 49 43
200 49 44
199 49 45
194 49 46
192 49 47
190 49 48
194 49 49
194 49 50
186 49 51
196 49 52
188 49 53
199 49 54
178 49 55
194 49 56
189 49 57
186 49 58
191 49 59
196 49 60
196 49 61
198 49 62
200 49 63
198 49 64
189 49 65
186 49 66
193 49 67
186 49 68
195 49 69
192 49 70
193 49 71
192 49 72
200 49 73
187 49 74
185 49 75
192 49 76
180 49 77
192 49 78
195 49 79
188 49 80
184 49 81
190 49 82
193 49 83
182 49 84
192 49 85
191 49 86
185 49 87
190 49 88
200 49 89
196 49 90
197 49 91
194 49 92
195 49 93
194 49 94
198 49 95
190 49 96
191 49 97
192 49 98
191 49 99
197 49 100
185 50 1
181 50 2
200 50 3
187 50 4
190 50 5
195 50 6
195 50 7
190 50 8
183 50 9
179 50 10
197 50 11
196 50 12
200 50 13
192 50 14
188 50 15
191 50 16
196 50 17
200 50 18
190 50 19
197 50 20
193 50 21
200 50 22
200 50 23
192 50 24
187 50 25
193 50 26
199 50 27
194 50 28
188 50 29
191 50 30
194 50 31
187 50 32
196 50 33
200 50 34
200 50 35
194 50 36
198 50 37
193 50 38
189 50 39
196 50 40
190 50 41
195 50 42
192 50 43
200 50 44
199 50 45
194 50 46
192 50 47
190 50 48
194 50 49
194 50 50
186 50 51
196 50 52
188 50 53
199 50 54
178 50 55
194 50 56
189 50 57
186 50 58
191 50 59
196 50 60
196 50 61
198 50 62
200 50 63
198 50 64
189 50 65
186 50 66
193 50 67
186 50 68
195 50 69
192 50 70
193 50 71
192 50 72
200 50 73
187 50 74
185 50 75
192 50 76
180 50 77
192 50 78
195 50 79
188 50 80
184 50 81
190 50 82
193 50 83
182 50 84
192 50 85
191 50 86
185 50 87
190 50 88
200 50 89
196 50 90
197 50 91
194 50 92
195 50 93
194 50 94
198 50 95
190 50 96
191 50 97
192 50 98
191 50 99
197 50 100
185 51 1
181 51 2
193 51 3
187 51 4
190 51 5
193 51 6
193 51 7
190 51 8
183 51 9
179 51 10
193 51 11
193 51 12
193 51 13
192 51 14
188 51 15
191 51 16
193 51 17
193 51 18
190 51 19
193 51 20
193 51 21
193 51 22
193 51 23
192 51 24
187 51 25
193 51 26
193 51 27
193 51 28
188 51 29
191 51 30
193 51 31
187 51 32
193 51 33
193 51 34
193 51 35
193 51 36
193 51 37
193 51 38
189 51 39
193 51 40
190 51 41
193 51 42
192 51 43
193 51 44
193 51 45
193 51 46
192 51 47
190 51 48
193 51 49
193 51 50
186 51 51
193 51 52
188 51 53
193 51 54
178 51 55
193 51 56
189 51 57
186 51 58
191 51 59
193 51 60
193 51 61
193 51 62
193 51 63
193 51 64
189 51 65
186 51 66
193 51 67
186 51 68
193 51 69
192 51 70
193 51 71
192 51 72
193 51 73
187 51 74
185 51 75
192 51 76
180 51 77
192 51 78
193 51 79
188 51 80
184 51 81
190 51 82
193 51 83
182 51 84
192 51 85
191 51 86
185 51 87
190 51 88
193 51 89
193 51 90
193 51 91
193 51 92
193 51 93
193 51 94
193 51 95
190 51 96
191 51 97
192 51 98
191 51 99
193 51 100
185 52 1
181 52 2
199 52 3
187 52 4
190 52 5
195 52 6
195 52 7
190 52 8
183 52 9
179 52 10
197 52 11
196 52 12
199 52 13
192 52 14
188 52 15
191 52 16
196 52 17
199 52 18
190 52 19
197 52 20
193 52 21
199 52 22
199 52 23
192 52 24
187 52 25
193 52 26
199 52 27
194 52 28
188 52 29
191 52 30
194 52 31
187 52 32
196 52 33
199 52 34
199 52 35
194 52 36
198 52 37
193 52 38
189 52 39
196 52 40
190 52 41
195 52 42
192 52 43
199 52 44
199 52 45
194 52 46
192 52 47
190 52 48
194 52 49
194 52 50
186 52 51
196 52 52
188 52 53
199 52 54
178 52 55
194 52 56
189 52 57
186 52 58
191 52 59
196 52 60
196 52 61
198 52 62
199 52 63
198 52 64
189 52 65
186 52 66
193 52 67
186 52 68
195 52 69
192 52 70
193 52 71
192 52 72
199 52 73
187 52 74
185 52 75
192 52 76
180 52 77
192 52 78
195 52 79
188 52 80
184 52 81
190 52 82
193 52 83
182 52 84
192 52 85
191 52 86
185 52 87
190 52 88
199 52 89
196 52 90
197 52 91
194 52 92
195 52 93
194 52 94
198 52 95
190 52 96
191 52 97
192 52 98
191 52 99
197 52 100
185 53 1
181 53 2
194 53 3
187 53 4
190 53 5
194 53 6
194 53 7
190 53 8
183 53 9
179 53 10
194 53 11
194 53 12
194 53 13
192 53 14
188 53 15
191 53 16
194 53 17
194 53 18
190 53 19
194 53 20
193 53 21
194 53 22
194 53 23
192 53 24
187 53 25
193 53 26
194 53 27
194 53 28
188 53 29
191 53 30
194 53 31
187 53 32
194 53 33
194 53 34
194 53 35
194 53 36
194 53 37
193 53 38
189 53 39
194 53 40
190 53 41
194 53 42
192 53 43
194 53 44
194 53 45
194 53 46
192 53 47
190 53 48
194 53 49
194 53 50
186 53 51
194 53 52
188 53 53
194 53 54
178 53 55
194 53 56
189 53 57
186 53 58
191 53 59
194 53 60
194 53 61
194 53 62
194 53 63
194 53 64
189 53 65
186 53 66
193 53 67
186 53 68
194 53 69
192 53 70
193 53 71
192 53 72
194 53 73
187 53 74
185 53 75
192 53 76
180 53 77
192 53 78
194 53 79
188 53 80
184 53 81
190 53 82
193 53 83
182 53 84
192 53 85
191 53 86
185 53 87
190 53 88
194 53 89
194 53 90
194 53 91
194 53 92
194 53 93
194 53 94
194 53 95
190 53 96
191 53 97
192 53 98
191 53 99
194 53 100
185 54 1
181 54 2
201 54 3
187 54 4
190 54 5
195 54 6
195 54 7
190 54 8
183 54 9
179 54 10
197 54 11
196 54 12
201 54 13
192 54 14
188 54 15
191 54 16
196 54 17
202 54 18
190 54 19
197 54 20
193 54 21
200 54 22
203 54 23
192 54 24
187 54 25
193 54 26
199 54 27
194 54 28
188 54 29
191 54 30
194 54 31
187 54 32
196 54 33
201 54 34
201 54 35
194 54 36
198 54 37
193 54 38
189 54 39
196 54 40
190 54 41
195 54 42
192 54 43
201 54 44
199 54 45
194 54 46
192 54 47
190 54 48
194 54 49
194 54 50
186 54 51
196 54 52
188 54 53
199 54 54
178 54 55
194 54 56
189 54 57
186 54 58
191 54 59
196 54 60
196 54 61
198 54 62
200 54 63
198 54 64
189 54 65
186 54 66
193 54 67
186 54 68
195 54 69
192 54 70
193 54 71
192 54 72
200 54 73
187 54 74
185 54 75
192 54 76
180 54 77
192 54 78
195 54 79
188 54 80
184 54 81
190 54 82
193 54 83
182 54 84
192 54 85
191 54 86
185 54 87
190 54 88
202 54 89
196 54 90
197 54 91
194 54 92
195 54 93
194 54 94
198 54 95
190 54 96
191 54 97
192 54 98
191 54 99
197 54 100
185 55 1
181 55 2
186 55 3
186 55 4
186 55 5
186 55 6
186 55 7
186 55 8
183 55 9
179 55 10
186 55 11
186 55 12
186 55 13
186 55 14
186 55 15
186 55 16
186 55 17
186 55 18
186 55 19
186 55 20
186 55 21
186 55 22
186 55 23
186 55 24
186 55 25
186 55 26
186 55 27
186 55 28
186 55 29
186 55 30
186 55 31
186 55 32
186 55 33
186 55 34
186 55 35
186 55 36
186 55 37
186 55 38
186 55 39
186 55 40
186 55 41
186 55 42
186 55 43
186 55 44
186 55 45
186 55 46
186 55 47
186 55 48
186 55 49
186 55 50
186 55 51
186 55 52
186 55 53
186 55 54
178 55 55
186 55 56
186 55 57
186 55 58
186 55 59
186 55 60
186 55 61
186 55 62
186 55 63
186 55 64
186 55 65
186 55 66
186 55 67
186 55 68
186 55 69
186 55 70
186 55 71
186 55 72
186 55 73
186 55 74
185 55 75
186 55 76
180 55 77
186 55 78
186 55 79
186 55 80
184 55 81
186 55 82
186 55 83
182 55 84
186 55 85
186 55 86
185 55 87
186 55 88
186 55 89
186 55 90
186 55 91
186 55 92
186 55 93
186 55 94
186 55 95
186 55 96
186 55 97
186 55 98
186 55 99
186 55 100
185 56 1
181 56 2
195 56 3
187 56 4
190 56 5
195 56 6
195 56 7
190 56 8
183 56 9
179 56 10
195 56 11
195 56 12
195 56 13
192 56 14
188 56 15
191 56 16
195 56 17
195 56 18
190 56 19
195 56 20
193 56 21
195 56 22
195 56 23
192 56 24
187 56 25
193 56 26
195 56 27
194 56 28
188 56 29
191 56 30
194 56 31
187 56 32
195 56 33
195 56 34
195 56 35
194 56 36
195 56 37
193 56 38
189 56 39
195 56 40
190 56 41
195 56 42
192 56 43
195 56 44
195 56 45
194 56 46
192 56 47
190 56 48
194 56 49
194 56 50
186 56 51
195 56 52
188 56 53
195 56 54
178 56 55
194 56 56
189 56 57
186 56 58
191 56 59
195 56 60
195 56 61
195 56 62
195 56 63
195 56 64
189 56 65
186 56 66
193 56 67
186 56 68
195 56 69
192 56 70
193 56 71
192 56 72
195 56 73
187 56 74
185 56 75
192 56 76
180 56 77
192 56 78
195 56 79
188 56 80
184 56 81
190 56 82
193 56 83
182 56 84
192 56 85
191 56 86
185 56 87
190 56 88
195 56 89
195 56 90
195 56 91
194 56 92
195 56 93
194 56 94
195 56 95
190 56 96
191 56 97
192 56 98
191 56 99
195 56 100
185 57 1
181 57 2
191 57 3
187 57 4
190 57 5
191 57 6
191 57 7
190 57 8
183 57 9
179 57 10
191 57 11
191 57 12
191 57 13
191 57 14
188 57 15
191 57 16
191 57 17
191 57 18
190 57 19
191 57 20
191 57 21
191 57 22
191 57 23
191 57 24
187 57 25
191 57 26
191 57 27
191 57 28
188 57 29
191 57 30
191 57 31
187 57 32
191 57 33
191 57 34
191 57 35
191 57 36
191 57 37
191 57 38
189 57 39
191 57 40
190 57 41
191 57 42
191 57 43
191 57 44
191 57 45
191 57 46
191 57 47
190 57 48
191 57 49
191 57 50
186 57 51
191 57 52
188 57 53
191 57 54
178 57 55
191 57 56
189 57 57
186 57 58
191 57 59
191 57 60
191 57 61
191 57 62
191 57 63
191 57 64
189 57 65
186 57 66
191 57 67
186 57 68
191 57 69
191 57 70
191 57 71
191 57 72
191 57 73
187 57 74
185 57 75
191 57 76
180 57 77
191 57 78
191 57 79
188 57 80
184 57 81
190 57 82
191 57 83
182 57 84
191 57 85
191 57 86
185 57 87
190 57 88
191 57 89
191 57 90
191 57 91
191 57 92
191 57 93
191 57 94
191 57 95
190 57 96
191 57 97
191 57 98
191 57 99
191 57 100
185 58 1
181 58 2
191 58 3
187 58 4
190 58 5
191 58 6
191 58 7
190 58 8
183 58 9
179 58 10
191 58 11
191 58 12
191 58 13
191 58 14
188 58 15
191 58 16
191 58 17
191 58 18
190 58 19
191 58 20
191 58 21
191 58 22
191 58 23
191 58 24
187 58 25
191 58 26
191 58 27
191 58 28
188 58 29
191 58 30
191 58 31
187 58 32
191 58 33
191 58 34
191 58 35
191 58 36
191 58 37
191 58 38
189 58 39
191 58 40
190 58 41
191 58 42
191 58 43
191 58 44
191 58 45
191 58 46
191 58 47
190 58 48
191 58 49
191 58 50
186 58 51
191 58 52
188 58 53
191 58 54
178 58 55
191 58 56
189 58 57
186 58 58
191 58 59
191 58 60
191 58 61
191 58 62
191 58 63
191 58 64
189 58 65
186 58 66
191 58 67
186 58 68
191 58 69
191 58 70
191 58 71
191 58 72
191 58 73
187 58 74
185 58 75
191 58 76
180 58 77
191 58 78
191 58 79
188 58 80
184 58 81
190 58 82
191 58 83
182 58 84
191 58 85
191 58 86
185 58 87
190 58 88
191 58 89
191 58 90
191 58 91
191 58 92
191 58 93
191 58 94
191 58 95
190 58 96
191 58 97
191 58 98
191 58 99
191 58 100
185 59 1
181 59 2
197 59 3
187 59 4
190 59 5
195 59 6
195 59 7
190 59 8
183 59 9
179 59 10
197 59 11
196 59 12
197 59 13
192 59 14
188 59 15
191 59 16
196 59 17
197 59 18
190 59 19
197 59 20
193 59 21
197 59 22
197 59 23
192 59 24
187 59 25
193 59 26
197 59 27
194 59 28
188 59 29
191 59 30
194 59 31
187 59 32
196 59 33
197 59 34
197 59 35
194 59 36
197 59 37
193 59 38
189 59 39
196 59 40
190 59 41
195 59 42
192 59 43
197 59 44
197 59 45
194 59 46
192 59 47
190 59 48
194 59 49
194 59 50
186 59 51
196 59 52
188 59 53
197 59 54
178 59 55
194 59 56
189 59 57
186 59 58
191 59 59
196 59 60
196 59 61
197 59 62
197 59 63
197 59 64
189 59 65
186 59 66
193 59 67
186 59 68
195 59 69
192 59 70
193 59 71
192 59 72
197 59 73
187 59 74
185 59 75
192 59 76
180 59 77
192 59 78
195 59 79
188 59 80
184 59 81
190 59 82
193 59 83
182 59 84
192 59 85
191 59 86
185 59 87
190 59 88
197 59 89
196 59 90
197 59 91
194 59 92
195 59 93
194 59 94
197 59 95
190 59 96
191 59 97
192 59 98
191 59 99
197 59 100
185 60 1
181 60 2
195 60 3
187 60 4
190 60 5
195 60 6
195 60 7
190 60 8
183 60 9
179 60 10
195 60 11
195 60 12
195 60 13
192 60 14
188 60 15
191 60 16
195 60 17
195 60 18
190 60 19
195 60 20
193 60 21
195 60 22
195 60 23
192 60 24
187 60 25
193 60 26
195 60 27
194 60 28
188 60 29
191 60 30
194 60 31
187 60 32
195 60 33
195 60 34
195 60 35
194 60 36
195 60 37
193 60 38
189 60 39
195 60 40
190 60 41
195 60 42
192 60 43
195 60 44
195 60 45
194 60 46
192 60 47
190 60 48
194 60 49
194 60 50
186 60 51
195 60 52
188 60 53
195 60 54
178 60 55
194 60 56
189 60 57
186 60 58
191 60 59
195 60 60
195 60 61
195 60 62
195 60 63
195 60 64
189 60 65
186 60 66
193 60 67
186 60 68
195 60 69
192 60 70
193 60 71
192 60 72
195 60 73
187 60 74
185 60 75
192 60 76
180 60 77
192 60 78
195 60 79
188 60 80
184 60 81
190 60 82
193 60 83
182 60 84
192 60 85
191 60 86
185 60 87
190 60 88
195 60 89
195 60 90
195 60 91
194 60 92
195 60 93
194 60 94
195 60 95
190 60 96
191 60 97
192 60 98
191 60 99
195 60 100
185 61 1
181 61 2
197 61 3
187 61 4
190 61 5
195 61 6
195 61 7
190 61 8
183 61 9
179 61 10
197 61 11
196 61 12
197 61 13
192 61 14
188 61 15
191 61 16
196 61 17
197 61 18
190 61 19
197 61 20
193 61 21
197 61 22
197 61 23
192 61 24
187 61 25
193 61 26
197 61 27
194 61 28
188 61 29
191 61 30
194 61 31
187 61 32
196 61 33
197 61 34
197 61 35
194 61 36
197 61 37
193 61 38
189 61 39
196 61 40
190 61 41
195 61 42
192 61 43
197 61 44
197 61 45
194 61 46
192 61 47
190 61 48
194 61 49
194 61 50
186 61 51
196 61 52
188 61 53
197 61 54
178 61 55
194 61 56
189 61 57
186 61 58
191 61 59
196 61 60
196 61 61
197 61 62
197 61 63
197 61 64
189 61 65
186 61 66
193 61 67
186 61 68
195 61 69
192 61 70
193 61 71
192 61 72
197 61 73
187 61 74
185 61 75
192 61 76
180 61 77
192 61 78
195 61 79
188 61 80
184 61 81
190 61 82
193 61 83
182 61 84
192 61 85
191 61 86
185 61 87
190 61 88
197 61 89
196 61 90
197 61 91
194 61 92
195 61 93
194 61 94
197 61 95
190 61 96
191 61 97
192 61 98
191 61 99
197 61 100
185 62 1
181 62 2
201 62 3
187 62 4
190 62 5
195 62 6
195 62 7
190 62 8
183 62 9
179 62 10
197 62 11
196 62 12
201 62 13
192 62 14
188 62 15
191 62 16
196 62 17
202 62 18
190 62 19
197 62 20
193 62 21
200 62 22
202 62 23
192 62 24
187 62 25
193 62 26
199 62 27
194 62 28
188 62 29
191 62 30
194 62 31
187 62 32
196 62 33
201 62 34
201 62 35
194 62 36
198 62 37
193 62 38
189 62 39
196 62 40
190 62 41
195 62 42
192 62 43
201 62 44
199 62 45
194 62 46
192 62 47
190 62 48
194 62 49
194 62 50
186 62 51
196 62 52
188 62 53
199 62 54
178 62 55
194 62 56
189 62 57
186 62 58
191 62 59
196 62 60
196 62 61
198 62 62
200 62 63
198 62 64
189 62 65
186 62 66
193 62 67
186 62 68
195 62 69
192 62 70
193 62 71
192 62 72
200 62 73
187 62 74
185 62 75
192 62 76
180 62 77
192 62 78
195 62 79
188 62 80
184 62 81
190 62 82
193 62 83
182 62 84
192 62 85
191 62 86
185 62 87
190 62 88
202 62 89
196 62 90
197 62 91
194 62 92
195 62 93
194 62 94
198 62 95
190 62 96
191 62 97
192 62 98
191 62 99
197 62 100
185 63 1
181 63 2
201 63 3
187 63 4
190 63 5
195 63 6
195 63 7
190 63 8
183 63 9
179 63 10
197 63 11
196 63 12
201 63 13
192 63 14
188 63 15
191 63 16
196 63 17
202 63 18
190 63 19
197 63 20
193 63 21
200 63 22
203 63 23
192 63 24
187 63 25
193 63 26
199 63 27
194 63 28
188 63 29
191 63 30
194 63 31
187 63 32
196 63 33
201 63 34
201 63 35
194 63 36
198 63 37
193 63 38
189 63 39
196 63 40
190 63 41
195 63 42
192 63 43
201 63 44
199 63 45
194 63 46
192 63 47
190 63 48
194 63 49
194 63 50
186 63 51
196 63 52
188 63 53
199 63 54
178 63 55
194 63 56
189 63 57
186 63 58
191 63 59
196 63 60
196 63 61
198 63 62
200 63 63
198 63 64
189 63 65
186 63 66
193 63 67
186 63 68
195 63 69
192 63 70
193 63 71
192 63 72
200 63 73
187 63 74
185 63 75
192 63 76
180 63 77
192 63 78
195 63 79
188 63 80
184 63 81
190 63 82
193 63 83
182 63 84
192 63 85
191 63 86
185 63 87
190 63 88
202 63 89
196 63 90
197 63 91
194 63 92
195 63 93
194 63 94
198 63 95
190 63 96
191 63 97
192 63 98
191 63 99
197 63 100
185 64 1
181 64 2
195 64 3
187 64 4
190 64 5
195 64 6
195 64 7
190 64 8
183 64 9
179 64 10
195 64 11
195 64 12
195 64 13
192 64 14
188 64 15
191 64 16
195 64 17
195 64 18
190 64 19
195 64 20
193 64 21
195 64 22
195 64 23
192 64 24
187 64 25
193 64 26
195 64 27
194 64 28
188 64 29
191 64 30
194 64 31
187 64 32
195 64 33
195 64 34
195 64 35
194 64 36
195 64 37
193 64 38
189 64 39
195 64 40
190 64 41
195 64 42
192 64 43
195 64 44
195 64 45
194 64 46
192 64 47
190 64 48
194 64 49
194 64 50
186 64 51
195 64 52
188 64 53
195 64 54
178 64 55
194 64 56
189 64 57
186 64 58
191 64 59
195 64 60
195 64 61
195 64 62
195 64 63
195 64 64
189 64 65
186 64 66
193 64 67
186 64 68
195 64 69
192 64 70
193 64 71
192 64 72
195 64 73
187 64 74
185 64 75
192 64 76
180 64 77
192 64 78
195 64 79
188 64 80
184 64 81
190 64 82
193 64 83
182 64 84
192 64 85
191 64 86
185 64 87
190 64 88
195 64 89
195 64 90
195 64 91
194 64 92
195 64 93
194 64 94
195 64 95
190 64 96
191 64 97
192 64 98
191 64 99
195 64 100
185 65 1
181 65 2
199 65 3
187 65 4
190 65 5
195 65 6
195 65 7
190 65 8
183 65 9
179 65 10
197 65 11
196 65 12
199 65 13
192 65 14
188 65 15
191 65 16
196 65 17
199 65 18
190 65 19
197 65 20
193 65 21
199 65 22
199 65 23
192 65 24
187 65 25
193 65 26
199 65 27
194 65 28
188 65 29
191 65 30
194 65 31
187 65 32
196 65 33
199 65 34
199 65 35
194 65 36
198 65 37
193 65 38
189 65 39
196 65 40
190 65 41
195 65 42
192 65 43
199 65 44
199 65 45
194 65 46
192 65 47
190 65 48
194 65 49
194 65 50
186 65 51
196 65 52
188 65 53
199 65 54
178 65 55
194 65 56
189 65 57
186 65 58
191 65 59
196 65 60
196 65 61
198 65 62
199 65 63
198 65 64
189 65 65
186 65 66
193 65 67
186 65 68
195 65 69
192 65 70
193 65 71
192 65 72
199 65 73
187 65 74
185 65 75
192 65 76
180 65 77
192 65 78
195 65 79
188 65 80
184 65 81
190 65 82
193 65 83
182 65 84
192 65 85
191 65 86
185 65 87
190 65 88
199 65 89
196 65 90
197 65 91
194 65 92
195 65 93
194 65 94
198 65 95
190 65 96
191 65 97
192 65 98
191 65 99
197 65 100
185 66 1
181 66 2
188 66 3
187 66 4
188 66 5
188 66 6
188 66 7
188 66 8
183 66 9
179 66 10
188 66 11
188 66 12
188 66 13
188 66 14
188 66 15
188 66 16
188 66 17
188 66 18
188 66 19
188 66 20
188 66 21
188 66 22
188 66 23
188 66 24
187 66 25
188 66 26
188 66 27
188 66 28
188 66 29
188 66 30
188 66 31
187 66 32
188 66 33
188 66 34
188 66 35
188 66 36
188 66 37
188 66 38
188 66 39
188 66 40
188 66 41
188 66 42
188 66 43
188 66 44
188 66 45
188 66 46
188 66 47
188 66 48
188 66 49
188 66 50
186 66 51
188 66 52
188 66 53
188 66 54
178 66 55
188 66 56
188 66 57
186 66 58
188 66 59
188 66 60
188 66 61
188 66 62
188 66 63
188 66 64
188 66 65
186 66 66
188 66 67
186 66 68
188 66 69
188 66 70
188 66 71
188 66 72
188 66 73
187 66 74
185 66 75
188 66 76
180 66 77
188 66 78
188 66 79
188 66 80
184 66 81
188 66 82
188 66 83
182 66 84
188 66 85
188 66 86
185 66 87
188 66 88
188 66 89
188 66 90
188 66 91
188 66 92
188 66 93
188 66 94
188 66 95
188 66 96
188 66 97
188 66 98
188 66 99
188 66 100
185 67 1
181 67 2
194 67 3
187 67 4
190 67 5
194 67 6
194 67 7
190 67 8
183 67 9
179 67 10
194 67 11
194 67 12
194 67 13
192 67 14
188 67 15
191 67 16
194 67 17
194 67 18
190 67 19
194 67 20
193 67 21
194 67 22
194 67 23
192 67 24
187 67 25
193 67 26
194 67 27
194 67 28
188 67 29
191 67 30
194 67 31
187 67 32
194 67 33
194 67 34
194 67 35
194 67 36
194 67 37
193 67 38
189 67 39
194 67 40
190 67 41
194 67 42
192 67 43
194 67 44
194 67 45
194 67 46
192 67 47
190 67 48
194 67 49
194 67 50
186 67 51
194 67 52
188 67 53
194 67 54
178 67 55
194 67 56
189 67 57
186 67 58
191 67 59
194 67 60
194 67 61
194 67 62
194 67 63
194 67 64
189 67 65
186 67 66
193 67 67
186 67 68
194 67 69
192 67 70
193 67 71
192 67 72
194 67 73
187 67 74
185 67 75
192 67 76
180 67 77
192 67 78
194 67 79
188 67 80
184 67 81
190 67 82
193 67 83
182 67 84
192 67 85
191 67 86
185 67 87
190 67 88
194 67 89
194 67 90
194 67 91
194 67 92
194 67 93
194 67 94
194 67 95
190 67 96
191 67 97
192 67 98
191 67 99
194 67 100
185 68 1
181 68 2
191 68 3
187 68 4
190 68 5
191 68 6
191 68 7
190 68 8
183 68 9
179 68 10
191 68 11
191 68 12
191 68 13
191 68 14
188 68 15
191 68 16
191 68 17
191 68 18
190 68 19
191 68 20
191 68 21
191 68 22
191 68 23
191 68 24
187 68 25
191 68 26
191 68 27
191 68 28
188 68 29
191 68 30
191 68 31
187 68 32
191 68 33
191 68 34
191 68 35
191 68 36
191 68 37
191 68 38
189 68 39
191 68 40
190 68 41
191 68 42
191 68 43
191 68 44
191 68 45
191 68 46
191 68 47
190 68 48
191 68 49
191 68 50
186 68 51
191 68 52
188 68 53
191 68 54
178 68 55
191 68 56
189 68 57
186 68 58
191 68 59
191 68 60
191 68 61
191 68 62
191 68 63
191 68 64
189 68 65
186 68 66
191 68 67
186 68 68
191 68 69
191 68 70
191 68 71
191 68 72
191 68 73
187 68 74
185 68 75
191 68 76
180 68 77
191 68 78
191 68 79
188 68 80
184 68 81
190 68 82
191 68 83
182 68 84
191 68 85
191 68 86
185 68 87
190 68 88
191 68 89
191 68 90
191 68 91
191 68 92
191 68 93
191 68 94
191 68 95
190 68 96
191 68 97
191 68 98
191 68 99
191 68 100
185 69 1
181 69 2
196 69 3
187 69 4
190 69 5
195 69 6
195 69 7
190 69 8
183 69 9
179 69 10
196 69 11
196 69 12
196 69 13
192 69 14
188 69 15
191 69 16
196 69 17
196 69 18
190 69 19
196 69 20
193 69 21
196 69 22
196 69 23
192 69 24
187 69 25
193 69 26
196 69 27
194 69 28
188 69 29
191 69 30
194 69 31
187 69 32
196 69 33
196 69 34
196 69 35
194 69 36
196 69 37
193 69 38
189 69 39
196 69 40
190 69 41
195 69 42
192 69 43
196 69 44
196 69 45
194 69 46
192 69 47
190 69 48
194 69 49
194 69 50
186 69 51
196 69 52
188 69 53
196 69 54
178 69 55
194 69 56
189 69 57
186 69 58
191 69 59
196 69 60
196 69 61
196 69 62
196 69 63
196 69 64
189 69 65
186 69 66
193 69 67
186 69 68
195 69 69
192 69 70
193 69 71
192 69 72
196 69 73
187 69 74
185 69 75
192 69 76
180 69 77
192 69 78
195 69 79
188 69 80
184 69 81
190 69 82
193 69 83
182 69 84
192 69 85
191 69 86
185 69 87
190 69 88
196 69 89
196 69 90
196 69 91
194 69 92
195 69 93
194 69 94
196 69 95
190 69 96
191 69 97
192 69 98
191 69 99
196 69 100
185 70 1
181 70 2
195 70 3
187 70 4
190 70 5
195 70 6
195 70 7
190 70 8
183 70 9
179 70 10
195 70 11
195 70 12
195 70 13
192 70 14
188 70 15
191 70 16
195 70 17
195 70 18
190 70 19
195 70 20
193 70 21
195 70 22
195 70 23
192 70 24
187 70 25
193 70 26
195 70 27
194 70 28
188 70 29
191 70 30
194 70 31
187 70 32
195 70 33
195 70 34
195 70 35
194 70 36
195 70 37
193 70 38
189 70 39
195 70 40
190 70 41
195 70 42
192 70 43
195 70 44
195 70 45
194 70 46
192 70 47
190 70 48
194 70 49
194 70 50
186 70 51
195 70 52
188 70 53
195 70 54
178 70 55
194 70 56
189 70 57
186 70 58
191 70 59
195 70 60
195 70 61
195 70 62
195 70 63
195 70 64
189 70 65
186 70 66
193 70 67
186 70 68
195 70 69
192 70 70
193 70 71
192 70 72
195 70 73
187 70 74
185 70 75
192 70 76
180 70 77
192 70 78
195 70 79
188 70 80
184 70 81
190 70 82
193 70 83
182 70 84
192 70 85
191 70 86
185 70 87
190 70 88
195 70 89
195 70 90
195 70 91
194 70 92
195 70 93
194 70 94
195 70 95
190 70 96
191 70 97
192 70 98
191 70 99
195 70 100
185 71 1
181 71 2
196 71 3
187 71 4
190 71 5
195 71 6
195 71 7
190 71 8
183 71 9
179 71 10
196 71 11
196 71 12
196 71 13
192 71 14
188 71 15
191 71 16
196 71 17
196 71 18
190 71 19
196 71 20
193 71 21
196 71 22
196 71 23
192 71 24
187 71 25
193 71 26
196 71 27
194 71 28
188 71 29
191 71 30
194 71 31
187 71 32
196 71 33
196 71 34
196 71 35
194 71 36
196 71 37
193 71 38
189 71 39
196 71 40
190 71 41
195 71 42
192 71 43
196 71 44
196 71 45
194 71 46
192 71 47
190 71 48
194 71 49
194 71 50
186 71 51
196 71 52
188 71 53
196 71 54
178 71 55
194 71 56
189 71 57
186 71 58
191 71 59
196 71 60
196 71 61
196 71 62
196 71 63
196 71 64
189 71 65
186 71 66
193 71 67
186 71 68
195 71 69
192 71 70
193 71 71
192 71 72
196 71 73
187 71 74
185 71 75
192 71 76
180 71 77
192 71 78
195 71 79
188 71 80
184 71 81
190 71 82
193 71 83
182 71 84
192 71 85
191 71 86
185 71 87
190 71 88
196 71 89
196 71 90
196 71 91
194 71 92
195 71 93
194 71 94
196 71 95
190 71 96
191 71 97
192 71 98
191 71 99
196 71 100
185 72 1
181 72 2
196 72 3
187 72 4
190 72 5
195 72 6
195 72 7
190 72 8
183 72 9
179 72 10
196 72 11
196 72 12
196 72 13
192 72 14
188 72 15
191 72 16
196 72 17
196 72 18
190 72 19
196 72 20
193 72 21
196 72 22
196 72 23
192 72 24
187 72 25
193 72 26
196 72 27
194 72 28
188 72 29
191 72 30
194 72 31
187 72 32
196 72 33
196 72 34
196 72 35
194 72 36
196 72 37
193 72 38
189 72 39
196 72 40
190 72 41
195 72 42
192 72 43
196 72 44
196 72 45
194 72 46
192 72 47
190 72 48
194 72 49
194 72 50
186 72 51
196 72 52
188 72 53
196 72 54
178 72 55
194 72 56
189 72 57
186 72 58
191 72 59
196 72 60
196 72 61
196 72 62
196 72 63
196 72 64
189 72 65
186 72 66
193 72 67
186 72 68
195 72 69
192 72 70
193 72 71
192 72 72
196 72 73
187 72 74
185 72 75
192 72 76
180 72 77
192 72 78
195 72 79
188 72 80
184 72 81
190 72 82
193 72 83
182 72 84
192 72 85
191 72 86
185 72 87
190 72 88
196 72 89
196 72 90
196 72 91
194 72 92
195 72 93
194 72 94
196 72 95
190 72 96
191 72 97
192 72 98
191 72 99
196 72 100
185 73 1
181 73 2
201 73 3
187 73 4
190 73 5
195 73 6
195 73 7
190 73 8
183 73 9
179 73 10
197 73 11
196 73 12
201 73 13
192 73 14
188 73 15
191 73 16
196 73 17
201 73 18
190 73 19
197 73 20
193 73 21
200 73 22
201 73 23
192 73 24
187 73 25
193 73 26
199 73 27
194 73 28
188 73 29
191 73 30
194 73 31
187 73 32
196 73 33
201 73 34
201 73 35
194 73 36
198 73 37
193 73 38
189 73 39
196 73 40
190 73 41
195 73 42
192 73 43
201 73 44
199 73 45
194 73 46
192 73 47
190 73 48
194 73 49
194 73 50
186 73 51
196 73 52
188 73 53
199 73 54
178 73 55
194 73 56
189 73 57
186 73 58
191 73 59
196 73 60
196 73 61
198 73 62
200 73 63
198 73 64
189 73 65
186 73 66
193 73 67
186 73 68
195 73 69
192 73 70
193 73 71
192 73 72
200 73 73
187 73 74
185 73 75
192 73 76
180 73 77
192 73 78
195 73 79
188 73 80
184 73 81
190 73 82
193 73 83
182 73 84
192 73 85
191 73 86
185 73 87
190 73 88
201 73 89
196 73 90
197 73 91
194 73 92
195 73 93
194 73 94
198 73 95
190 73 96
191 73 97
192 73 98
191 73 99
197 73 100
185 74 1
181 74 2
196 74 3
187 74 4
190 74 5
195 74 6
195 74 7
190 74 8
183 74 9
179 74 10
196 74 11
196 74 12
196 74 13
192 74 14
188 74 15
191 74 16
196 74 17
196 74 18
190 74 19
196 74 20
193 74 21
196 74 22
196 74 23
192 74 24
187 74 25
193 74 26
196 74 27
194 74 28
188 74 29
191 74 30
194 74 31
187 74 32
196 74 33
196 74 34
196 74 35
194 74 36
196 74 37
193 74 38
189 74 39
196 74 40
190 74 41
195 74 42
192 74 43
196 74 44
196 74 45
194 74 46
192 74 47
190 74 48
194 74 49
194 74 50
186 74 51
196 74 52
188 74 53
196 74 54
178 74 55
194 74 56
189 74 57
186 74 58
191 74 59
196 74 60
196 74 61
196 74 62
196 74 63
196 74 64
189 74 65
186 74 66
193 74 67
186 74 68
195 74 69
192 74 70
193 74 71
192 74 72
196 74 73
187 74 74
185 74 75
192 74 76
180 74 77
192 74 78
195 74 79
188 74 80
184 74 81
190 74 82
193 74 83
182 74 84
192 74 85
191 74 86
185 74 87
190 74 88
196 74 89
196 74 90
196 74 91
194 74 92
195 74 93
194 74 94
196 74 95
190 74 96
191 74 97
192 74 98
191 74 99
196 74 100
185 75 1
181 75 2
190 75 3
187 75 4
190 75 5
190 75 6
190 75 7
190 75 8
183 75 9
179 75 10
190 75 11
190 75 12
190 75 13
190 75 14
188 75 15
190 75 16
190 75 17
190 75 18
190 75 19
190 75 20
190 75 21
190 75 22
190 75 23
190 75 24
187 75 25
190 75 26
190 75 27
190 75 28
188 75 29
190 75 30
190 75 31
187 75 32
190 75 33
190 75 34
190 75 35
190 75 36
190 75 37
190 75 38
189 75 39
190 75 40
190 75 41
190 75 42
190 75 43
190 75 44
190 75 45
190 75 46
190 75 47
190 75 48
190 75 49
190 75 50
186 75 51
190 75 52
188 75 53
190 75 54
178 75 55
190 75 56
189 75 57
186 75 58
190 75 59
190 75 60
190 75 61
190 75 62
190 75 63
190 75 64
189 75 65
186 75 66
190 75 67
186 75 68
190 75 69
190 75 70
190 75 71
190 75 72
190 75 73
187 75 74
185 75 75
190 75 76
180 75 77
190 75 78
190 75 79
188 75 80
184 75 81
190 75 82
190 75 83
182 75 84
190 75 85
190 75 86
185 75 87
190 75 88
190 75 89
190 75 90
190 75 91
190 75 92
190 75 93
190 75 94
190 75 95
190 75 96
190 75 97
190 75 98
190 75 99
190 75 100
185 76 1
181 76 2
196 76 3
187 76 4
190 76 5
195 76 6
195 76 7
190 76 8
183 76 9
179 76 10
196 76 11
196 76 12
196 76 13
192 76 14
188 76 15
191 76 16
196 76 17
196 76 18
190 76 19
196 76 20
193 76 21
196 76 22
196 76 23
192 76 24
187 76 25
193 76 26
196 76 27
194 76 28
188 76 29
191 76 30
194 76 31
187 76 32
196 76 33
196 76 34
196 76 35
194 76 36
196 76 37
193 76 38
189 76 39
196 76 40
190 76 41
195 76 42
192 76 43
196 76 44
196 76 45
194 76 46
192 76 47
190 76 48
194 76 49
194 76 50
186 76 51
196 76 52
188 76 53
196 76 54
178 76 55
194 76 56
189 76 57
186 76 58
191 76 59
196 76 60
196 76 61
196 76 62
196 76 63
196 76 64
189 76 65
186 76 66
193 76 67
186 76 68
195 76 69
192 76 70
193 76 71
192 76 72
196 76 73
187 76 74
185 76 75
192 76 76
180 76 77
192 76 78
195 76 79
188 76 80
184 76 81
190 76 82
193 76 83
182 76 84
192 76 85
191 76 86
185 76 87
190 76 88
196 76 89
196 76 90
196 76 91
194 76 92
195 76 93
194 76 94
196 76 95
190 76 96
191 76 97
192 76 98
191 76 99
196 76 100
185 77 1
181 77 2
188 77 3
187 77 4
188 77 5
188 77 6
188 77 7
188 77 8
183 77 9
179 77 10
188 77 11
188 77 12
188 77 13
188 77 14
188 77 15
188 77 16
188 77 17
188 77 18
188 77 19
188 77 20
188 77 21
188 77 22
188 77 23
188 77 24
187 77 25
188 77 26
188 77 27
188 77 28
188 77 29
188 77 30
188 77 31
187 77 32
188 77 33
188 77 34
188 77 35
188 77 36
188 77 37
188 77 38
188 77 39
188 77 40
188 77 41
188 77 42
188 77 43
188 77 44
188 77 45
188 77 46
188 77 47
188 77 48
188 77 49
188 77 50
186 77 51
188 77 52
188 77 53
188 77 54
178 77 55
188 77 56
188 77 57
186 77 58
188 77 59
188 77 60
188 77 61
188 77 62
188 77 63
188 77 64
188 77 65
186 77 66
188 77 67
186 77 68
188 77 69
188 77 70
188 77 71
188 77 72
188 77 73
187 77 74
185 77 75
188 77 76
180 77 77
188 77 78
188 77 79
188 77 80
184 77 81
188 77 82
188 77 83
182 77 84
188 77 85
188 77 86
185 77 87
188 77 88
188 77 89
188 77 90
188 77 91
188 77 92
188 77 93
188 77 94
188 77 95
188 77 96
188 77 97
188 77 98
188 77 99
188 77 100
185 78 1
181 78 2
196 78 3
187 78 4
190 78 5
195 78 6
195 78 7
190 78 8
183 78 9
179 78 10
196 78 11
196 78 12
196 78 13
192 78 14
188 78 15
191 78 16
196 78 17
196 78 18
190 78 19
196 78 20
193 78 21
196 78 22
196 78 23
192 78 24
187 78 25
193 78 26
196 78 27
194 78 28
188 78 29
191 78 30
194 78 31
187 78 32
196 78 33
196 78 34
196 78 35
194 78 36
196 78 37
193 78 38
189 78 39
196 78 40
190 78 41
195 78 42
192 78 43
196 78 44
196 78 45
194 78 46
192 78 47
190 78 48
194 78 49
194 78 50
186 78 51
196 78 52
188 78 53
196 78 54
178 78 55
194 78 56
189 78 57
186 78 58
191 78 59
196 78 60
196 78 61
196 78 62
196 78 63
196 78 64
189 78 65
186 78 66
193 78 67
186 78 68
195 78 69
192 78 70
193 78 71
192 78 72
196 78 73
187 78 74
185 78 75
192 78 76
180 78 77
192 78 78
195 78 79
188 78 80
184 78 81
190 78 82
193 78 83
182 78 84
192 78 85
191 78 86
185 78 87
190 78 88
196 78 89
196 78 90
196 78 91
194 78 92
195 78 93
194 78 94
196 78 95
190 78 96
191 78 97
192 78 98
191 78 99
196 78 100
185 79 1
181 79 2
198 79 3
187 79 4
190 79 5
195 79 6
195 79 7
190 79 8
183 79 9
179 79 10
197 79 11
196 79 12
198 79 13
192 79 14
188 79 15
191 79 16
196 79 17
198 79 18
190 79 19
197 79 20
193 79 21
198 79 22
198 79 23
192 79 24
187 79 25
193 79 26
198 79 27
194 79 28
188 79 29
191 79 30
194 79 31
187 79 32
196 79 33
198 79 34
198 79 35
194 79 36
198 79 37
193 79 38
189 79 39
196 79 40
190 79 41
195 79 42
192 79 43
198 79 44
198 79 45
194 79 46
192 79 47
190 79 48
194 79 49
194 79 50
186 79 51
196 79 52
188 79 53
198 79 54
178 79 55
194 79 56
189 79 57
186 79 58
191 79 59
196 79 60
196 79 61
198 79 62
198 79 63
198 79 64
189 79 65
186 79 66
193 79 67
186 79 68
195 79 69
192 79 70
193 79 71
192 79 72
198 79 73
187 79 74
185 79 75
192 79 76
180 79 77
192 79 78
195 79 79
188 79 80
184 79 81
190 79 82
193 79 83
182 79 84
192 79 85
191 79 86
185 79 87
190 79 88
198 79 89
196 79 90
197 79 91
194 79 92
195 79 93
194 79 94
198 79 95
190 79 96
191 79 97
192 79 98
191 79 99
197 79 100
185 80 1
181 80 2
195 80 3
187 80 4
190 80 5
195 80 6
195 80 7
190 80 8
183 80 9
179 80 10
195 80 11
195 80 12
195 80 13
192 80 14
188 80 15
191 80 16
195 80 17
195 80 18
190 80 19
195 80 20
193 80 21
195 80 22
195 80 23
192 80 24
187 80 25
193 80 26
195 80 27
194 80 28
188 80 29
191 80 30
194 80 31
187 80 32
195 80 33
195 80 34
195 80 35
194 80 36
195 80 37
193 80 38
189 80 39
195 80 40
190 80 41
195 80 42
192 80 43
195 80 44
195 80 45
194 80 46
192 80 47
190 80 48
194 80 49
194 80 50
186 80 51
195 80 52
188 80 53
195 80 54
178 80 55
194 80 56
189 80 57
186 80 58
191 80 59
195 80 60
195 80 61
195 80 62
195 80 63
195 80 64
189 80 65
186 80 66
193 80 67
186 80 68
195 80 69
192 80 70
193 80 71
192 80 72
195 80 73
187 80 74
185 80 75
192 80 76
180 80 77
192 80 78
195 80 79
188 80 80
184 80 81
190 80 82
193 80 83
182 80 84
192 80 85
191 80 86
185 80 87
190 80 88
195 80 89
195 80 90
195 80 91
194 80 92
195 80 93
194 80 94
195 80 95
190 80 96
191 80 97
192 80 98
191 80 99
195 80 100
185 81 1
181 81 2
189 81 3
187 81 4
189 81 5
189 81 6
189 81 7
189 81 8
183 81 9
179 81 10
189 81 11
189 81 12
189 81 13
189 81 14
188 81 15
189 81 16
189 81 17
189 81 18
189 81 19
189 81 20
189 81 21
189 81 22
189 81 23
189 81 24
187 81 25
189 81 26
189 81 27
189 81 28
188 81 29
189 81 30
189 81 31
187 81 32
189 81 33
189 81 34
189 81 35
189 81 36
189 81 37
189 81 38
189 81 39
189 81 40
189 81 41
189 81 42
189 81 43
189 81 44
189 81 45
189 81 46
189 81 47
189 81 48
189 81 49
189 81 50
186 81 51
189 81 52
188 81 53
189 81 54
178 81 55
189 81 56
189 81 57
186 81 58
189 81 59
189 81 60
189 81 61
189 81 62
189 81 63
189 81 64
189 81 65
186 81 66
189 81 67
186 81 68
189 81 69
189 81 70
189 81 71
189 81 72
189 81 73
187 81 74
185 81 75
189 81 76
180 81 77
189 81 78
189 81 79
188 81 80
184 81 81
189 81 82
189 81 83
182 81 84
189 81 85
189 81 86
185 81 87
189 81 88
189 81 89
189 81 90
189 81 91
189 81 92
189 81 93
189 81 94
189 81 95
189 81 96
189 81 97
189 81 98
189 81 99
189 81 100
185 82 1
181 82 2
194 82 3
187 82 4
190 82 5
194 82 6
194 82 7
190 82 8
183 82 9
179 82 10
194 82 11
194 82 12
194 82 13
192 82 14
188 82 15
191 82 16
194 82 17
194 82 18
190 82 19
194 82 20
193 82 21
194 82 22
194 82 23
192 82 24
187 82 25
193 82 26
194 82 27
194 82 28
188 82 29
191 82 30
194 82 31
187 82 32
194 82 33
194 82 34
194 82 35
194 82 36
194 82 37
193 82 38
189 82 39
194 82 40
190 82 41
194 82 42
192 82 43
194 82 44
194 82 45
194 82 46
192 82 47
190 82 48
194 82 49
194 82 50
186 82 51
194 82 52
188 82 53
194 82 54
178 82 55
194 82 56
189 82 57
186 82 58
191 82 59
194 82 60
194 82 61
194 82 62
194 82 63
194 82 64
189 82 65
186 82 66
193 82 67
186 82 68
194 82 69
192 82 70
193 82 71
192 82 72
194 82 73
187 82 74
185 82 75
192 82 76
180 82 77
192 82 78
194 82 79
188 82 80
184 82 81
190 82 82
193 82 83
182 82 84
192 82 85
191 82 86
185 82 87
190 82 88
194 82 89
194 82 90
194 82 91
194 82 92
194 82 93
194 82 94
194 82 95
190 82 96
191 82 97
192 82 98
191 82 99
194 82 100
185 83 1
181 83 2
194 83 3
187 83 4
190 83 5
194 83 6
194 83 7
190 83 8
183 83 9
179 83 10
194 83 11
194 83 12
194 83 13
192 83 14
188 83 15
191 83 16
194 83 17
194 83 18
190 83 19
194 83 20
193 83 21
194 83 22
194 83 23
192 83 24
187 83 25
193 83 26
194 83 27
194 83 28
188 83 29
191 83 30
194 83 31
187 83 32
194 83 33
194 83 34
194 83 35
194 83 36
194 83 37
193 83 38
189 83 39
194 83 40
190 83 41
194 83 42
192 83 43
194 83 44
194 83 45
194 83 46
192 83 47
190 83 48
194 83 49
194 83 50
186 83 51
194 83 52
188 83 53
194 83 54
178 83 55
194 83 56
189 83 57
186 83 58
191 83 59
194 83 60
194 83 61
194 83 62
194 83 63
194 83 64
189 83 65
186 83 66
193 83 67
186 83 68
194 83 69
192 83 70
193 83 71
192 83 72
194 83 73
187 83 74
185 83 75
192 83 76
180 83 77
192 83 78
194 83 79
188 83 80
184 83 81
190 83 82
193 83 83
182 83 84
192 83 85
191 83 86
185 83 87
190 83 88
194 83 89
194 83 90
194 83 91
194 83 92
194 83 93
194 83 94
194 83 95
190 83 96
191 83 97
192 83 98
191 83 99
194 83 100
185 84 1
181 84 2
190 84 3
187 84 4
190 84 5
190 84 6
190 84 7
190 84 8
183 84 9
179 84 10
190 84 11
190 84 12
190 84 13
190 84 14
188 84 15
190 84 16
190 84 17
190 84 18
190 84 19
190 84 20
190 84 21
190 84 22
190 84 23
190 84 24
187 84 25
190 84 26
190 84 27
190 84 28
188 84 29
190 84 30
190 84 31
187 84 32
190 84 33
190 84 34
190 84 35
190 84 36
190 84 37
190 84 38
189 84 39
190 84 40
190 84 41
190 84 42
190 84 43
190 84 44
190 84 45
190 84 46
190 84 47
190 84 48
190 84 49
190 84 50
186 84 51
190 84 52
188 84 53
190 84 54
178 84 55
190 84 56
189 84 57
186 84 58
190 84 59
190 84 60
190 84 61
190 84 62
190 84 63
190 84 64
189 84 65
186 84 66
190 84 67
186 84 68
190 84 69
190 84 70
190 84 71
190 84 72
190 84 73
187 84 74
185 84 75
190 84 76
180 84 77
190 84 78
190 84 79
188 84 80
184 84 81
190 84 82
190 84 83
182 84 84
190 84 85
190 84 86
185 84 87
190 84 88
190 84 89
190 84 90
190 84 91
190 84 92
190 84 93
190 84 94
190 84 95
190 84 96
190 84 97
190 84 98
190 84 99
190 84 100
185 85 1
181 85 2
201 85 3
187 85 4
190 85 5
195 85 6
195 85 7
190 85 8
183 85 9
179 85 10
197 85 11
196 85 12
201 85 13
192 85 14
188 85 15
191 85 16
196 85 17
201 85 18
190 85 19
197 85 20
193 85 21
200 85 22
201 85 23
192 85 24
187 85 25
193 85 26
199 85 27
194 85 28
188 85 29
191 85 30
194 85 31
187 85 32
196 85 33
201 85 34
201 85 35
194 85 36
198 85 37
193 85 38
189 85 39
196 85 40
190 85 41
195 85 42
192 85 43
201 85 44
199 85 45
194 85 46
192 85 47
190 85 48
194 85 49
194 85 50
186 85 51
196 85 52
188 85 53
199 85 54
178 85 55
194 85 56
189 85 57
186 85 58
191 85 59
196 85 60
196 85 61
198 85 62
200 85 63
198 85 64
189 85 65
186 85 66
193 85 67
186 85 68
195 85 69
192 85 70
193 85 71
192 85 72
200 85 73
187 85 74
185 85 75
192 85 76
180 85 77
192 85 78
195 85 79
188 85 80
184 85 81
190 85 82
193 85 83
182 85 84
192 85 85
191 85 86
185 85 87
190 85 88
201 85 89
196 85 90
197 85 91
194 85 92
195 85 93
194 85 94
198 85 95
190 85 96
191 85 97
192 85 98
191 85 99
197 85 100
185 86 1
181 86 2
197 86 3
187 86 4
190 86 5
195 86 6
195 86 7
190 86 8
183 86 9
179 86 10
197 86 11
196 86 12
197 86 13
192 86 14
188 86 15
191 86 16
196 86 17
197 86 18
190 86 19
197 86 20
193 86 21
197 86 22
197 86 23
192 86 24
187 86 25
193 86 26
197 86 27
194 86 28
188 86 29
191 86 30
194 86 31
187 86 32
196 86 33
197 86 34
197 86 35
194 86 36
197 86 37
193 86 38
189 86 39
196 86 40
190 86 41
195 86 42
192 86 43
197 86 44
197 86 45
194 86 46
192 86 47
190 86 48
194 86 49
194 86 50
186 86 51
196 86 52
188 86 53
197 86 54
178 86 55
194 86 56
189 86 57
186 86 58
191 86 59
196 86 60
196 86 61
197 86 62
197 86 63
197 86 64
189 86 65
186 86 66
193 86 67
186 86 68
195 86 69
192 86 70
193 86 71
192 86 72
197 86 73
187 86 74
185 86 75
192 86 76
180 86 77
192 86 78
195 86 79
188 86 80
184 86 81
190 86 82
193 86 83
182 86 84
192 86 85
191 86 86
185 86 87
190 86 88
197 86 89
196 86 90
197 86 91
194 86 92
195 86 93
194 86 94
197 86 95
190 86 96
191 86 97
192 86 98
191 86 99
197 86 100
185 87 1
181 87 2
195 87 3
187 87 4
190 87 5
195 87 6
195 87 7
190 87 8
183 87 9
179 87 10
195 87 11
195 87 12
195 87 13
192 87 14
188 87 15
191 87 16
195 87 17
195 87 18
190 87 19
195 87 20
193 87 21
195 87 22
195 87 23
192 87 24
187 87 25
193 87 26
195 87 27
194 87 28
188 87 29
191 87 30
194 87 31
187 87 32
195 87 33
195 87 34
195 87 35
194 87 36
195 87 37
193 87 38
189 87 39
195 87 40
190 87 41
195 87 42
192 87 43
195 87 44
195 87 45
194 87 46
192 87 47
190 87 48
194 87 49
194 87 50
186 87 51
195 87 52
188 87 53
195 87 54
178 87 55
194 87 56
189 87 57
186 87 58
191 87 59
195 87 60
195 87 61
195 87 62
195 87 63
195 87 64
189 87 65
186 87 66
193 87 67
186 87 68
195 87 69
192 87 70
193 87 71
192 87 72
195 87 73
187 87 74
185 87 75
192 87 76
180 87 77
192 87 78
195 87 79
188 87 80
184 87 81
190 87 82
193 87 83
182 87 84
192 87 85
191 87 86
185 87 87
190 87 88
195 87 89
195 87 90
195 87 91
194 87 92
195 87 93
194 87 94
195 87 95
190 87 96
191 87 97
192 87 98
191 87 99
195 87 100
185 88 1
181 88 2
188 88 3
187 88 4
188 88 5
188 88 6
188 88 7
188 88 8
183 88 9
179 88 10
188 88 11
188 88 12
188 88 13
188 88 14
188 88 15
188 88 16
188 88 17
188 88 18
188 88 19
188 88 20
188 88 21
188 88 22
188 88 23
188 88 24
187 88 25
188 88 26
188 88 27
188 88 28
188 88 29
188 88 30
188 88 31
187 88 32
188 88 33
188 88 34
188 88 35
188 88 36
188 88 37
188 88 38
188 88 39
188 88 40
188 88 41
188 88 42
188 88 43
188 88 44
188 88 45
188 88 46
188 88 47
188 88 48
188 88 49
188 88 50
186 88 51
188 88 52
188 88 53
188 88 54
178 88 55
188 88 56
188 88 57
186 88 58
188 88 59
188 88 60
188 88 61
188 88 62
188 88 63
188 88 64
188 88 65
186 88 66
188 88 67
186 88 68
188 88 69
188 88 70
188 88 71
188 88 72
188 88 73
187 88 74
185 88 75
188 88 76
180 88 77
188 88 78
188 88 79
188 88 80
184 88 81
188 88 82
188 88 83
182 88 84
188 88 85
188 88 86
185 88 87
188 88 88
188 88 89
188 88 90
188 88 91
188 88 92
188 88 93
188 88 94
188 88 95
188 88 96
188 88 97
188 88 98
188 88 99
188 88 100
185 89 1
181 89 2
201 89 3
187 89 4
190 89 5
195 89 6
195 89 7
190 89 8
183 89 9
179 89 10
197 89 11
196 89 12
201 89 13
192 89 14
188 89 15
191 89 16
196 89 17
202 89 18
190 89 19
197 89 20
193 89 21
200 89 22
203 89 23
192 89 24
187 89 25
193 89 26
199 89 27
194 89 28
188 89 29
191 89 30
194 89 31
187 89 32
196 89 33
201 89 34
201 89 35
194 89 36
198 89 37
193 89 38
189 89 39
196 89 40
190 89 41
195 89 42
192 89 43
201 89 44
199 89 45
194 89 46
192 89 47
190 89 48
194 89 49
194 89 50
186 89 51
196 89 52
188 89 53
199 89 54
178 89 55
194 89 56
189 89 57
186 89 58
191 89 59
196 89 60
196 89 61
198 89 62
200 89 63
198 89 64
189 89 65
186 89 66
193 89 67
186 89 68
195 89 69
192 89 70
193 89 71
192 89 72
200 89 73
187 89 74
185 89 75
192 89 76
180 89 77
192 89 78
195 89 79
188 89 80
184 89 81
190 89 82
193 89 83
182 89 84
192 89 85
191 89 86
185 89 87
190 89 88
202 89 89
196 89 90
197 89 91
194 89 92
195 89 93
194 89 94
198 89 95
190 89 96
191 89 97
192 89 98
191 89 99
197 89 100
185 90 1
181 90 2
196 90 3
187 90 4
190 90 5
195 90 6
195 90 7
190 90 8
183 90 9
179 90 10
196 90 11
196 90 12
196 90 13
192 90 14
188 90 15
191 90 16
196 90 17
196 90 18
190 90 19
196 90 20
193 90 21
196 90 22
196 90 23
192 90 24
187 90 25
193 90 26
196 90 27
194 90 28
188 90 29
191 90 30
194 90 31
187 90 32
196 90 33
196 90 34
196 90 35
194 90 36
196 90 37
193 90 38
189 90 39
196 90 40
190 90 41
195 90 42
192 90 43
196 90 44
196 90 45
194 90 46
192 90 47
190 90 48
194 90 49
194 90 50
186 90 51
196 90 52
188 90 53
196 90 54
178 90 55
194 90 56
189 90 57
186 90 58
191 90 59
196 90 60
196 90 61
196 90 62
196 90 63
196 90 64
189 90 65
186 90 66
193 90 67
186 90 68
195 90 69
192 90 70
193 90 71
192 90 72
196 90 73
187 90 74
185 90 75
192 90 76
180 90 77
192 90 78
195 90 79
188 90 80
184 90 81
190 90 82
193 90 83
182 90 84
192 90 85
191 90 86
185 90 87
190 90 88
196 90 89
196 90 90
196 90 91
194 90 92
195 90 93
194 90 94
196 90 95
190 90 96
191 90 97
192 90 98
191 90 99
196 90 100
185 91 1
181 91 2
196 91 3
187 91 4
190 91 5
195 91 6
195 91 7
190 91 8
183 91 9
179 91 10
196 91 11
196 91 12
196 91 13
192 91 14
188 91 15
191 91 16
196 91 17
196 91 18
190 91 19
196 91 20
193 91 21
196 91 22
196 91 23
192 91 24
187 91 25
193 91 26
196 91 27
194 91 28
188 91 29
191 91 30
194 91 31
187 91 32
196 91 33
196 91 34
196 91 35
194 91 36
196 91 37
193 91 38
189 91 39
196 91 40
190 91 41
195 91 42
192 91 43
196 91 44
196 91 45
194 91 46
192 91 47
190 91 48
194 91 49
194 91 50
186 91 51
196 91 52
188 91 53
196 91 54
178 91 55
194 91 56
189 91 57
186 91 58
191 91 59
196 91 60
196 91 61
196 91 62
196 91 63
196 91 64
189 91 65
186 91 66
193 91 67
186 91 68
195 91 69
192 91 70
193 91 71
192 91 72
196 91 73
187 91 74
185 91 75
192 91 76
180 91 77
192 91 78
195 91 79
188 91 80
184 91 81
190 91 82
193 91 83
182 91 84
192 91 85
191 91 86
185 91 87
190 91 88
196 91 89
196 91 90
196 91 91
194 91 92
195 91 93
194 91 94
196 91 95
190 91 96
191 91 97
192 91 98
191 91 99
196 91 100
185 92 1
181 92 2
199 92 3
187 92 4
190 92 5
195 92 6
195 92 7
190 92 8
183 92 9
179 92 10
197 92 11
196 92 12
199 92 13
192 92 14
188 92 15
191 92 16
196 92 17
199 92 18
190 92 19
197 92 20
193 92 21
199 92 22
199 92 23
192 92 24
187 92 25
193 92 26
199 92 27
194 92 28
188 92 29
191 92 30
194 92 31
187 92 32
196 92 33
199 92 34
199 92 35
194 92 36
198 92 37
193 92 38
189 92 39
196 92 40
190 92 41
195 92 42
192 92 43
199 92 44
199 92 45
194 92 46
192 92 47
190 92 48
194 92 49
194 92 50
186 92 51
196 92 52
188 92 53
199 92 54
178 92 55
194 92 56
189 92 57
186 92 58
191 92 59
196 92 60
196 92 61
198 92 62
199 92 63
198 92 64
189 92 65
186 92 66
193 92 67
186 92 68
195 92 69
192 92 70
193 92 71
192 92 72
199 92 73
187 92 74
185 92 75
192 92 76
180 92 77
192 92 78
195 92 79
188 92 80
184 92 81
190 92 82
193 92 83
182 92 84
192 92 85
191 92 86
185 92 87
190 92 88
199 92 89
196 92 90
197 92 91
194 92 92
195 92 93
194 92 94
198 92 95
190 92 96
191 92 97
192 92 98
191 92 99
197 92 100
185 93 1
181 93 2
196 93 3
187 93 4
190 93 5
195 93 6
195 93 7
190 93 8
183 93 9
179 93 10
196 93 11
196 93 12
196 93 13
192 93 14
188 93 15
191 93 16
196 93 17
196 93 18
190 93 19
196 93 20
193 93 21
196 93 22
196 93 23
192 93 24
187 93 25
193 93 26
196 93 27
194 93 28
188 93 29
191 93 30
194 93 31
187 93 32
196 93 33
196 93 34
196 93 35
194 93 36
196 93 37
193 93 38
189 93 39
196 93 40
190 93 41
195 93 42
192 93 43
196 93 44
196 93 45
194 93 46
192 93 47
190 93 48
194 93 49
194 93 50
186 93 51
196 93 52
188 93 53
196 93 54
178 93 55
194 93 56
189 93 57
186 93 58
191 93 59
196 93 60
196 93 61
196 93 62
196 93 63
196 93 64
189 93 65
186 93 66
193 93 67
186 93 68
195 93 69
192 93 70
193 93 71
192 93 72
196 93 73
187 93 74
185 93 75
192 93 76
180 93 77
192 93 78
195 93 79
188 93 80
184 93 81
190 93 82
193 93 83
182 93 84
192 93 85
191 93 86
185 93 87
190 93 88
196 93 89
196 93 90
196 93 91
194 93 92
195 93 93
194 93 94
196 93 95
190 93 96
191 93 97
192 93 98
191 93 99
196 93 100
185 94 1
181 94 2
192 94 3
187 94 4
190 94 5
192 94 6
192 94 7
190 94 8
183 94 9
179 94 10
192 94 11
192 94 12
192 94 13
192 94 14
188 94 15
191 94 16
192 94 17
192 94 18
190 94 19
192 94 20
192 94 21
192 94 22
192 94 23
192 94 24
187 94 25
192 94 26
192 94 27
192 94 28
188 94 29
191 94 30
192 94 31
187 94 32
192 94 33
192 94 34
192 94 35
192 94 36
192 94 37
192 94 38
189 94 39
192 94 40
190 94 41
192 94 42
192 94 43
192 94 44
192 94 45
192 94 46
192 94 47
190 94 48
192 94 49
192 94 50
186 94 51
192 94 52
188 94 53
192 94 54
178 94 55
192 94 56
189 94 57
186 94 58
191 94 59
192 94 60
192 94 61
192 94 62
192 94 63
192 94 64
189 94 65
186 94 66
192 94 67
186 94 68
192 94 69
192 94 70
192 94 71
192 94 72
192 94 73
187 94 74
185 94 75
192 94 76
180 94 77
192 94 78
192 94 79
188 94 80
184 94 81
190 94 82
192 94 83
182 94 84
192 94 85
191 94 86
185 94 87
190 94 88
192 94 89
192 94 90
192 94 91
192 94 92
192 94 93
192 94 94
192 94 95
190 94 96
191 94 97
192 94 98
191 94 99
192 94 100
185 95 1
181 95 2
201 95 3
187 95 4
190 95 5
195 95 6
195 95 7
190 95 8
183 95 9
179 95 10
197 95 11
196 95 12
201 95 13
192 95 14
188 95 15
191 95 16
196 95 17
202 95 18
190 95 19
197 95 20
193 95 21
200 95 22
202 95 23
192 95 24
187 95 25
193 95 26
199 95 27
194 95 28
188 95 29
191 95 30
194 95 31
187 95 32
196 95 33
201 95 34
201 95 35
194 95 36
198 95 37
193 95 38
189 95 39
196 95 40
190 95 41
195 95 42
192 95 43
201 95 44
199 95 45
194 95 46
192 95 47
190 95 48
194 95 49
194 95 50
186 95 51
196 95 52
188 95 53
199 95 54
178 95 55
194 95 56
189 95 57
186 95 58
191 95 59
196 95 60
196 95 61
198 95 62
200 95 63
198 95 64
189 95 65
186 95 66
193 95 67
186 95 68
195 95 69
192 95 70
193 95 71
192 95 72
200 95 73
187 95 74
185 95 75
192 95 76
180 95 77
192 95 78
195 95 79
188 95 80
184 95 81
190 95 82
193 95 83
182 95 84
192 95 85
191 95 86
185 95 87
190 95 88
202 95 89
196 95 90
197 95 91
194 95 92
195 95 93
194 95 94
198 95 95
190 95 96
191 95 97
192 95 98
191 95 99
197 95 100
185 96 1
181 96 2
199 96 3
187 96 4
190 96 5
195 96 6
195 96 7
190 96 8
183 96 9
179 96 10
197 96 11
196 96 12
199 96 13
192 96 14
188 96 15
191 96 16
196 96 17
199 96 18
190 96 19
197 96 20
193 96 21
199 96 22
199 96 23
192 96 24
187 96 25
193 96 26
199 96 27
194 96 28
188 96 29
191 96 30
194 96 31
187 96 32
196 96 33
199 96 34
199 96 35
194 96 36
198 96 37
193 96 38
189 96 39
196 96 40
190 96 41
195 96 42
192 96 43
199 96 44
199 96 45
194 96 46
192 96 47
190 96 48
194 96 49
194 96 50
186 96 51
196 96 52
188 96 53
199 96 54
178 96 55
194 96 56
189 96 57
186 96 58
191 96 59
196 96 60
196 96 61
198 96 62
199 96 63
198 96 64
189 96 65
186 96 66
193 96 67
186 96 68
195 96 69
192 96 70
193 96 71
192 96 72
199 96 73
187 96 74
185 96 75
192 96 76
180 96 77
192 96 78
195 96 79
188 96 80
184 96 81
190 96 82
193 96 83
182 96 84
192 96 85
191 96 86
185 96 87
190 96 88
199 96 89
196 96 90
197 96 91
194 96 92
195 96 93
194 96 94
198 96 95
190 96 96
191 96 97
192 96 98
191 96 99
197 96 100
185 97 1
181 97 2
191 97 3
187 97 4
190 97 5
191 97 6
191 97 7
190 97 8
183 97 9
179 97 10
191 97 11
191 97 12
191 97 13
191 97 14
188 97 15
191 97 16
191 97 17
191 97 18
190 97 19
191 97 20
191 97 21
191 97 22
191 97 23
191 97 24
187 97 25
191 97 26
191 97 27
191 97 28
188 97 29
191 97 30
191 97 31
187 97 32
191 97 33
191 97 34
191 97 35
191 97 36
191 97 37
191 97 38
189 97 39
191 97 40
190 97 41
191 97 42
191 97 43
191 97 44
191 97 45
191 97 46
191 97 47
190 97 48
191 97 49
191 97 50
186 97 51
191 97 52
188 97 53
191 97 54
178 97 55
191 97 56
189 97 57
186 97 58
191 97 59
191 97 60
191 97 61
191 97 62
191 97 63
191 97 64
189 97 65
186 97 66
191 97 67
186 97 68
191 97 69
191 97 70
191 97 71
191 97 72
191 97 73
187 97 74
185 97 75
191 97 76
180 97 77
191 97 78
191 97 79
188 97 80
184 97 81
190 97 82
191 97 83
182 97 84
191 97 85
191 97 86
185 97 87
190 97 88
191 97 89
191 97 90
191 97 91
191 97 92
191 97 93
191 97 94
191 97 95
190 97 96
191 97 97
191 97 98
191 97 99
191 97 100
185 98 1
181 98 2
198 98 3
187 98 4
190 98 5
195 98 6
195 98 7
190 98 8
183 98 9
179 98 10
197 98 11
196 98 12
198 98 13
192 98 14
188 98 15
191 98 16
196 98 17
198 98 18
190 98 19
197 98 20
193 98 21
198 98 22
198 98 23
192 98 24
187 98 25
193 98 26
198 98 27
194 98 28
188 98 29
191 98 30
194 98 31
187 98 32
196 98 33
198 98 34
198 98 35
194 98 36
198 98 37
193 98 38
189 98 39
196 98 40
190 98 41
195 98 42
192 98 43
198 98 44
198 98 45
194 98 46
192 98 47
190 98 48
194 98 49
194 98 50
186 98 51
196 98 52
188 98 53
198 98 54
178 98 55
194 98 56
189 98 57
186 98 58
191 98 59
196 98 60
196 98 61
198 98 62
198 98 63
198 98 64
189 98 65
186 98 66
193 98 67
186 98 68
195 98 69
192 98 70
193 98 71
192 98 72
198 98 73
187 98 74
185 98 75
192 98 76
180 98 77
192 98 78
195 98 79
188 98 80
184 98 81
190 98 82
193 98 83
182 98 84
192 98 85
191 98 86
185 98 87
190 98 88
198 98 89
196 98 90
197 98 91
194 98 92
195 98 93
194 98 94
198 98 95
190 98 96
191 98 97
192 98 98
191 98 99
197 98 100
185 99 1
181 99 2
201 99 3
187 99 4
190 99 5
195 99 6
195 99 7
190 99 8
183 99 9
179 99 10
197 99 11
196 99 12
201 99 13
192 99 14
188 99 15
191 99 16
196 99 17
202 99 18
190 99 19
197 99 20
193 99 21
200 99 22
203 99 23
192 99 24
187 99 25
193 99 26
199 99 27
194 99 28
188 99 29
191 99 30
194 99 31
187 99 32
196 99 33
201 99 34
201 99 35
194 99 36
198 99 37
193 99 38
189 99 39
196 99 40
190 99 41
195 99 42
192 99 43
201 99 44
199 99 45
194 99 46
192 99 47
190 99 48
194 99 49
194 99 50
186 99 51
196 99 52
188 99 53
199 99 54
178 99 55
194 99 56
189 99 57
186 99 58
191 99 59
196 99 60
196 99 61
198 99 62
200 99 63
198 99 64
189 99 65
186 99 66
193 99 67
186 99 68
195 99 69
192 99 70
193 99 71
192 99 72
200 99 73
187 99 74
185 99 75
192 99 76
180 99 77
192 99 78
195 99 79
188 99 80
184 99 81
190 99 82
193 99 83
182 99 84
192 99 85
191 99 86
185 99 87
190 99 88
202 99 89
196 99 90
197 99 91
194 99 92
195 99 93
194 99 94
198 99 95
190 99 96
191 99 97
192 99 98
191 99 99
197 99 100
185 100 1
181 100 2
201 100 3
187 100 4
190 100 5
195 100 6
195 100 7
190 100 8
183 100 9
179 100 10
197 100 11
196 100 12
201 100 13
192 100 14
188 100 15
191 100 16
196 100 17
202 100 18
190 100 19
197 100 20
193 100 21
200 100 22
203 100 23
192 100 24
187 100 25
193 100 26
199 100 27
194 100 28
188 100 29
191 100 30
194 100 31
187 100 32
196 100 33
201 100 34
201 100 35
194 100 36
198 100 37
193 100 38
189 100 39
196 100 40
190 100 41
195 100 42
192 100 43
201 100 44
199 100 45
194 100 46
192 100 47
190 100 48
194 100 49
194 100 50
186 100 51
196 100 52
188 100 53
199 100 54
178 100 55
194 100 56
189 100 57
186 100 58
191 100 59
196 100 60
196 100 61
198 100 62
200 100 63
198 100 64
189 100 65
186 100 66
193 100 67
186 100 68
195 100 69
192 100 70
193 100 71
192 100 72
200 100 73
187 100 74
185 100 75
192 100 76
180 100 77
192 100 78
195 100 79
188 100 80
184 100 81
190 100 82
193 100 83
182 100 84
192 100 85
191 100 86
185 100 87
190 100 88
202 100 89
196 100 90
197 100 91
194 100 92
195 100 93
194 100 94
198 100 95
190 100 96
191 100 97
192 100 98
191 100 99
197 100 100
