147 1 1
149 1 2
160 1 3
151 1 4
147 1 5
154 1 6
159 1 7
163 1 8
157 1 9
157 1 10
148 1 11
148 1 12
159 1 13
158 1 14
148 1 15
155 1 16
149 1 17
161 1 18
153 1 19
161 1 20
157 1 21
152 1 22
168 1 23
160 1 24
152 1 25
163 1 26
146 1 27
162 1 28
155 1 29
142 1 30
148 1 31
155 1 32
155 1 33
148 1 34
156 1 35
141 1 36
162 1 37
155 1 38
159 1 39
143 1 40
149 1 41
151 1 42
161 1 43
163 1 44
155 1 45
154 1 46
157 1 47
149 1 48
150 1 49
160 1 50
147 1 51
155 1 52
152 1 53
151 1 54
160 1 55
153 1 56
155 1 57
151 1 58
153 1 59
167 1 60
145 1 61
161 1 62
148 1 63
156 1 64
151 1 65
154 1 66
160 1 67
154 1 68
155 1 69
154 1 70
150 1 71
159 1 72
157 1 73
155 1 74
155 1 75
157 1 76
155 1 77
164 1 78
151 1 79
161 1 80
147 1 81
152 1 82
159 1 83
155 1 84
145 1 85
152 1 86
143 1 87
164 1 88
164 1 89
152 1 90
162 1 91
164 1 92
150 1 93
159 1 94
157 1 95
159 1 96
159 1 97
154 1 98
152 1 99
152 1 100
149 2 1
150 2 2
160 2 3
154 2 4
150 2 5
154 2 6
160 2 7
164 2 8
156 2 9
157 2 10
149 2 11
151 2 12
161 2 13
158 2 14
148 2 15
156 2 16
148 2 17
162 2 18
157 2 19
162 2 20
155 2 21
154 2 22
167 2 23
160 2 24
153 2 25
166 2 26
146 2 27
163 2 28
156 2 29
142 2 30
150 2 31
152 2 32
159 2 33
145 2 34
154 2 35
144 2 36
162 2 37
156 2 38
157 2 39
143 2 40
148 2 41
154 2 42
160 2 43
162 2 44
156 2 45
154 2 46
159 2 47
147 2 48
152 2 49
157 2 50
150 2 51
156 2 52
153 2 53
149 2 54
157 2 55
153 2 56
154 2 57
150 2 58
151 2 59
165 2 60
145 2 61
161 2 62
147 2 63
157 2 64
153 2 65
155 2 66
160 2 67
155 2 68
157 2 69
153 2 70
153 2 71
159 2 72
157 2 73
155 2 74
155 2 75
156 2 76
151 2 77
162 2 78
154 2 79
158 2 80
149 2 81
154 2 82
160 2 83
157 2 84
148 2 85
151 2 86
144 2 87
161 2 88
162 2 89
155 2 90
162 2 91
163 2 92
149 2 93
159 2 94
158 2 95
156 2 96
160 2 97
157 2 98
153 2 99
150 2 100
153 3 1
151 3 2
164 3 3
155 3 4
154 3 5
158 3 6
164 3 7
165 3 8
157 3 9
158 3 10
157 3 11
156 3 12
166 3 13
163 3 14
154 3 15
159 3 16
158 3 17
167 3 18
158 3 19
166 3 20
161 3 21
163 3 22
171 3 23
162 3 24
155 3 25
165 3 26
153 3 27
165 3 28
157 3 29
149 3 30
156 3 31
156 3 32
161 3 33
155 3 34
164 3 35
152 3 36
166 3 37
159 3 38
160 3 39
154 3 40
156 3 41
158 3 42
162 3 43
166 3 44
162 3 45
159 3 46
161 3 47
153 3 48
158 3 49
162 3 50
153 3 51
159 3 52
157 3 53
158 3 54
160 3 55
159 3 56
158 3 57
155 3 58
157 3 59
169 3 60
152 3 61
165 3 62
155 3 63
162 3 64
157 3 65
158 3 66
162 3 67
157 3 68
160 3 69
158 3 70
158 3 71
162 3 72
164 3 73
157 3 74
157 3 75
161 3 76
155 3 77
165 3 78
159 3 79
161 3 80
152 3 81
157 3 82
163 3 83
156 3 84
153 3 85
155 3 86
149 3 87
165 3 88
168 3 89
160 3 90
166 3 91
165 3 92
157 3 93
162 3 94
161 3 95
160 3 96
162 3 97
160 3 98
158 3 99
157 3 100
152 4 1
152 4 2
162 4 3
156 4 4
152 4 5
157 4 6
162 4 7
165 4 8
158 4 9
158 4 10
153 4 11
152 4 12
166 4 13
163 4 14
152 4 15
158 4 16
155 4 17
166 4 18
158 4 19
164 4 20
161 4 21
158 4 22
172 4 23
163 4 24
154 4 25
166 4 26
150 4 27
165 4 28
158 4 29
147 4 30
156 4 31
158 4 32
160 4 33
152 4 34
160 4 35
149 4 36
164 4 37
157 4 38
160 4 39
149 4 40
155 4 41
157 4 42
164 4 43
168 4 44
159 4 45
159 4 46
161 4 47
154 4 48
154 4 49
162 4 50
151 4 51
158 4 52
156 4 53
153 4 54
160 4 55
158 4 56
159 4 57
155 4 58
158 4 59
168 4 60
148 4 61
165 4 62
153 4 63
161 4 64
155 4 65
158 4 66
164 4 67
157 4 68
158 4 69
158 4 70
156 4 71
162 4 72
162 4 73
157 4 74
157 4 75
161 4 76
154 4 77
166 4 78
157 4 79
161 4 80
152 4 81
156 4 82
165 4 83
157 4 84
150 4 85
156 4 86
148 4 87
165 4 88
168 4 89
158 4 90
167 4 91
164 4 92
156 4 93
163 4 94
159 4 95
161 4 96
162 4 97
159 4 98
156 4 99
157 4 100
145 5 1
144 5 2
162 5 3
152 5 4
149 5 5
150 5 6
158 5 7
160 5 8
155 5 9
154 5 10
150 5 11
152 5 12
161 5 13
158 5 14
148 5 15
154 5 16
153 5 17
159 5 18
156 5 19
158 5 20
155 5 21
159 5 22
168 5 23
158 5 24
154 5 25
159 5 26
147 5 27
159 5 28
151 5 29
144 5 30
154 5 31
151 5 32
155 5 33
148 5 34
161 5 35
147 5 36
161 5 37
151 5 38
156 5 39
146 5 40
154 5 41
154 5 42
160 5 43
161 5 44
159 5 45
156 5 46
155 5 47
146 5 48
152 5 49
156 5 50
145 5 51
157 5 52
151 5 53
148 5 54
154 5 55
154 5 56
154 5 57
147 5 58
152 5 59
161 5 60
148 5 61
159 5 62
152 5 63
154 5 64
151 5 65
153 5 66
159 5 67
153 5 68
153 5 69
153 5 70
154 5 71
156 5 72
157 5 73
153 5 74
152 5 75
153 5 76
147 5 77
160 5 78
155 5 79
155 5 80
149 5 81
152 5 82
159 5 83
149 5 84
153 5 85
151 5 86
148 5 87
158 5 88
159 5 89
158 5 90
164 5 91
160 5 92
152 5 93
157 5 94
155 5 95
157 5 96
157 5 97
154 5 98
150 5 99
155 5 100
150 6 1
150 6 2
163 6 3
156 6 4
153 6 5
157 6 6
164 6 7
164 6 8
156 6 9
155 6 10
153 6 11
155 6 12
166 6 13
161 6 14
153 6 15
158 6 16
155 6 17
166 6 18
157 6 19
164 6 20
160 6 21
160 6 22
171 6 23
163 6 24
154 6 25
165 6 26
150 6 27
163 6 28
155 6 29
146 6 30
158 6 31
157 6 32
161 6 33
152 6 34
160 6 35
149 6 36
163 6 37
160 6 38
158 6 39
150 6 40
157 6 41
158 6 42
163 6 43
165 6 44
162 6 45
157 6 46
160 6 47
154 6 48
156 6 49
161 6 50
152 6 51
159 6 52
155 6 53
155 6 54
158 6 55
158 6 56
157 6 57
153 6 58
156 6 59
168 6 60
148 6 61
163 6 62
154 6 63
160 6 64
154 6 65
156 6 66
163 6 67
156 6 68
160 6 69
157 6 70
158 6 71
162 6 72
163 6 73
156 6 74
157 6 75
160 6 76
152 6 77
165 6 78
157 6 79
160 6 80
151 6 81
157 6 82
165 6 83
156 6 84
153 6 85
155 6 86
150 6 87
163 6 88
167 6 89
158 6 90
167 6 91
164 6 92
156 6 93
162 6 94
160 6 95
160 6 96
163 6 97
160 6 98
157 6 99
156 6 100
151 7 1
152 7 2
164 7 3
155 7 4
153 7 5
156 7 6
162 7 7
165 7 8
158 7 9
157 7 10
151 7 11
154 7 12
164 7 13
162 7 14
153 7 15
160 7 16
153 7 17
166 7 18
158 7 19
166 7 20
162 7 21
158 7 22
172 7 23
164 7 24
156 7 25
166 7 26
148 7 27
165 7 28
157 7 29
146 7 30
155 7 31
157 7 32
162 7 33
150 7 34
158 7 35
146 7 36
164 7 37
157 7 38
160 7 39
148 7 40
153 7 41
156 7 42
163 7 43
165 7 44
160 7 45
159 7 46
159 7 47
152 7 48
153 7 49
162 7 50
151 7 51
158 7 52
157 7 53
152 7 54
159 7 55
156 7 56
159 7 57
153 7 58
156 7 59
168 7 60
147 7 61
164 7 62
151 7 63
160 7 64
155 7 65
157 7 66
164 7 67
157 7 68
158 7 69
156 7 70
154 7 71
162 7 72
161 7 73
158 7 74
157 7 75
161 7 76
154 7 77
166 7 78
157 7 79
160 7 80
153 7 81
158 7 82
165 7 83
156 7 84
151 7 85
154 7 86
147 7 87
164 7 88
167 7 89
158 7 90
166 7 91
164 7 92
154 7 93
163 7 94
159 7 95
161 7 96
163 7 97
160 7 98
157 7 99
155 7 100
148 8 1
151 8 2
161 8 3
153 8 4
149 8 5
154 8 6
161 8 7
165 8 8
158 8 9
157 8 10
150 8 11
152 8 12
162 8 13
162 8 14
150 8 15
158 8 16
152 8 17
165 8 18
157 8 19
164 8 20
159 8 21
156 8 22
170 8 23
163 8 24
154 8 25
165 8 26
147 8 27
164 8 28
157 8 29
144 8 30
152 8 31
157 8 32
159 8 33
149 8 34
157 8 35
145 8 36
164 8 37
156 8 38
159 8 39
144 8 40
152 8 41
153 8 42
163 8 43
165 8 44
159 8 45
157 8 46
159 8 47
150 8 48
151 8 49
160 8 50
149 8 51
157 8 52
155 8 53
152 8 54
159 8 55
156 8 56
156 8 57
152 8 58
154 8 59
168 8 60
146 8 61
163 8 62
150 8 63
158 8 64
154 8 65
158 8 66
163 8 67
157 8 68
156 8 69
156 8 70
152 8 71
161 8 72
159 8 73
156 8 74
157 8 75
158 8 76
155 8 77
165 8 78
153 8 79
160 8 80
150 8 81
155 8 82
164 8 83
155 8 84
148 8 85
153 8 86
144 8 87
164 8 88
164 8 89
157 8 90
164 8 91
164 8 92
152 8 93
162 8 94
158 8 95
161 8 96
161 8 97
158 8 98
154 8 99
155 8 100
148 9 1
149 9 2
160 9 3
153 9 4
147 9 5
152 9 6
158 9 7
164 9 8
154 9 9
154 9 10
151 9 11
150 9 12
160 9 13
156 9 14
147 9 15
155 9 16
154 9 17
162 9 18
153 9 19
159 9 20
156 9 21
154 9 22
167 9 23
161 9 24
149 9 25
164 9 26
147 9 27
161 9 28
151 9 29
144 9 30
153 9 31
154 9 32
158 9 33
149 9 34
157 9 35
144 9 36
161 9 37
153 9 38
155 9 39
147 9 40
149 9 41
153 9 42
160 9 43
161 9 44
155 9 45
153 9 46
159 9 47
150 9 48
151 9 49
158 9 50
150 9 51
157 9 52
152 9 53
150 9 54
156 9 55
157 9 56
153 9 57
148 9 58
152 9 59
162 9 60
146 9 61
159 9 62
151 9 63
156 9 64
153 9 65
154 9 66
161 9 67
156 9 68
156 9 69
156 9 70
154 9 71
160 9 72
158 9 73
150 9 74
157 9 75
155 9 76
149 9 77
162 9 78
152 9 79
155 9 80
146 9 81
154 9 82
161 9 83
154 9 84
149 9 85
151 9 86
145 9 87
160 9 88
161 9 89
155 9 90
163 9 91
159 9 92
150 9 93
159 9 94
153 9 95
158 9 96
160 9 97
156 9 98
152 9 99
154 9 100
147 10 1
149 10 2
160 10 3
152 10 4
150 10 5
152 10 6
162 10 7
163 10 8
157 10 9
157 10 10
146 10 11
150 10 12
160 10 13
158 10 14
150 10 15
158 10 16
149 10 17
163 10 18
155 10 19
163 10 20
156 10 21
155 10 22
169 10 23
160 10 24
153 10 25
161 10 26
144 10 27
163 10 28
155 10 29
140 10 30
150 10 31
154 10 32
159 10 33
145 10 34
154 10 35
142 10 36
162 10 37
155 10 38
158 10 39
143 10 40
150 10 41
154 10 42
158 10 43
164 10 44
158 10 45
155 10 46
157 10 47
148 10 48
151 10 49
158 10 50
147 10 51
153 10 52
152 10 53
150 10 54
158 10 55
153 10 56
157 10 57
152 10 58
153 10 59
164 10 60
142 10 61
162 10 62
148 10 63
157 10 64
152 10 65
154 10 66
160 10 67
153 10 68
156 10 69
152 10 70
151 10 71
158 10 72
159 10 73
154 10 74
155 10 75
158 10 76
151 10 77
163 10 78
154 10 79
160 10 80
149 10 81
154 10 82
161 10 83
154 10 84
149 10 85
150 10 86
144 10 87
163 10 88
161 10 89
153 10 90
161 10 91
162 10 92
148 10 93
159 10 94
157 10 95
157 10 96
161 10 97
156 10 98
153 10 99
151 10 100
148 11 1
147 11 2
161 11 3
151 11 4
150 11 5
153 11 6
159 11 7
164 11 8
154 11 9
153 11 10
155 11 11
155 11 12
163 11 13
158 11 14
149 11 15
155 11 16
154 11 17
166 11 18
157 11 19
162 11 20
159 11 21
160 11 22
169 11 23
160 11 24
154 11 25
162 11 26
151 11 27
161 11 28
156 11 29
147 11 30
153 11 31
154 11 32
161 11 33
154 11 34
162 11 35
152 11 36
162 11 37
154 11 38
158 11 39
151 11 40
152 11 41
154 11 42
161 11 43
167 11 44
161 11 45
156 11 46
157 11 47
150 11 48
157 11 49
159 11 50
151 11 51
158 11 52
153 11 53
154 11 54
157 11 55
159 11 56
155 11 57
151 11 58
153 11 59
166 11 60
150 11 61
163 11 62
153 11 63
158 11 64
153 11 65
154 11 66
162 11 67
153 11 68
155 11 69
154 11 70
152 11 71
160 11 72
162 11 73
156 11 74
155 11 75
159 11 76
150 11 77
162 11 78
155 11 79
156 11 80
147 11 81
153 11 82
159 11 83
151 11 84
153 11 85
153 11 86
148 11 87
163 11 88
165 11 89
159 11 90
164 11 91
165 11 92
156 11 93
160 11 94
158 11 95
157 11 96
159 11 97
156 11 98
154 11 99
158 11 100
151 12 1
150 12 2
163 12 3
155 12 4
154 12 5
158 12 6
164 12 7
164 12 8
156 12 9
156 12 10
155 12 11
153 12 12
166 12 13
162 12 14
152 12 15
159 12 16
157 12 17
167 12 18
158 12 19
165 12 20
161 12 21
162 12 22
171 12 23
162 12 24
155 12 25
163 12 26
151 12 27
164 12 28
156 12 29
148 12 30
155 12 31
157 12 32
162 12 33
155 12 34
161 12 35
150 12 36
164 12 37
159 12 38
159 12 39
153 12 40
157 12 41
158 12 42
161 12 43
165 12 44
162 12 45
160 12 46
158 12 47
153 12 48
156 12 49
160 12 50
152 12 51
159 12 52
154 12 53
157 12 54
158 12 55
157 12 56
156 12 57
154 12 58
157 12 59
167 12 60
151 12 61
164 12 62
156 12 63
160 12 64
157 12 65
157 12 66
163 12 67
155 12 68
160 12 69
157 12 70
156 12 71
162 12 72
164 12 73
157 12 74
156 12 75
161 12 76
154 12 77
167 12 78
158 12 79
160 12 80
151 12 81
157 12 82
163 12 83
156 12 84
153 12 85
155 12 86
148 12 87
162 12 88
167 12 89
159 12 90
165 12 91
162 12 92
156 12 93
162 12 94
160 12 95
161 12 96
161 12 97
159 12 98
158 12 99
157 12 100
149 13 1
148 13 2
164 13 3
154 13 4
152 13 5
156 13 6
161 13 7
162 13 8
155 13 9
156 13 10
155 13 11
154 13 12
166 13 13
160 13 14
153 13 15
158 13 16
156 13 17
166 13 18
156 13 19
165 13 20
159 13 21
161 13 22
171 13 23
160 13 24
154 13 25
163 13 26
151 13 27
164 13 28
155 13 29
149 13 30
157 13 31
155 13 32
162 13 33
156 13 34
162 13 35
151 13 36
163 13 37
157 13 38
157 13 39
152 13 40
155 13 41
158 13 42
159 13 43
166 13 44
159 13 45
158 13 46
157 13 47
154 13 48
157 13 49
159 13 50
150 13 51
157 13 52
154 13 53
154 13 54
156 13 55
157 13 56
157 13 57
154 13 58
155 13 59
166 13 60
151 13 61
162 13 62
153 13 63
163 13 64
155 13 65
155 13 66
161 13 67
155 13 68
159 13 69
155 13 70
155 13 71
160 13 72
161 13 73
154 13 74
155 13 75
160 13 76
151 13 77
164 13 78
158 13 79
157 13 80
150 13 81
156 13 82
161 13 83
155 13 84
152 13 85
154 13 86
145 13 87
163 13 88
165 13 89
159 13 90
165 13 91
162 13 92
155 13 93
160 13 94
159 13 95
158 13 96
160 13 97
157 13 98
155 13 99
155 13 100
149 14 1
148 14 2
161 14 3
152 14 4
147 14 5
154 14 6
158 14 7
162 14 8
154 14 9
152 14 10
152 14 11
150 14 12
160 14 13
163 14 14
149 14 15
154 14 16
150 14 17
162 14 18
154 14 19
162 14 20
157 14 21
156 14 22
167 14 23
156 14 24
151 14 25
160 14 26
147 14 27
163 14 28
153 14 29
142 14 30
153 14 31
152 14 32
155 14 33
150 14 34
159 14 35
147 14 36
158 14 37
153 14 38
156 14 39
148 14 40
154 14 41
155 14 42
158 14 43
163 14 44
156 14 45
156 14 46
155 14 47
151 14 48
154 14 49
159 14 50
148 14 51
157 14 52
150 14 53
153 14 54
155 14 55
154 14 56
155 14 57
149 14 58
152 14 59
168 14 60
147 14 61
159 14 62
149 14 63
159 14 64
152 14 65
153 14 66
158 14 67
153 14 68
154 14 69
154 14 70
153 14 71
156 14 72
158 14 73
155 14 74
154 14 75
154 14 76
151 14 77
161 14 78
154 14 79
153 14 80
144 14 81
153 14 82
161 14 83
153 14 84
146 14 85
152 14 86
143 14 87
163 14 88
161 14 89
153 14 90
159 14 91
160 14 92
152 14 93
160 14 94
158 14 95
157 14 96
158 14 97
155 14 98
151 14 99
154 14 100
152 15 1
148 15 2
162 15 3
154 15 4
153 15 5
157 15 6
161 15 7
163 15 8
157 15 9
156 15 10
151 15 11
152 15 12
165 15 13
160 15 14
153 15 15
157 15 16
154 15 17
166 15 18
158 15 19
165 15 20
158 15 21
159 15 22
169 15 23
162 15 24
151 15 25
163 15 26
146 15 27
163 15 28
155 15 29
145 15 30
156 15 31
153 15 32
160 15 33
151 15 34
160 15 35
149 15 36
165 15 37
156 15 38
156 15 39
151 15 40
155 15 41
160 15 42
161 15 43
164 15 44
161 15 45
156 15 46
156 15 47
152 15 48
158 15 49
159 15 50
148 15 51
160 15 52
152 15 53
152 15 54
157 15 55
157 15 56
157 15 57
153 15 58
154 15 59
165 15 60
149 15 61
162 15 62
150 15 63
160 15 64
156 15 65
156 15 66
161 15 67
157 15 68
159 15 69
154 15 70
155 15 71
162 15 72
161 15 73
155 15 74
154 15 75
160 15 76
151 15 77
164 15 78
159 15 79
160 15 80
149 15 81
156 15 82
162 15 83
153 15 84
152 15 85
155 15 86
147 15 87
162 15 88
166 15 89
157 15 90
166 15 91
161 15 92
155 15 93
160 15 94
159 15 95
160 15 96
160 15 97
158 15 98
156 15 99
155 15 100
148 16 1
149 16 2
162 16 3
152 16 4
149 16 5
155 16 6
163 16 7
164 16 8
154 16 9
153 16 10
149 16 11
151 16 12
161 16 13
159 16 14
148 16 15
158 16 16
151 16 17
164 16 18
155 16 19
160 16 20
158 16 21
158 16 22
167 16 23
160 16 24
154 16 25
165 16 26
146 16 27
163 16 28
153 16 29
144 16 30
151 16 31
155 16 32
159 16 33
148 16 34
156 16 35
145 16 36
164 16 37
156 16 38
158 16 39
146 16 40
152 16 41
153 16 42
160 16 43
161 16 44
160 16 45
156 16 46
158 16 47
149 16 48
152 16 49
157 16 50
152 16 51
156 16 52
154 16 53
152 16 54
157 16 55
155 16 56
154 16 57
151 16 58
154 16 59
165 16 60
147 16 61
163 16 62
150 16 63
160 16 64
154 16 65
152 16 66
160 16 67
156 16 68
158 16 69
155 16 70
154 16 71
159 16 72
160 16 73
153 16 74
155 16 75
156 16 76
152 16 77
164 16 78
155 16 79
158 16 80
150 16 81
156 16 82
161 16 83
153 16 84
148 16 85
149 16 86
147 16 87
160 16 88
163 16 89
158 16 90
161 16 91
162 16 92
150 16 93
158 16 94
156 16 95
158 16 96
159 16 97
155 16 98
152 16 99
151 16 100
149 17 1
147 17 2
161 17 3
150 17 4
151 17 5
153 17 6
159 17 7
161 17 8
153 17 9
153 17 10
157 17 11
151 17 12
161 17 13
158 17 14
149 17 15
155 17 16
158 17 17
165 17 18
157 17 19
162 17 20
160 17 21
160 17 22
168 17 23
161 17 24
154 17 25
160 17 26
149 17 27
160 17 28
153 17 29
148 17 30
156 17 31
153 17 32
161 17 33
154 17 34
160 17 35
149 17 36
164 17 37
154 17 38
158 17 39
151 17 40
152 17 41
155 17 42
158 17 43
165 17 44
161 17 45
157 17 46
157 17 47
152 17 48
155 17 49
159 17 50
150 17 51
156 17 52
152 17 53
156 17 54
156 17 55
156 17 56
154 17 57
149 17 58
154 17 59
163 17 60
151 17 61
163 17 62
151 17 63
159 17 64
153 17 65
154 17 66
160 17 67
152 17 68
155 17 69
155 17 70
151 17 71
160 17 72
160 17 73
156 17 74
154 17 75
158 17 76
151 17 77
162 17 78
154 17 79
155 17 80
148 17 81
155 17 82
159 17 83
151 17 84
151 17 85
154 17 86
145 17 87
161 17 88
167 17 89
158 17 90
163 17 91
162 17 92
155 17 93
159 17 94
157 17 95
158 17 96
158 17 97
158 17 98
152 17 99
158 17 100
151 18 1
151 18 2
165 18 3
153 18 4
153 18 5
157 18 6
162 18 7
165 18 8
156 18 9
157 18 10
156 18 11
155 18 12
165 18 13
161 18 14
151 18 15
158 18 16
157 18 17
167 18 18
159 18 19
164 18 20
160 18 21
163 18 22
172 18 23
162 18 24
154 18 25
166 18 26
152 18 27
163 18 28
156 18 29
150 18 30
156 18 31
155 18 32
162 18 33
156 18 34
163 18 35
152 18 36
165 18 37
157 18 38
161 18 39
152 18 40
154 18 41
157 18 42
162 18 43
167 18 44
162 18 45
159 18 46
161 18 47
153 18 48
158 18 49
161 18 50
151 18 51
160 18 52
155 18 53
155 18 54
159 18 55
160 18 56
157 18 57
154 18 58
156 18 59
167 18 60
151 18 61
164 18 62
156 18 63
162 18 64
156 18 65
156 18 66
163 18 67
156 18 68
158 18 69
158 18 70
155 18 71
161 18 72
163 18 73
156 18 74
156 18 75
162 18 76
153 18 77
165 18 78
158 18 79
159 18 80
152 18 81
157 18 82
162 18 83
154 18 84
154 18 85
155 18 86
147 18 87
163 18 88
167 18 89
159 18 90
167 18 91
163 18 92
157 18 93
161 18 94
161 18 95
160 18 96
161 18 97
159 18 98
157 18 99
158 18 100
151 19 1
149 19 2
162 19 3
155 19 4
150 19 5
158 19 6
160 19 7
163 19 8
155 19 9
153 19 10
153 19 11
154 19 12
164 19 13
161 19 14
151 19 15
157 19 16
156 19 17
161 19 18
157 19 19
161 19 20
157 19 21
158 19 22
168 19 23
160 19 24
152 19 25
163 19 26
148 19 27
160 19 28
155 19 29
147 19 30
154 19 31
153 19 32
158 19 33
155 19 34
162 19 35
148 19 36
161 19 37
156 19 38
157 19 39
151 19 40
155 19 41
157 19 42
162 19 43
164 19 44
158 19 45
157 19 46
156 19 47
152 19 48
154 19 49
157 19 50
150 19 51
158 19 52
155 19 53
151 19 54
157 19 55
156 19 56
158 19 57
153 19 58
153 19 59
164 19 60
149 19 61
161 19 62
152 19 63
160 19 64
154 19 65
155 19 66
160 19 67
153 19 68
158 19 69
157 19 70
155 19 71
158 19 72
160 19 73
154 19 74
155 19 75
158 19 76
151 19 77
164 19 78
158 19 79
158 19 80
151 19 81
155 19 82
163 19 83
154 19 84
150 19 85
154 19 86
145 19 87
162 19 88
167 19 89
157 19 90
162 19 91
159 19 92
155 19 93
160 19 94
159 19 95
158 19 96
161 19 97
156 19 98
153 19 99
155 19 100
146 20 1
146 20 2
160 20 3
152 20 4
149 20 5
153 20 6
158 20 7
158 20 8
151 20 9
152 20 10
152 20 11
149 20 12
158 20 13
156 20 14
147 20 15
153 20 16
153 20 17
163 20 18
152 20 19
161 20 20
155 20 21
159 20 22
166 20 23
163 20 24
148 20 25
161 20 26
148 20 27
156 20 28
152 20 29
145 20 30
153 20 31
153 20 32
155 20 33
152 20 34
161 20 35
148 20 36
161 20 37
153 20 38
155 20 39
150 20 40
151 20 41
153 20 42
158 20 43
161 20 44
155 20 45
154 20 46
157 20 47
150 20 48
154 20 49
160 20 50
145 20 51
156 20 52
151 20 53
153 20 54
153 20 55
154 20 56
155 20 57
149 20 58
156 20 59
162 20 60
146 20 61
158 20 62
151 20 63
156 20 64
151 20 65
151 20 66
158 20 67
155 20 68
155 20 69
152 20 70
153 20 71
156 20 72
159 20 73
151 20 74
152 20 75
154 20 76
147 20 77
160 20 78
158 20 79
157 20 80
147 20 81
151 20 82
162 20 83
151 20 84
148 20 85
149 20 86
148 20 87
158 20 88
163 20 89
156 20 90
161 20 91
160 20 92
154 20 93
158 20 94
155 20 95
155 20 96
160 20 97
159 20 98
153 20 99
151 20 100
149 21 1
149 21 2
160 21 3
153 21 4
151 21 5
158 21 6
159 21 7
161 21 8
156 21 9
153 21 10
154 21 11
153 21 12
163 21 13
162 21 14
150 21 15
157 21 16
157 21 17
166 21 18
154 21 19
162 21 20
161 21 21
163 21 22
169 21 23
160 21 24
153 21 25
164 21 26
151 21 27
161 21 28
153 21 29
149 21 30
155 21 31
156 21 32
161 21 33
154 21 34
160 21 35
152 21 36
164 21 37
155 21 38
158 21 39
152 21 40
152 21 41
157 21 42
159 21 43
164 21 44
161 21 45
156 21 46
157 21 47
152 21 48
156 21 49
159 21 50
148 21 51
156 21 52
151 21 53
156 21 54
159 21 55
157 21 56
156 21 57
153 21 58
154 21 59
166 21 60
148 21 61
162 21 62
153 21 63
159 21 64
154 21 65
155 21 66
161 21 67
155 21 68
159 21 69
155 21 70
155 21 71
160 21 72
165 21 73
153 21 74
155 21 75
157 21 76
153 21 77
166 21 78
157 21 79
157 21 80
150 21 81
154 21 82
164 21 83
151 21 84
153 21 85
155 21 86
147 21 87
163 21 88
164 21 89
158 21 90
163 21 91
162 21 92
155 21 93
160 21 94
157 21 95
159 21 96
159 21 97
157 21 98
155 21 99
157 21 100
151 22 1
150 22 2
164 22 3
153 22 4
154 22 5
156 22 6
163 22 7
163 22 8
157 22 9
157 22 10
155 22 11
156 22 12
165 22 13
161 22 14
152 22 15
159 22 16
158 22 17
168 22 18
158 22 19
164 22 20
161 22 21
163 22 22
171 22 23
163 22 24
156 22 25
165 22 26
152 22 27
164 22 28
157 22 29
147 22 30
157 22 31
156 22 32
162 22 33
155 22 34
162 22 35
151 22 36
165 22 37
158 22 38
160 22 39
150 22 40
156 22 41
158 22 42
163 22 43
166 22 44
162 22 45
160 22 46
160 22 47
155 22 48
157 22 49
161 22 50
152 22 51
159 22 52
155 22 53
155 22 54
158 22 55
158 22 56
158 22 57
155 22 58
155 22 59
166 22 60
150 22 61
163 22 62
156 22 63
162 22 64
155 22 65
155 22 66
162 22 67
157 22 68
159 22 69
157 22 70
157 22 71
162 22 72
164 22 73
158 22 74
157 22 75
161 22 76
152 22 77
165 22 78
158 22 79
160 22 80
153 22 81
157 22 82
164 22 83
154 22 84
153 22 85
154 22 86
148 22 87
163 22 88
167 22 89
160 22 90
167 22 91
164 22 92
155 22 93
161 22 94
159 22 95
160 22 96
160 22 97
158 22 98
157 22 99
159 22 100
150 23 1
150 23 2
162 23 3
154 23 4
152 23 5
158 23 6
163 23 7
165 23 8
156 23 9
157 23 10
151 23 11
154 23 12
164 23 13
161 23 14
150 23 15
157 23 16
154 23 17
167 23 18
158 23 19
163 23 20
159 23 21
158 23 22
171 23 23
164 23 24
153 23 25
165 23 26
150 23 27
163 23 28
157 23 29
146 23 30
156 23 31
156 23 32
161 23 33
152 23 34
161 23 35
147 23 36
162 23 37
158 23 38
159 23 39
149 23 40
154 23 41
157 23 42
161 23 43
165 23 44
161 23 45
157 23 46
160 23 47
152 23 48
156 23 49
162 23 50
151 23 51
158 23 52
155 23 53
154 23 54
158 23 55
159 23 56
156 23 57
153 23 58
156 23 59
168 23 60
148 23 61
164 23 62
154 23 63
160 23 64
155 23 65
155 23 66
161 23 67
156 23 68
160 23 69
157 23 70
155 23 71
161 23 72
162 23 73
155 23 74
156 23 75
161 23 76
153 23 77
164 23 78
158 23 79
158 23 80
150 23 81
157 23 82
163 23 83
155 23 84
153 23 85
156 23 86
147 23 87
164 23 88
167 23 89
158 23 90
165 23 91
162 23 92
154 23 93
162 23 94
159 23 95
158 23 96
162 23 97
157 23 98
157 23 99
157 23 100
145 24 1
148 24 2
161 24 3
150 24 4
146 24 5
152 24 6
160 24 7
164 24 8
155 24 9
156 24 10
144 24 11
147 24 12
157 24 13
159 24 14
150 24 15
156 24 16
150 24 17
162 24 18
153 24 19
163 24 20
155 24 21
152 24 22
167 24 23
160 24 24
153 24 25
161 24 26
144 24 27
162 24 28
156 24 29
140 24 30
148 24 31
153 24 32
156 24 33
144 24 34
155 24 35
141 24 36
160 24 37
153 24 38
156 24 39
142 24 40
149 24 41
150 24 42
160 24 43
161 24 44
156 24 45
155 24 46
158 24 47
146 24 48
151 24 49
157 24 50
147 24 51
154 24 52
154 24 53
148 24 54
158 24 55
151 24 56
154 24 57
151 24 58
153 24 59
164 24 60
141 24 61
160 24 62
148 24 63
154 24 64
150 24 65
154 24 66
160 24 67
152 24 68
155 24 69
152 24 70
152 24 71
158 24 72
158 24 73
153 24 74
153 24 75
154 24 76
152 24 77
164 24 78
151 24 79
158 24 80
151 24 81
152 24 82
160 24 83
156 24 84
145 24 85
150 24 86
143 24 87
165 24 88
163 24 89
154 24 90
160 24 91
163 24 92
149 24 93
159 24 94
155 24 95
157 24 96
158 24 97
154 24 98
151 24 99
149 24 100
148 25 1
148 25 2
160 25 3
151 25 4
150 25 5
157 25 6
159 25 7
163 25 8
153 25 9
150 25 10
155 25 11
152 25 12
162 25 13
157 25 14
150 25 15
156 25 16
154 25 17
164 25 18
151 25 19
163 25 20
158 25 21
160 25 22
167 25 23
159 25 24
154 25 25
163 25 26
147 25 27
158 25 28
151 25 29
148 25 30
154 25 31
152 25 32
160 25 33
154 25 34
159 25 35
145 25 36
161 25 37
154 25 38
157 25 39
150 25 40
152 25 41
154 25 42
157 25 43
163 25 44
160 25 45
157 25 46
156 25 47
153 25 48
153 25 49
155 25 50
151 25 51
156 25 52
152 25 53
153 25 54
153 25 55
157 25 56
155 25 57
151 25 58
153 25 59
162 25 60
145 25 61
160 25 62
149 25 63
156 25 64
154 25 65
153 25 66
160 25 67
151 25 68
157 25 69
156 25 70
153 25 71
159 25 72
159 25 73
155 25 74
152 25 75
156 25 76
152 25 77
162 25 78
154 25 79
157 25 80
151 25 81
152 25 82
161 25 83
151 25 84
151 25 85
152 25 86
143 25 87
161 25 88
165 25 89
156 25 90
162 25 91
159 25 92
155 25 93
156 25 94
155 25 95
157 25 96
157 25 97
155 25 98
155 25 99
154 25 100
148 26 1
149 26 2
159 26 3
153 26 4
151 26 5
156 26 6
160 26 7
162 26 8
158 26 9
153 26 10
151 26 11
152 26 12
160 26 13
160 26 14
151 26 15
154 26 16
152 26 17
166 26 18
154 26 19
162 26 20
156 26 21
158 26 22
167 26 23
162 26 24
153 26 25
166 26 26
149 26 27
163 26 28
154 26 29
144 26 30
153 26 31
154 26 32
157 26 33
151 26 34
159 26 35
147 26 36
162 26 37
158 26 38
156 26 39
149 26 40
151 26 41
156 26 42
160 26 43
163 26 44
158 26 45
153 26 46
157 26 47
151 26 48
154 26 49
159 26 50
149 26 51
156 26 52
153 26 53
154 26 54
156 26 55
157 26 56
157 26 57
150 26 58
153 26 59
165 26 60
146 26 61
161 26 62
152 26 63
159 26 64
154 26 65
152 26 66
159 26 67
154 26 68
157 26 69
154 26 70
154 26 71
159 26 72
160 26 73
152 26 74
153 26 75
155 26 76
152 26 77
163 26 78
155 26 79
158 26 80
147 26 81
156 26 82
163 26 83
154 26 84
150 26 85
149 26 86
146 26 87
162 26 88
164 26 89
156 26 90
163 26 91
161 26 92
150 26 93
160 26 94
157 26 95
157 26 96
159 26 97
155 26 98
155 26 99
153 26 100
151 27 1
151 27 2
162 27 3
153 27 4
154 27 5
158 27 6
160 27 7
165 27 8
158 27 9
155 27 10
157 27 11
155 27 12
165 27 13
161 27 14
154 27 15
157 27 16
158 27 17
165 27 18
156 27 19
162 27 20
161 27 21
163 27 22
170 27 23
162 27 24
154 27 25
164 27 26
152 27 27
163 27 28
155 27 29
150 27 30
157 27 31
156 27 32
162 27 33
156 27 34
161 27 35
152 27 36
164 27 37
158 27 38
158 27 39
155 27 40
154 27 41
157 27 42
162 27 43
165 27 44
162 27 45
157 27 46
157 27 47
154 27 48
156 27 49
159 27 50
149 27 51
159 27 52
155 27 53
157 27 54
159 27 55
157 27 56
158 27 57
153 27 58
158 27 59
167 27 60
152 27 61
163 27 62
156 27 63
161 27 64
156 27 65
156 27 66
161 27 67
157 27 68
160 27 69
158 27 70
155 27 71
162 27 72
164 27 73
154 27 74
155 27 75
159 27 76
154 27 77
165 27 78
157 27 79
158 27 80
150 27 81
158 27 82
164 27 83
155 27 84
154 27 85
156 27 86
148 27 87
161 27 88
167 27 89
158 27 90
164 27 91
162 27 92
155 27 93
160 27 94
159 27 95
159 27 96
161 27 97
158 27 98
155 27 99
157 27 100
151 28 1
150 28 2
162 28 3
154 28 4
154 28 5
154 28 6
160 28 7
164 28 8
157 28 9
155 28 10
150 28 11
152 28 12
163 28 13
162 28 14
152 28 15
156 28 16
154 28 17
164 28 18
158 28 19
165 28 20
160 28 21
156 28 22
171 28 23
163 28 24
156 28 25
165 28 26
148 28 27
166 28 28
155 28 29
146 28 30
154 28 31
154 28 32
161 28 33
149 28 34
158 28 35
144 28 36
163 28 37
157 28 38
158 28 39
146 28 40
152 28 41
156 28 42
162 28 43
165 28 44
160 28 45
157 28 46
158 28 47
151 28 48
155 28 49
162 28 50
149 28 51
157 28 52
154 28 53
151 28 54
158 28 55
156 28 56
157 28 57
152 28 58
157 28 59
167 28 60
147 28 61
163 28 62
149 28 63
159 28 64
153 28 65
154 28 66
161 28 67
155 28 68
157 28 69
154 28 70
153 28 71
161 28 72
160 28 73
156 28 74
156 28 75
161 28 76
153 28 77
164 28 78
157 28 79
159 28 80
151 28 81
157 28 82
164 28 83
155 28 84
150 28 85
153 28 86
147 28 87
164 28 88
168 28 89
158 28 90
165 28 91
162 28 92
152 28 93
161 28 94
157 28 95
161 28 96
159 28 97
159 28 98
156 28 99
152 28 100
146 29 1
148 29 2
160 29 3
151 29 4
147 29 5
153 29 6
159 29 7
164 29 8
157 29 9
157 29 10
147 29 11
150 29 12
159 29 13
159 29 14
149 29 15
156 29 16
149 29 17
161 29 18
155 29 19
160 29 20
156 29 21
153 29 22
168 29 23
159 29 24
150 29 25
164 29 26
146 29 27
163 29 28
156 29 29
141 29 30
149 29 31
154 29 32
155 29 33
147 29 34
154 29 35
142 29 36
162 29 37
154 29 38
158 29 39
144 29 40
146 29 41
152 29 42
161 29 43
161 29 44
157 29 45
155 29 46
157 29 47
146 29 48
150 29 49
157 29 50
146 29 51
154 29 52
153 29 53
148 29 54
159 29 55
152 29 56
155 29 57
151 29 58
152 29 59
167 29 60
143 29 61
161 29 62
148 29 63
156 29 64
153 29 65
155 29 66
161 29 67
156 29 68
154 29 69
153 29 70
149 29 71
158 29 72
157 29 73
153 29 74
155 29 75
157 29 76
152 29 77
165 29 78
152 29 79
159 29 80
149 29 81
154 29 82
161 29 83
154 29 84
148 29 85
148 29 86
143 29 87
163 29 88
163 29 89
153 29 90
165 29 91
161 29 92
150 29 93
159 29 94
155 29 95
157 29 96
160 29 97
155 29 98
152 29 99
151 29 100
146 30 1
146 30 2
157 30 3
152 30 4
151 30 5
156 30 6
159 30 7
159 30 8
152 30 9
152 30 10
153 30 11
150 30 12
162 30 13
156 30 14
146 30 15
153 30 16
156 30 17
165 30 18
153 30 19
160 30 20
157 30 21
159 30 22
165 30 23
161 30 24
152 30 25
161 30 26
149 30 27
157 30 28
150 30 29
151 30 30
155 30 31
154 30 32
159 30 33
154 30 34
160 30 35
147 30 36
159 30 37
152 30 38
155 30 39
151 30 40
149 30 41
154 30 42
159 30 43
164 30 44
157 30 45
154 30 46
156 30 47
152 30 48
152 30 49
156 30 50
148 30 51
153 30 52
148 30 53
151 30 54
154 30 55
156 30 56
153 30 57
149 30 58
151 30 59
163 30 60
147 30 61
161 30 62
151 30 63
156 30 64
149 30 65
152 30 66
159 30 67
151 30 68
157 30 69
154 30 70
153 30 71
159 30 72
158 30 73
152 30 74
153 30 75
157 30 76
149 30 77
159 30 78
154 30 79
154 30 80
148 30 81
153 30 82
160 30 83
150 30 84
148 30 85
151 30 86
142 30 87
161 30 88
166 30 89
158 30 90
159 30 91
159 30 92
152 30 93
156 30 94
155 30 95
156 30 96
158 30 97
156 30 98
151 30 99
156 30 100
150 31 1
149 31 2
159 31 3
152 31 4
151 31 5
155 31 6
156 31 7
159 31 8
156 31 9
152 31 10
153 31 11
151 31 12
160 31 13
156 31 14
148 31 15
153 31 16
157 31 17
161 31 18
153 31 19
159 31 20
157 31 21
158 31 22
166 31 23
160 31 24
151 31 25
162 31 26
147 31 27
158 31 28
151 31 29
148 31 30
156 31 31
153 31 32
160 31 33
152 31 34
158 31 35
147 31 36
161 31 37
153 31 38
153 31 39
150 31 40
149 31 41
153 31 42
157 31 43
162 31 44
158 31 45
154 31 46
155 31 47
150 31 48
152 31 49
158 31 50
146 31 51
154 31 52
152 31 53
153 31 54
156 31 55
155 31 56
155 31 57
152 31 58
152 31 59
165 31 60
148 31 61
160 31 62
149 31 63
158 31 64
152 31 65
152 31 66
158 31 67
155 31 68
156 31 69
155 31 70
154 31 71
159 31 72
164 31 73
150 31 74
155 31 75
157 31 76
151 31 77
162 31 78
156 31 79
156 31 80
147 31 81
155 31 82
161 31 83
151 31 84
152 31 85
152 31 86
145 31 87
158 31 88
162 31 89
154 31 90
162 31 91
158 31 92
153 31 93
157 31 94
152 31 95
158 31 96
157 31 97
155 31 98
152 31 99
153 31 100
143 32 1
145 32 2
154 32 3
146 32 4
144 32 5
151 32 6
158 32 7
159 32 8
152 32 9
151 32 10
144 32 11
147 32 12
160 32 13
155 32 14
145 32 15
153 32 16
147 32 17
162 32 18
150 32 19
158 32 20
159 32 21
152 32 22
167 32 23
157 32 24
148 32 25
163 32 26
143 32 27
157 32 28
150 32 29
142 32 30
151 32 31
157 32 32
154 32 33
148 32 34
154 32 35
141 32 36
157 32 37
149 32 38
155 32 39
144 32 40
148 32 41
150 32 42
157 32 43
158 32 44
153 32 45
152 32 46
153 32 47
146 32 48
146 32 49
156 32 50
144 32 51
150 32 52
148 32 53
144 32 54
155 32 55
152 32 56
153 32 57
148 32 58
149 32 59
162 32 60
141 32 61
157 32 62
147 32 63
153 32 64
148 32 65
148 32 66
158 32 67
150 32 68
154 32 69
149 32 70
148 32 71
159 32 72
156 32 73
149 32 74
152 32 75
155 32 76
150 32 77
161 32 78
149 32 79
152 32 80
146 32 81
152 32 82
157 32 83
149 32 84
143 32 85
149 32 86
142 32 87
156 32 88
160 32 89
152 32 90
160 32 91
159 32 92
149 32 93
155 32 94
155 32 95
154 32 96
156 32 97
153 32 98
151 32 99
150 32 100
152 33 1
150 33 2
165 33 3
155 33 4
155 33 5
157 33 6
163 33 7
164 33 8
157 33 9
157 33 10
154 33 11
154 33 12
166 33 13
161 33 14
152 33 15
159 33 16
156 33 17
167 33 18
158 33 19
165 33 20
162 33 21
162 33 22
172 33 23
163 33 24
155 33 25
166 33 26
150 33 27
164 33 28
156 33 29
148 33 30
157 33 31
156 33 32
163 33 33
153 33 34
161 33 35
151 33 36
166 33 37
159 33 38
161 33 39
149 33 40
155 33 41
158 33 42
162 33 43
167 33 44
163 33 45
160 33 46
161 33 47
154 33 48
158 33 49
162 33 50
153 33 51
159 33 52
155 33 53
155 33 54
159 33 55
160 33 56
158 33 57
155 33 58
156 33 59
167 33 60
150 33 61
165 33 62
153 33 63
161 33 64
156 33 65
157 33 66
164 33 67
157 33 68
159 33 69
157 33 70
157 33 71
162 33 72
164 33 73
157 33 74
156 33 75
161 33 76
154 33 77
165 33 78
158 33 79
160 33 80
152 33 81
157 33 82
164 33 83
155 33 84
154 33 85
156 33 86
149 33 87
165 33 88
168 33 89
161 33 90
166 33 91
165 33 92
157 33 93
162 33 94
161 33 95
161 33 96
161 33 97
160 33 98
157 33 99
157 33 100
149 34 1
146 34 2
159 34 3
151 34 4
150 34 5
153 34 6
157 34 7
161 34 8
153 34 9
151 34 10
155 34 11
152 34 12
163 34 13
157 34 14
149 34 15
153 34 16
158 34 17
166 34 18
153 34 19
161 34 20
159 34 21
159 34 22
169 34 23
159 34 24
153 34 25
161 34 26
149 34 27
161 34 28
151 34 29
149 34 30
155 34 31
155 34 32
160 34 33
157 34 34
159 34 35
150 34 36
161 34 37
153 34 38
155 34 39
154 34 40
151 34 41
155 34 42
158 34 43
164 34 44
161 34 45
155 34 46
155 34 47
152 34 48
153 34 49
157 34 50
147 34 51
154 34 52
149 34 53
155 34 54
155 34 55
157 34 56
154 34 57
151 34 58
154 34 59
164 34 60
149 34 61
161 34 62
152 34 63
156 34 64
154 34 65
153 34 66
163 34 67
153 34 68
154 34 69
155 34 70
152 34 71
160 34 72
160 34 73
154 34 74
153 34 75
159 34 76
150 34 77
163 34 78
152 34 79
154 34 80
149 34 81
153 34 82
158 34 83
150 34 84
153 34 85
155 34 86
147 34 87
161 34 88
164 34 89
159 34 90
164 34 91
161 34 92
154 34 93
157 34 94
156 34 95
156 34 96
155 34 97
154 34 98
153 34 99
157 34 100
150 35 1
150 35 2
163 35 3
154 35 4
153 35 5
156 35 6
163 35 7
164 35 8
155 35 9
156 35 10
153 35 11
156 35 12
165 35 13
161 35 14
152 35 15
158 35 16
158 35 17
166 35 18
157 35 19
165 35 20
160 35 21
161 35 22
171 35 23
163 35 24
155 35 25
164 35 26
150 35 27
165 35 28
157 35 29
149 35 30
155 35 31
156 35 32
163 35 33
155 35 34
163 35 35
149 35 36
163 35 37
160 35 38
160 35 39
152 35 40
155 35 41
159 35 42
161 35 43
165 35 44
161 35 45
158 35 46
159 35 47
153 35 48
157 35 49
161 35 50
152 35 51
159 35 52
156 35 53
153 35 54
159 35 55
157 35 56
156 35 57
154 35 58
158 35 59
168 35 60
153 35 61
165 35 62
155 35 63
162 35 64
155 35 65
157 35 66
162 35 67
157 35 68
160 35 69
157 35 70
156 35 71
161 35 72
164 35 73
155 35 74
158 35 75
162 35 76
153 35 77
166 35 78
157 35 79
158 35 80
150 35 81
156 35 82
163 35 83
156 35 84
153 35 85
155 35 86
147 35 87
163 35 88
166 35 89
159 35 90
166 35 91
163 35 92
158 35 93
161 35 94
160 35 95
160 35 96
162 35 97
159 35 98
157 35 99
156 35 100
152 36 1
151 36 2
164 36 3
156 36 4
154 36 5
157 36 6
163 36 7
165 36 8
158 36 9
158 36 10
156 36 11
155 36 12
167 36 13
162 36 14
153 36 15
159 36 16
157 36 17
167 36 18
158 36 19
165 36 20
161 36 21
163 36 22
172 36 23
163 36 24
155 36 25
165 36 26
152 36 27
166 36 28
158 36 29
149 36 30
158 36 31
158 36 32
162 36 33
155 36 34
163 36 35
152 36 36
166 36 37
159 36 38
160 36 39
152 36 40
157 36 41
158 36 42
164 36 43
168 36 44
162 36 45
159 36 46
161 36 47
154 36 48
157 36 49
163 36 50
153 36 51
161 36 52
156 36 53
156 36 54
159 36 55
160 36 56
158 36 57
155 36 58
157 36 59
168 36 60
152 36 61
165 36 62
156 36 63
162 36 64
156 36 65
157 36 66
163 36 67
157 36 68
160 36 69
158 36 70
158 36 71
162 36 72
164 36 73
157 36 74
157 36 75
161 36 76
154 36 77
166 36 78
159 36 79
161 36 80
153 36 81
158 36 82
164 36 83
156 36 84
154 36 85
156 36 86
150 36 87
164 36 88
168 36 89
160 36 90
166 36 91
165 36 92
156 36 93
163 36 94
161 36 95
162 36 96
162 36 97
160 36 98
158 36 99
159 36 100
148 37 1
145 37 2
160 37 3
149 37 4
151 37 5
154 37 6
159 37 7
161 37 8
152 37 9
150 37 10
151 37 11
150 37 12
161 37 13
159 37 14
147 37 15
155 37 16
151 37 17
164 37 18
155 37 19
161 37 20
157 37 21
158 37 22
166 37 23
159 37 24
153 37 25
161 37 26
149 37 27
158 37 28
153 37 29
142 37 30
152 37 31
152 37 32
157 37 33
149 37 34
154 37 35
148 37 36
164 37 37
153 37 38
154 37 39
148 37 40
152 37 41
150 37 42
158 37 43
165 37 44
156 37 45
155 37 46
157 37 47
149 37 48
155 37 49
157 37 50
148 37 51
155 37 52
153 37 53
157 37 54
154 37 55
156 37 56
153 37 57
148 37 58
150 37 59
162 37 60
147 37 61
162 37 62
149 37 63
159 37 64
153 37 65
152 37 66
160 37 67
154 37 68
155 37 69
151 37 70
150 37 71
159 37 72
156 37 73
153 37 74
153 37 75
155 37 76
151 37 77
162 37 78
153 37 79
154 37 80
149 37 81
154 37 82
158 37 83
151 37 84
146 37 85
150 37 86
145 37 87
159 37 88
163 37 89
155 37 90
160 37 91
160 37 92
152 37 93
158 37 94
158 37 95
155 37 96
158 37 97
155 37 98
152 37 99
154 37 100
151 38 1
150 38 2
163 38 3
154 38 4
153 38 5
157 38 6
163 38 7
163 38 8
157 38 9
157 38 10
154 38 11
155 38 12
166 38 13
162 38 14
152 38 15
158 38 16
157 38 17
166 38 18
157 38 19
165 38 20
160 38 21
162 38 22
173 38 23
161 38 24
155 38 25
163 38 26
151 38 27
163 38 28
157 38 29
150 38 30
156 38 31
158 38 32
161 38 33
152 38 34
161 38 35
151 38 36
163 38 37
157 38 38
158 38 39
149 38 40
154 38 41
156 38 42
163 38 43
166 38 44
159 38 45
159 38 46
161 38 47
153 38 48
156 38 49
162 38 50
150 38 51
158 38 52
156 38 53
156 38 54
158 38 55
158 38 56
157 38 57
154 38 58
157 38 59
169 38 60
152 38 61
164 38 62
154 38 63
162 38 64
157 38 65
157 38 66
164 38 67
156 38 68
157 38 69
156 38 70
156 38 71
161 38 72
161 38 73
156 38 74
156 38 75
161 38 76
155 38 77
165 38 78
159 38 79
159 38 80
152 38 81
155 38 82
162 38 83
155 38 84
153 38 85
157 38 86
150 38 87
163 38 88
166 38 89
159 38 90
166 38 91
163 38 92
155 38 93
161 38 94
160 38 95
160 38 96
160 38 97
159 38 98
155 38 99
155 38 100
150 39 1
149 39 2
162 39 3
155 39 4
150 39 5
154 39 6
161 39 7
163 39 8
155 39 9
157 39 10
152 39 11
151 39 12
165 39 13
161 39 14
151 39 15
156 39 16
154 39 17
165 39 18
155 39 19
163 39 20
160 39 21
156 39 22
170 39 23
161 39 24
154 39 25
164 39 26
150 39 27
164 39 28
156 39 29
145 39 30
155 39 31
156 39 32
160 39 33
152 39 34
158 39 35
147 39 36
164 39 37
158 39 38
160 39 39
147 39 40
152 39 41
157 39 42
162 39 43
166 39 44
157 39 45
155 39 46
158 39 47
152 39 48
153 39 49
159 39 50
149 39 51
158 39 52
155 39 53
152 39 54
158 39 55
154 39 56
157 39 57
152 39 58
155 39 59
165 39 60
148 39 61
161 39 62
150 39 63
160 39 64
154 39 65
155 39 66
161 39 67
155 39 68
156 39 69
156 39 70
154 39 71
160 39 72
159 39 73
156 39 74
156 39 75
159 39 76
152 39 77
164 39 78
154 39 79
157 39 80
151 39 81
156 39 82
163 39 83
155 39 84
149 39 85
153 39 86
144 39 87
161 39 88
166 39 89
155 39 90
165 39 91
163 39 92
153 39 93
160 39 94
156 39 95
158 39 96
161 39 97
156 39 98
152 39 99
155 39 100
147 40 1
146 40 2
159 40 3
151 40 4
146 40 5
153 40 6
158 40 7
162 40 8
152 40 9
151 40 10
150 40 11
152 40 12
160 40 13
156 40 14
149 40 15
154 40 16
154 40 17
163 40 18
154 40 19
162 40 20
156 40 21
160 40 22
167 40 23
158 40 24
149 40 25
160 40 26
147 40 27
160 40 28
153 40 29
147 40 30
156 40 31
154 40 32
157 40 33
154 40 34
160 40 35
148 40 36
159 40 37
154 40 38
155 40 39
150 40 40
153 40 41
155 40 42
160 40 43
162 40 44
156 40 45
157 40 46
154 40 47
152 40 48
152 40 49
160 40 50
146 40 51
157 40 52
152 40 53
154 40 54
152 40 55
157 40 56
155 40 57
147 40 58
152 40 59
162 40 60
150 40 61
164 40 62
154 40 63
158 40 64
151 40 65
152 40 66
162 40 67
152 40 68
154 40 69
153 40 70
151 40 71
161 40 72
159 40 73
152 40 74
154 40 75
160 40 76
147 40 77
161 40 78
155 40 79
153 40 80
146 40 81
153 40 82
159 40 83
153 40 84
150 40 85
152 40 86
145 40 87
159 40 88
165 40 89
156 40 90
163 40 91
161 40 92
153 40 93
158 40 94
156 40 95
156 40 96
158 40 97
156 40 98
154 40 99
155 40 100
150 41 1
144 41 2
160 41 3
151 41 4
147 41 5
151 41 6
158 41 7
162 41 8
153 41 9
152 41 10
148 41 11
151 41 12
161 41 13
156 41 14
150 41 15
156 41 16
150 41 17
166 41 18
156 41 19
162 41 20
156 41 21
153 41 22
164 41 23
158 41 24
149 41 25
159 41 26
144 41 27
159 41 28
153 41 29
142 41 30
153 41 31
154 41 32
159 41 33
147 41 34
155 41 35
145 41 36
160 41 37
155 41 38
152 41 39
146 41 40
156 41 41
154 41 42
158 41 43
162 41 44
158 41 45
152 41 46
155 41 47
148 41 48
150 41 49
160 41 50
149 41 51
155 41 52
152 41 53
148 41 54
156 41 55
153 41 56
152 41 57
149 41 58
149 41 59
164 41 60
145 41 61
160 41 62
149 41 63
157 41 64
151 41 65
153 41 66
161 41 67
153 41 68
156 41 69
153 41 70
152 41 71
160 41 72
157 41 73
150 41 74
154 41 75
159 41 76
148 41 77
159 41 78
153 41 79
155 41 80
146 41 81
152 41 82
159 41 83
150 41 84
149 41 85
149 41 86
145 41 87
160 41 88
160 41 89
152 41 90
162 41 91
160 41 92
153 41 93
158 41 94
156 41 95
155 41 96
159 41 97
156 41 98
154 41 99
155 41 100
151 42 1
150 42 2
163 42 3
154 42 4
153 42 5
157 42 6
164 42 7
164 42 8
157 42 9
154 42 10
156 42 11
155 42 12
165 42 13
161 42 14
153 42 15
157 42 16
155 42 17
165 42 18
156 42 19
164 42 20
158 42 21
160 42 22
171 42 23
159 42 24
154 42 25
163 42 26
151 42 27
164 42 28
155 42 29
150 42 30
156 42 31
156 42 32
159 42 33
154 42 34
160 42 35
150 42 36
161 42 37
156 42 38
159 42 39
152 42 40
155 42 41
159 42 42
160 42 43
165 42 44
161 42 45
159 42 46
158 42 47
153 42 48
155 42 49
158 42 50
150 42 51
156 42 52
154 42 53
155 42 54
156 42 55
158 42 56
157 42 57
151 42 58
156 42 59
165 42 60
149 42 61
163 42 62
156 42 63
160 42 64
156 42 65
155 42 66
162 42 67
155 42 68
156 42 69
157 42 70
154 42 71
161 42 72
161 42 73
154 42 74
157 42 75
158 42 76
153 42 77
163 42 78
156 42 79
159 42 80
150 42 81
156 42 82
162 42 83
156 42 84
151 42 85
151 42 86
147 42 87
161 42 88
166 42 89
158 42 90
164 42 91
161 42 92
156 42 93
159 42 94
156 42 95
159 42 96
161 42 97
158 42 98
154 42 99
156 42 100
148 43 1
150 43 2
160 43 3
150 43 4
148 43 5
155 43 6
159 43 7
162 43 8
155 43 9
155 43 10
148 43 11
149 43 12
159 43 13
160 43 14
148 43 15
155 43 16
150 43 17
162 43 18
154 43 19
159 43 20
160 43 21
154 43 22
170 43 23
161 43 24
153 43 25
162 43 26
145 43 27
164 43 28
155 43 29
142 43 30
150 43 31
155 43 32
156 43 33
149 43 34
157 43 35
143 43 36
161 43 37
154 43 38
158 43 39
143 43 40
149 43 41
150 43 42
164 43 43
165 43 44
155 43 45
154 43 46
158 43 47
149 43 48
149 43 49
159 43 50
147 43 51
156 43 52
153 43 53
150 43 54
157 43 55
154 43 56
155 43 57
151 43 58
154 43 59
168 43 60
147 43 61
161 43 62
151 43 63
157 43 64
151 43 65
153 43 66
162 43 67
154 43 68
153 43 69
154 43 70
150 43 71
162 43 72
157 43 73
156 43 74
155 43 75
158 43 76
153 43 77
165 43 78
151 43 79
159 43 80
147 43 81
154 43 82
162 43 83
156 43 84
146 43 85
154 43 86
143 43 87
161 43 88
164 43 89
156 43 90
164 43 91
162 43 92
150 43 93
160 43 94
155 43 95
161 43 96
159 43 97
156 43 98
152 43 99
151 43 100
150 44 1
150 44 2
163 44 3
153 44 4
152 44 5
156 44 6
161 44 7
163 44 8
157 44 9
155 44 10
155 44 11
154 44 12
166 44 13
160 44 14
153 44 15
158 44 16
158 44 17
167 44 18
158 44 19
165 44 20
161 44 21
162 44 22
170 44 23
161 44 24
154 44 25
165 44 26
153 44 27
164 44 28
155 44 29
148 44 30
157 44 31
156 44 32
160 44 33
155 44 34
162 44 35
149 44 36
165 44 37
158 44 38
160 44 39
151 44 40
155 44 41
158 44 42
161 44 43
165 44 44
161 44 45
158 44 46
159 44 47
153 44 48
159 44 49
159 44 50
151 44 51
158 44 52
155 44 53
155 44 54
157 44 55
158 44 56
158 44 57
155 44 58
155 44 59
166 44 60
151 44 61
163 44 62
155 44 63
162 44 64
155 44 65
155 44 66
161 44 67
155 44 68
158 44 69
157 44 70
155 44 71
162 44 72
162 44 73
155 44 74
155 44 75
159 44 76
152 44 77
164 44 78
157 44 79
159 44 80
150 44 81
156 44 82
161 44 83
155 44 84
153 44 85
155 44 86
147 44 87
163 44 88
168 44 89
159 44 90
165 44 91
163 44 92
157 44 93
160 44 94
160 44 95
158 44 96
159 44 97
158 44 98
157 44 99
157 44 100
153 45 1
152 45 2
163 45 3
156 45 4
154 45 5
158 45 6
162 45 7
164 45 8
157 45 9
157 45 10
154 45 11
156 45 12
166 45 13
162 45 14
153 45 15
160 45 16
156 45 17
167 45 18
159 45 19
164 45 20
161 45 21
162 45 22
171 45 23
163 45 24
154 45 25
165 45 26
150 45 27
164 45 28
157 45 29
149 45 30
158 45 31
158 45 32
162 45 33
154 45 34
163 45 35
152 45 36
166 45 37
159 45 38
159 45 39
152 45 40
155 45 41
159 45 42
163 45 43
167 45 44
162 45 45
158 45 46
159 45 47
154 45 48
158 45 49
162 45 50
152 45 51
159 45 52
156 45 53
155 45 54
159 45 55
159 45 56
157 45 57
155 45 58
156 45 59
169 45 60
150 45 61
164 45 62
153 45 63
162 45 64
156 45 65
158 45 66
163 45 67
157 45 68
160 45 69
158 45 70
157 45 71
161 45 72
164 45 73
156 45 74
158 45 75
160 45 76
154 45 77
166 45 78
159 45 79
160 45 80
152 45 81
157 45 82
165 45 83
155 45 84
152 45 85
156 45 86
149 45 87
165 45 88
167 45 89
160 45 90
165 45 91
164 45 92
155 45 93
162 45 94
160 45 95
162 45 96
162 45 97
158 45 98
156 45 99
158 45 100
150 46 1
149 46 2
162 46 3
154 46 4
153 46 5
156 46 6
161 46 7
163 46 8
157 46 9
155 46 10
155 46 11
157 46 12
166 46 13
161 46 14
152 46 15
157 46 16
157 46 17
167 46 18
157 46 19
163 46 20
162 46 21
162 46 22
171 46 23
162 46 24
155 46 25
165 46 26
153 46 27
163 46 28
154 46 29
149 46 30
157 46 31
156 46 32
162 46 33
153 46 34
161 46 35
151 46 36
164 46 37
156 46 38
159 46 39
153 46 40
153 46 41
159 46 42
161 46 43
168 46 44
161 46 45
158 46 46
158 46 47
154 46 48
156 46 49
159 46 50
150 46 51
156 46 52
154 46 53
156 46 54
158 46 55
158 46 56
158 46 57
154 46 58
155 46 59
167 46 60
148 46 61
162 46 62
154 46 63
160 46 64
156 46 65
156 46 66
164 46 67
156 46 68
159 46 69
156 46 70
154 46 71
161 46 72
163 46 73
156 46 74
155 46 75
159 46 76
154 46 77
166 46 78
156 46 79
157 46 80
151 46 81
156 46 82
164 46 83
153 46 84
153 46 85
154 46 86
147 46 87
163 46 88
168 46 89
159 46 90
166 46 91
163 46 92
154 46 93
159 46 94
159 46 95
159 46 96
159 46 97
158 46 98
157 46 99
159 46 100
149 47 1
150 47 2
162 47 3
154 47 4
151 47 5
156 47 6
163 47 7
165 47 8
156 47 9
156 47 10
153 47 11
151 47 12
163 47 13
163 47 14
151 47 15
158 47 16
155 47 17
166 47 18
156 47 19
162 47 20
160 47 21
159 47 22
170 47 23
161 47 24
155 47 25
164 47 26
148 47 27
165 47 28
157 47 29
146 47 30
156 47 31
157 47 32
158 47 33
151 47 34
159 47 35
146 47 36
163 47 37
156 47 38
160 47 39
147 47 40
152 47 41
155 47 42
162 47 43
165 47 44
159 47 45
159 47 46
159 47 47
152 47 48
152 47 49
161 47 50
149 47 51
157 47 52
155 47 53
152 47 54
160 47 55
157 47 56
158 47 57
152 47 58
156 47 59
166 47 60
147 47 61
164 47 62
152 47 63
159 47 64
155 47 65
156 47 66
162 47 67
156 47 68
157 47 69
158 47 70
155 47 71
161 47 72
162 47 73
156 47 74
156 47 75
158 47 76
153 47 77
167 47 78
156 47 79
159 47 80
152 47 81
157 47 82
162 47 83
156 47 84
150 47 85
154 47 86
147 47 87
164 47 88
166 47 89
157 47 90
166 47 91
162 47 92
155 47 93
162 47 94
156 47 95
160 47 96
161 47 97
158 47 98
154 47 99
155 47 100
150 48 1
149 48 2
162 48 3
152 48 4
152 48 5
156 48 6
160 48 7
162 48 8
156 48 9
155 48 10
155 48 11
154 48 12
164 48 13
161 48 14
153 48 15
156 48 16
156 48 17
166 48 18
156 48 19
163 48 20
161 48 21
160 48 22
173 48 23
161 48 24
155 48 25
165 48 26
149 48 27
163 48 28
153 48 29
149 48 30
155 48 31
155 48 32
160 48 33
153 48 34
160 48 35
149 48 36
163 48 37
158 48 38
159 48 39
151 48 40
154 48 41
157 48 42
161 48 43
168 48 44
160 48 45
157 48 46
158 48 47
155 48 48
155 48 49
161 48 50
149 48 51
158 48 52
153 48 53
156 48 54
157 48 55
157 48 56
157 48 57
152 48 58
157 48 59
167 48 60
148 48 61
161 48 62
154 48 63
160 48 64
154 48 65
154 48 66
161 48 67
155 48 68
156 48 69
156 48 70
155 48 71
161 48 72
163 48 73
156 48 74
154 48 75
160 48 76
154 48 77
164 48 78
156 48 79
157 48 80
149 48 81
157 48 82
162 48 83
155 48 84
150 48 85
153 48 86
145 48 87
162 48 88
168 48 89
157 48 90
164 48 91
162 48 92
154 48 93
158 48 94
158 48 95
160 48 96
158 48 97
158 48 98
158 48 99
157 48 100
149 49 1
148 49 2
161 49 3
150 49 4
152 49 5
154 49 6
160 49 7
162 49 8
155 49 9
154 49 10
154 49 11
155 49 12
165 49 13
158 49 14
151 49 15
156 49 16
156 49 17
166 49 18
157 49 19
164 49 20
158 49 21
159 49 22
171 49 23
160 49 24
153 49 25
163 49 26
155 49 27
162 49 28
155 49 29
149 49 30
156 49 31
155 49 32
160 49 33
156 49 34
163 49 35
150 49 36
163 49 37
157 49 38
159 49 39
153 49 40
155 49 41
157 49 42
161 49 43
165 49 44
160 49 45
157 49 46
156 49 47
151 49 48
157 49 49
159 49 50
149 49 51
156 49 52
154 49 53
155 49 54
155 49 55
157 49 56
155 49 57
153 49 58
154 49 59
164 49 60
152 49 61
161 49 62
153 49 63
160 49 64
154 49 65
154 49 66
161 49 67
156 49 68
156 49 69
154 49 70
154 49 71
160 49 72
162 49 73
156 49 74
154 49 75
162 49 76
151 49 77
163 49 78
156 49 79
157 49 80
150 49 81
157 49 82
161 49 83
155 49 84
154 49 85
153 49 86
146 49 87
163 49 88
166 49 89
159 49 90
164 49 91
164 49 92
155 49 93
159 49 94
158 49 95
157 49 96
160 49 97
157 49 98
157 49 99
154 49 100
151 50 1
150 50 2
162 50 3
154 50 4
153 50 5
156 50 6
161 50 7
166 50 8
158 50 9
155 50 10
152 50 11
154 50 12
165 50 13
161 50 14
154 50 15
158 50 16
154 50 17
166 50 18
157 50 19
164 50 20
160 50 21
160 50 22
170 50 23
161 50 24
154 50 25
164 50 26
150 50 27
165 50 28
155 50 29
148 50 30
156 50 31
155 50 32
160 50 33
151 50 34
162 50 35
149 50 36
163 50 37
159 50 38
159 50 39
150 50 40
153 50 41
158 50 42
163 50 43
167 50 44
158 50 45
157 50 46
158 50 47
152 50 48
157 50 49
162 50 50
151 50 51
158 50 52
156 50 53
155 50 54
157 50 55
157 50 56
158 50 57
153 50 58
156 50 59
168 50 60
148 50 61
163 50 62
152 50 63
161 50 64
156 50 65
156 50 66
161 50 67
155 50 68
158 50 69
157 50 70
156 50 71
159 50 72
163 50 73
156 50 74
155 50 75
159 50 76
154 50 77
165 50 78
158 50 79
159 50 80
152 50 81
157 50 82
163 50 83
155 50 84
150 50 85
153 50 86
148 50 87
163 50 88
167 50 89
157 50 90
165 50 91
163 50 92
154 50 93
160 50 94
159 50 95
160 50 96
161 50 97
160 50 98
157 50 99
156 50 100
148 51 1
148 51 2
158 51 3
149 51 4
151 51 5
153 51 6
160 51 7
160 51 8
151 51 9
154 51 10
152 51 11
149 51 12
160 51 13
157 51 14
148 51 15
157 51 16
150 51 17
160 51 18
155 51 19
159 51 20
154 51 21
153 51 22
166 51 23
159 51 24
150 51 25
161 51 26
147 51 27
162 51 28
157 51 29
144 51 30
150 51 31
153 51 32
156 51 33
145 51 34
157 51 35
145 51 36
158 51 37
154 51 38
156 51 39
144 51 40
149 51 41
153 51 42
157 51 43
161 51 44
156 51 45
152 51 46
155 51 47
143 51 48
154 51 49
157 51 50
150 51 51
152 51 52
153 51 53
151 51 54
153 51 55
153 51 56
152 51 57
150 51 58
151 51 59
163 51 60
143 51 61
162 51 62
148 51 63
155 51 64
151 51 65
151 51 66
156 51 67
153 51 68
152 51 69
150 51 70
151 51 71
154 51 72
158 51 73
152 51 74
151 51 75
157 51 76
149 51 77
162 51 78
155 51 79
154 51 80
149 51 81
152 51 82
159 51 83
151 51 84
144 51 85
148 51 86
146 51 87
160 51 88
160 51 89
155 51 90
159 51 91
162 51 92
151 51 93
159 51 94
160 51 95
155 51 96
158 51 97
153 51 98
156 51 99
151 51 100
148 52 1
149 52 2
156 52 3
151 52 4
148 52 5
152 52 6
158 52 7
156 52 8
150 52 9
152 52 10
151 52 11
150 52 12
157 52 13
154 52 14
146 52 15
154 52 16
152 52 17
162 52 18
153 52 19
159 52 20
152 52 21
156 52 22
167 52 23
155 52 24
149 52 25
156 52 26
149 52 27
159 52 28
150 52 29
144 52 30
149 52 31
154 52 32
155 52 33
149 52 34
158 52 35
145 52 36
157 52 37
154 52 38
151 52 39
150 52 40
149 52 41
156 52 42
156 52 43
158 52 44
159 52 45
152 52 46
151 52 47
150 52 48
148 52 49
160 52 50
146 52 51
152 52 52
150 52 53
149 52 54
152 52 55
150 52 56
151 52 57
151 52 58
150 52 59
163 52 60
143 52 61
159 52 62
152 52 63
156 52 64
148 52 65
151 52 66
159 52 67
149 52 68
156 52 69
152 52 70
153 52 71
153 52 72
160 52 73
151 52 74
151 52 75
156 52 76
148 52 77
158 52 78
153 52 79
153 52 80
145 52 81
149 52 82
156 52 83
150 52 84
148 52 85
152 52 86
142 52 87
157 52 88
159 52 89
154 52 90
158 52 91
159 52 92
152 52 93
157 52 94
157 52 95
156 52 96
156 52 97
150 52 98
154 52 99
153 52 100
151 53 1
150 53 2
164 53 3
154 53 4
152 53 5
155 53 6
162 53 7
164 53 8
155 53 9
156 53 10
151 53 11
154 53 12
166 53 13
160 53 14
152 53 15
159 53 16
154 53 17
166 53 18
157 53 19
166 53 20
160 53 21
157 53 22
171 53 23
163 53 24
154 53 25
164 53 26
149 53 27
164 53 28
156 53 29
146 53 30
155 53 31
158 53 32
161 53 33
149 53 34
160 53 35
147 53 36
163 53 37
159 53 38
158 53 39
149 53 40
155 53 41
157 53 42
161 53 43
167 53 44
158 53 45
157 53 46
160 53 47
153 53 48
154 53 49
162 53 50
150 53 51
157 53 52
157 53 53
152 53 54
158 53 55
156 53 56
157 53 57
153 53 58
157 53 59
167 53 60
148 53 61
163 53 62
151 53 63
161 53 64
154 53 65
157 53 66
162 53 67
156 53 68
158 53 69
157 53 70
153 53 71
162 53 72
163 53 73
156 53 74
157 53 75
161 53 76
152 53 77
167 53 78
158 53 79
158 53 80
151 53 81
157 53 82
163 53 83
155 53 84
151 53 85
153 53 86
146 53 87
163 53 88
166 53 89
159 53 90
165 53 91
163 53 92
156 53 93
161 53 94
157 53 95
160 53 96
162 53 97
157 53 98
157 53 99
156 53 100
150 54 1
149 54 2
163 54 3
153 54 4
153 54 5
157 54 6
162 54 7
163 54 8
156 54 9
156 54 10
157 54 11
156 54 12
164 54 13
160 54 14
152 54 15
156 54 16
157 54 17
166 54 18
157 54 19
164 54 20
161 54 21
162 54 22
172 54 23
161 54 24
155 54 25
166 54 26
153 54 27
163 54 28
154 54 29
149 54 30
156 54 31
156 54 32
160 54 33
157 54 34
162 54 35
151 54 36
164 54 37
159 54 38
159 54 39
153 54 40
156 54 41
156 54 42
162 54 43
167 54 44
160 54 45
158 54 46
160 54 47
155 54 48
156 54 49
162 54 50
152 54 51
159 54 52
154 54 53
158 54 54
157 54 55
159 54 56
156 54 57
152 54 58
156 54 59
166 54 60
151 54 61
163 54 62
157 54 63
161 54 64
155 54 65
154 54 66
162 54 67
155 54 68
158 54 69
155 54 70
156 54 71
162 54 72
162 54 73
156 54 74
157 54 75
161 54 76
153 54 77
163 54 78
157 54 79
158 54 80
151 54 81
156 54 82
162 54 83
156 54 84
154 54 85
155 54 86
148 54 87
164 54 88
168 54 89
158 54 90
166 54 91
163 54 92
156 54 93
160 54 94
162 54 95
160 54 96
161 54 97
160 54 98
158 54 99
159 54 100
143 55 1
148 55 2
159 55 3
147 55 4
144 55 5
151 55 6
158 55 7
162 55 8
156 55 9
156 55 10
146 55 11
146 55 12
156 55 13
157 55 14
146 55 15
152 55 16
145 55 17
158 55 18
153 55 19
160 55 20
154 55 21
152 55 22
165 55 23
157 55 24
150 55 25
160 55 26
147 55 27
162 55 28
153 55 29
138 55 30
145 55 31
150 55 32
152 55 33
143 55 34
154 55 35
142 55 36
160 55 37
152 55 38
154 55 39
139 55 40
147 55 41
150 55 42
161 55 43
159 55 44
154 55 45
150 55 46
157 55 47
145 55 48
150 55 49
156 55 50
146 55 51
152 55 52
152 55 53
147 55 54
158 55 55
150 55 56
153 55 57
150 55 58
149 55 59
164 55 60
143 55 61
160 55 62
145 55 63
154 55 64
148 55 65
153 55 66
159 55 67
153 55 68
154 55 69
154 55 70
149 55 71
157 55 72
154 55 73
153 55 74
154 55 75
154 55 76
152 55 77
165 55 78
150 55 79
158 55 80
147 55 81
151 55 82
155 55 83
154 55 84
146 55 85
147 55 86
144 55 87
161 55 88
158 55 89
150 55 90
161 55 91
160 55 92
147 55 93
156 55 94
153 55 95
157 55 96
157 55 97
151 55 98
153 55 99
148 55 100
149 56 1
151 56 2
161 56 3
153 56 4
152 56 5
156 56 6
161 56 7
161 56 8
155 56 9
153 56 10
153 56 11
150 56 12
163 56 13
159 56 14
148 56 15
156 56 16
155 56 17
167 56 18
157 56 19
162 56 20
160 56 21
161 56 22
169 56 23
160 56 24
153 56 25
164 56 26
147 56 27
160 56 28
153 56 29
145 56 30
156 56 31
154 56 32
160 56 33
154 56 34
158 56 35
148 56 36
164 56 37
155 56 38
158 56 39
149 56 40
153 56 41
154 56 42
160 56 43
163 56 44
158 56 45
159 56 46
158 56 47
153 56 48
155 56 49
160 56 50
151 56 51
158 56 52
153 56 53
156 56 54
156 56 55
159 56 56
155 56 57
152 56 58
152 56 59
164 56 60
149 56 61
163 56 62
152 56 63
161 56 64
155 56 65
152 56 66
160 56 67
156 56 68
159 56 69
155 56 70
154 56 71
162 56 72
162 56 73
154 56 74
155 56 75
159 56 76
152 56 77
162 56 78
156 56 79
159 56 80
151 56 81
155 56 82
162 56 83
152 56 84
152 56 85
153 56 86
149 56 87
163 56 88
168 56 89
160 56 90
165 56 91
161 56 92
156 56 93
161 56 94
157 56 95
160 56 96
159 56 97
157 56 98
153 56 99
156 56 100
148 57 1
151 57 2
161 57 3
153 57 4
149 57 5
153 57 6
161 57 7
164 57 8
156 57 9
157 57 10
148 57 11
152 57 12
162 57 13
161 57 14
149 57 15
157 57 16
150 57 17
163 57 18
157 57 19
162 57 20
158 57 21
154 57 22
168 57 23
161 57 24
152 57 25
165 57 26
146 57 27
163 57 28
156 57 29
144 57 30
150 57 31
155 57 32
156 57 33
147 57 34
156 57 35
143 57 36
162 57 37
156 57 38
157 57 39
142 57 40
149 57 41
151 57 42
163 57 43
164 57 44
156 57 45
155 57 46
160 57 47
150 57 48
150 57 49
159 57 50
147 57 51
155 57 52
156 57 53
151 57 54
157 57 55
154 57 56
157 57 57
152 57 58
153 57 59
168 57 60
145 57 61
163 57 62
149 57 63
159 57 64
153 57 65
157 57 66
162 57 67
155 57 68
155 57 69
154 57 70
151 57 71
160 57 72
157 57 73
153 57 74
155 57 75
158 57 76
154 57 77
165 57 78
153 57 79
159 57 80
150 57 81
154 57 82
162 57 83
154 57 84
148 57 85
152 57 86
144 57 87
162 57 88
163 57 89
157 57 90
163 57 91
163 57 92
151 57 93
160 57 94
157 57 95
161 57 96
161 57 97
158 57 98
154 57 99
153 57 100
152 58 1
149 58 2
164 58 3
154 58 4
152 58 5
156 58 6
162 58 7
163 58 8
158 58 9
155 58 10
154 58 11
152 58 12
165 58 13
160 58 14
151 58 15
158 58 16
154 58 17
164 58 18
156 58 19
163 58 20
160 58 21
160 58 22
172 58 23
160 58 24
152 58 25
163 58 26
149 58 27
163 58 28
156 58 29
145 58 30
155 58 31
157 58 32
160 58 33
151 58 34
160 58 35
146 58 36
162 58 37
158 58 38
160 58 39
147 58 40
155 58 41
157 58 42
160 58 43
165 58 44
159 58 45
158 58 46
159 58 47
153 58 48
155 58 49
161 58 50
151 58 51
158 58 52
154 58 53
153 58 54
159 58 55
158 58 56
157 58 57
153 58 58
156 58 59
166 58 60
148 58 61
164 58 62
152 58 63
159 58 64
156 58 65
156 58 66
161 58 67
156 58 68
159 58 69
158 58 70
154 58 71
160 58 72
165 58 73
155 58 74
155 58 75
159 58 76
153 58 77
165 58 78
157 58 79
160 58 80
151 58 81
156 58 82
161 58 83
156 58 84
150 58 85
153 58 86
148 58 87
163 58 88
167 58 89
157 58 90
165 58 91
163 58 92
153 58 93
161 58 94
158 58 95
160 58 96
161 58 97
156 58 98
156 58 99
154 58 100
150 59 1
150 59 2
159 59 3
154 59 4
151 59 5
157 59 6
162 59 7
163 59 8
156 59 9
154 59 10
149 59 11
151 59 12
165 59 13
161 59 14
151 59 15
157 59 16
153 59 17
165 59 18
156 59 19
162 59 20
162 59 21
157 59 22
170 59 23
161 59 24
152 59 25
163 59 26
148 59 27
163 59 28
154 59 29
145 59 30
155 59 31
156 59 32
159 59 33
150 59 34
158 59 35
145 59 36
162 59 37
157 59 38
157 59 39
146 59 40
154 59 41
155 59 42
162 59 43
165 59 44
158 59 45
155 59 46
158 59 47
150 59 48
152 59 49
162 59 50
151 59 51
155 59 52
155 59 53
153 59 54
155 59 55
157 59 56
156 59 57
152 59 58
156 59 59
165 59 60
146 59 61
162 59 62
152 59 63
158 59 64
155 59 65
154 59 66
162 59 67
153 59 68
156 59 69
155 59 70
152 59 71
160 59 72
161 59 73
154 59 74
157 59 75
160 59 76
152 59 77
164 59 78
155 59 79
157 59 80
150 59 81
157 59 82
165 59 83
154 59 84
149 59 85
154 59 86
147 59 87
162 59 88
166 59 89
157 59 90
164 59 91
161 59 92
153 59 93
162 59 94
157 59 95
158 59 96
161 59 97
159 59 98
156 59 99
156 59 100
148 60 1
144 60 2
157 60 3
144 60 4
147 60 5
150 60 6
157 60 7
158 60 8
153 60 9
150 60 10
147 60 11
145 60 12
157 60 13
155 60 14
148 60 15
153 60 16
148 60 17
163 60 18
152 60 19
158 60 20
153 60 21
151 60 22
166 60 23
155 60 24
150 60 25
158 60 26
141 60 27
160 60 28
150 60 29
137 60 30
149 60 31
154 60 32
156 60 33
146 60 34
152 60 35
137 60 36
155 60 37
151 60 38
152 60 39
141 60 40
150 60 41
147 60 42
154 60 43
161 60 44
152 60 45
153 60 46
152 60 47
146 60 48
148 60 49
155 60 50
145 60 51
150 60 52
150 60 53
146 60 54
155 60 55
152 60 56
152 60 57
149 60 58
148 60 59
164 60 60
139 60 61
155 60 62
146 60 63
153 60 64
150 60 65
150 60 66
157 60 67
149 60 68
151 60 69
151 60 70
149 60 71
155 60 72
157 60 73
150 60 74
151 60 75
156 60 76
148 60 77
156 60 78
151 60 79
153 60 80
147 60 81
152 60 82
156 60 83
151 60 84
143 60 85
145 60 86
142 60 87
157 60 88
159 60 89
151 60 90
158 60 91
157 60 92
146 60 93
158 60 94
152 60 95
151 60 96
157 60 97
154 60 98
154 60 99
148 60 100
152 61 1
151 61 2
164 61 3
155 61 4
155 61 5
158 61 6
164 61 7
165 61 8
157 61 9
156 61 10
157 61 11
156 61 12
166 61 13
163 61 14
153 61 15
159 61 16
158 61 17
167 61 18
159 61 19
165 61 20
161 61 21
164 61 22
171 61 23
163 61 24
156 61 25
166 61 26
153 61 27
164 61 28
157 61 29
150 61 30
158 61 31
157 61 32
163 61 33
157 61 34
165 61 35
154 61 36
165 61 37
159 61 38
161 61 39
153 61 40
157 61 41
158 61 42
163 61 43
167 61 44
162 61 45
158 61 46
160 61 47
155 61 48
159 61 49
161 61 50
152 61 51
160 61 52
156 61 53
159 61 54
160 61 55
158 61 56
159 61 57
154 61 58
157 61 59
168 61 60
153 61 61
164 61 62
158 61 63
161 61 64
156 61 65
158 61 66
162 61 67
158 61 68
160 61 69
157 61 70
156 61 71
162 61 72
164 61 73
157 61 74
156 61 75
160 61 76
155 61 77
165 61 78
159 61 79
159 61 80
152 61 81
157 61 82
163 61 83
156 61 84
155 61 85
155 61 86
150 61 87
164 61 88
168 61 89
160 61 90
165 61 91
164 61 92
157 61 93
162 61 94
162 61 95
160 61 96
163 61 97
159 61 98
157 61 99
158 61 100
153 62 1
149 62 2
164 62 3
153 62 4
152 62 5
157 62 6
162 62 7
165 62 8
158 62 9
156 62 10
156 62 11
155 62 12
164 62 13
162 62 14
152 62 15
159 62 16
157 62 17
166 62 18
157 62 19
165 62 20
160 62 21
161 62 22
172 62 23
161 62 24
154 62 25
163 62 26
153 62 27
165 62 28
158 62 29
148 62 30
155 62 31
156 62 32
161 62 33
155 62 34
161 62 35
151 62 36
165 62 37
158 62 38
160 62 39
153 62 40
155 62 41
157 62 42
162 62 43
168 62 44
161 62 45
159 62 46
159 62 47
154 62 48
157 62 49
162 62 50
152 62 51
158 62 52
154 62 53
158 62 54
158 62 55
157 62 56
156 62 57
152 62 58
156 62 59
167 62 60
151 62 61
166 62 62
155 62 63
160 62 64
156 62 65
157 62 66
163 62 67
155 62 68
158 62 69
158 62 70
154 62 71
161 62 72
163 62 73
158 62 74
157 62 75
160 62 76
154 62 77
165 62 78
157 62 79
160 62 80
151 62 81
155 62 82
163 62 83
156 62 84
152 62 85
155 62 86
147 62 87
164 62 88
166 62 89
159 62 90
164 62 91
164 62 92
155 62 93
162 62 94
160 62 95
160 62 96
160 62 97
158 62 98
156 62 99
157 62 100
148 63 1
148 63 2
162 63 3
155 63 4
152 63 5
156 63 6
159 63 7
161 63 8
154 63 9
153 63 10
153 63 11
156 63 12
164 63 13
159 63 14
150 63 15
156 63 16
156 63 17
165 63 18
156 63 19
161 63 20
160 63 21
160 63 22
169 63 23
160 63 24
152 63 25
164 63 26
150 63 27
163 63 28
155 63 29
149 63 30
157 63 31
155 63 32
160 63 33
154 63 34
162 63 35
152 63 36
161 63 37
158 63 38
158 63 39
151 63 40
152 63 41
157 63 42
159 63 43
168 63 44
160 63 45
157 63 46
159 63 47
154 63 48
156 63 49
161 63 50
151 63 51
156 63 52
152 63 53
156 63 54
156 63 55
155 63 56
156 63 57
150 63 58
155 63 59
167 63 60
149 63 61
162 63 62
155 63 63
160 63 64
155 63 65
155 63 66
160 63 67
156 63 68
158 63 69
156 63 70
152 63 71
158 63 72
161 63 73
156 63 74
153 63 75
157 63 76
152 63 77
164 63 78
157 63 79
158 63 80
148 63 81
153 63 82
164 63 83
155 63 84
152 63 85
153 63 86
147 63 87
162 63 88
165 63 89
156 63 90
165 63 91
161 63 92
153 63 93
159 63 94
157 63 95
156 63 96
159 63 97
157 63 98
154 63 99
156 63 100
149 64 1
148 64 2
160 64 3
149 64 4
151 64 5
152 64 6
159 64 7
160 64 8
153 64 9
153 64 10
152 64 11
147 64 12
159 64 13
159 64 14
149 64 15
155 64 16
154 64 17
164 64 18
156 64 19
162 64 20
155 64 21
159 64 22
167 64 23
159 64 24
153 64 25
163 64 26
149 64 27
159 64 28
153 64 29
145 64 30
154 64 31
153 64 32
157 64 33
150 64 34
158 64 35
147 64 36
163 64 37
155 64 38
154 64 39
148 64 40
153 64 41
151 64 42
158 64 43
162 64 44
157 64 45
156 64 46
156 64 47
150 64 48
156 64 49
158 64 50
149 64 51
157 64 52
155 64 53
154 64 54
154 64 55
157 64 56
156 64 57
150 64 58
153 64 59
162 64 60
148 64 61
161 64 62
149 64 63
159 64 64
156 64 65
152 64 66
156 64 67
155 64 68
157 64 69
154 64 70
154 64 71
158 64 72
160 64 73
153 64 74
150 64 75
156 64 76
151 64 77
161 64 78
155 64 79
156 64 80
150 64 81
154 64 82
159 64 83
153 64 84
150 64 85
153 64 86
147 64 87
158 64 88
163 64 89
156 64 90
164 64 91
160 64 92
152 64 93
159 64 94
157 64 95
156 64 96
160 64 97
156 64 98
155 64 99
155 64 100
150 65 1
149 65 2
162 65 3
154 65 4
154 65 5
155 65 6
160 65 7
162 65 8
155 65 9
153 65 10
153 65 11
153 65 12
163 65 13
159 65 14
151 65 15
157 65 16
153 65 17
165 65 18
155 65 19
163 65 20
160 65 21
160 65 22
170 65 23
161 65 24
154 65 25
164 65 26
148 65 27
162 65 28
152 65 29
146 65 30
155 65 31
155 65 32
161 65 33
151 65 34
157 65 35
149 65 36
162 65 37
156 65 38
158 65 39
149 65 40
153 65 41
156 65 42
158 65 43
166 65 44
160 65 45
157 65 46
157 65 47
153 65 48
155 65 49
160 65 50
149 65 51
157 65 52
155 65 53
155 65 54
155 65 55
157 65 56
156 65 57
153 65 58
155 65 59
165 65 60
147 65 61
161 65 62
152 65 63
160 65 64
156 65 65
154 65 66
162 65 67
155 65 68
157 65 69
154 65 70
152 65 71
161 65 72
162 65 73
156 65 74
153 65 75
158 65 76
152 65 77
165 65 78
156 65 79
155 65 80
151 65 81
155 65 82
163 65 83
153 65 84
151 65 85
153 65 86
146 65 87
160 65 88
165 65 89
159 65 90
166 65 91
162 65 92
156 65 93
159 65 94
158 65 95
158 65 96
161 65 97
157 65 98
157 65 99
156 65 100
151 66 1
150 66 2
162 66 3
155 66 4
153 66 5
157 66 6
161 66 7
165 66 8
156 66 9
158 66 10
152 66 11
154 66 12
166 66 13
161 66 14
151 66 15
158 66 16
153 66 17
165 66 18
156 66 19
164 66 20
162 66 21
158 66 22
172 66 23
162 66 24
155 66 25
164 66 26
149 66 27
165 66 28
156 66 29
146 66 30
155 66 31
157 66 32
161 66 33
150 66 34
158 66 35
148 66 36
163 66 37
158 66 38
159 66 39
148 66 40
154 66 41
156 66 42
161 66 43
166 66 44
159 66 45
158 66 46
160 66 47
153 66 48
154 66 49
163 66 50
150 66 51
156 66 52
156 66 53
152 66 54
157 66 55
157 66 56
157 66 57
153 66 58
157 66 59
168 66 60
148 66 61
164 66 62
152 66 63
160 66 64
155 66 65
158 66 66
163 66 67
155 66 68
158 66 69
157 66 70
153 66 71
161 66 72
163 66 73
158 66 74
156 66 75
159 66 76
154 66 77
166 66 78
158 66 79
158 66 80
151 66 81
157 66 82
162 66 83
156 66 84
149 66 85
153 66 86
147 66 87
163 66 88
167 66 89
159 66 90
167 66 91
163 66 92
155 66 93
161 66 94
158 66 95
161 66 96
162 66 97
157 66 98
155 66 99
156 66 100
149 67 1
149 67 2
162 67 3
155 67 4
150 67 5
154 67 6
161 67 7
166 67 8
158 67 9
156 67 10
148 67 11
151 67 12
164 67 13
160 67 14
153 67 15
158 67 16
153 67 17
165 67 18
155 67 19
166 67 20
159 67 21
156 67 22
171 67 23
162 67 24
154 67 25
163 67 26
149 67 27
163 67 28
157 67 29
145 67 30
154 67 31
156 67 32
159 67 33
150 67 34
158 67 35
145 67 36
164 67 37
158 67 38
160 67 39
148 67 40
153 67 41
156 67 42
162 67 43
165 67 44
157 67 45
156 67 46
158 67 47
150 67 48
154 67 49
162 67 50
151 67 51
157 67 52
156 67 53
151 67 54
158 67 55
155 67 56
156 67 57
154 67 58
157 67 59
167 67 60
147 67 61
164 67 62
150 67 63
158 67 64
155 67 65
154 67 66
161 67 67
158 67 68
156 67 69
157 67 70
153 67 71
159 67 72
162 67 73
155 67 74
157 67 75
160 67 76
154 67 77
167 67 78
157 67 79
160 67 80
152 67 81
156 67 82
162 67 83
154 67 84
148 67 85
151 67 86
147 67 87
163 67 88
168 67 89
158 67 90
166 67 91
164 67 92
155 67 93
161 67 94
158 67 95
159 67 96
162 67 97
158 67 98
153 67 99
155 67 100
147 68 1
150 68 2
160 68 3
153 68 4
148 68 5
155 68 6
159 68 7
165 68 8
155 68 9
156 68 10
152 68 11
153 68 12
162 68 13
158 68 14
148 68 15
157 68 16
152 68 17
162 68 18
152 68 19
160 68 20
159 68 21
155 68 22
170 68 23
160 68 24
152 68 25
162 68 26
148 68 27
162 68 28
156 68 29
145 68 30
154 68 31
155 68 32
158 68 33
147 68 34
159 68 35
146 68 36
161 68 37
158 68 38
156 68 39
145 68 40
153 68 41
155 68 42
161 68 43
165 68 44
157 68 45
154 68 46
158 68 47
149 68 48
153 68 49
158 68 50
151 68 51
155 68 52
154 68 53
151 68 54
157 68 55
156 68 56
155 68 57
152 68 58
156 68 59
165 68 60
148 68 61
161 68 62
149 68 63
159 68 64
151 68 65
155 68 66
160 68 67
157 68 68
157 68 69
155 68 70
153 68 71
159 68 72
164 68 73
153 68 74
157 68 75
158 68 76
151 68 77
166 68 78
155 68 79
158 68 80
147 68 81
155 68 82
162 68 83
156 68 84
150 68 85
152 68 86
144 68 87
161 68 88
164 68 89
156 68 90
163 68 91
161 68 92
151 68 93
160 68 94
154 68 95
158 68 96
160 68 97
155 68 98
155 68 99
153 68 100
148 69 1
146 69 2
160 69 3
149 69 4
148 69 5
152 69 6
161 69 7
157 69 8
154 69 9
152 69 10
146 69 11
144 69 12
157 69 13
159 69 14
149 69 15
154 69 16
150 69 17
162 69 18
153 69 19
160 69 20
153 69 21
155 69 22
166 69 23
157 69 24
151 69 25
160 69 26
146 69 27
162 69 28
153 69 29
144 69 30
149 69 31
153 69 32
155 69 33
144 69 34
156 69 35
143 69 36
161 69 37
154 69 38
154 69 39
143 69 40
149 69 41
152 69 42
159 69 43
158 69 44
157 69 45
153 69 46
156 69 47
145 69 48
152 69 49
157 69 50
147 69 51
154 69 52
153 69 53
150 69 54
154 69 55
151 69 56
154 69 57
146 69 58
149 69 59
161 69 60
143 69 61
162 69 62
149 69 63
156 69 64
150 69 65
153 69 66
156 69 67
150 69 68
159 69 69
151 69 70
155 69 71
156 69 72
157 69 73
152 69 74
151 69 75
154 69 76
147 69 77
160 69 78
153 69 79
153 69 80
148 69 81
151 69 82
158 69 83
153 69 84
147 69 85
147 69 86
144 69 87
158 69 88
162 69 89
151 69 90
159 69 91
158 69 92
148 69 93
155 69 94
154 69 95
156 69 96
156 69 97
154 69 98
151 69 99
150 69 100
148 70 1
149 70 2
162 70 3
151 70 4
149 70 5
155 70 6
160 70 7
164 70 8
155 70 9
155 70 10
153 70 11
154 70 12
160 70 13
161 70 14
151 70 15
158 70 16
154 70 17
166 70 18
155 70 19
162 70 20
158 70 21
161 70 22
168 70 23
161 70 24
152 70 25
164 70 26
151 70 27
162 70 28
154 70 29
146 70 30
154 70 31
157 70 32
159 70 33
153 70 34
159 70 35
148 70 36
163 70 37
155 70 38
158 70 39
151 70 40
152 70 41
157 70 42
160 70 43
164 70 44
159 70 45
158 70 46
157 70 47
152 70 48
155 70 49
159 70 50
149 70 51
157 70 52
153 70 53
155 70 54
159 70 55
155 70 56
154 70 57
150 70 58
153 70 59
166 70 60
148 70 61
162 70 62
152 70 63
160 70 64
154 70 65
154 70 66
160 70 67
156 70 68
157 70 69
158 70 70
154 70 71
160 70 72
161 70 73
152 70 74
156 70 75
158 70 76
152 70 77
167 70 78
156 70 79
157 70 80
151 70 81
155 70 82
161 70 83
154 70 84
151 70 85
153 70 86
147 70 87
162 70 88
163 70 89
157 70 90
165 70 91
161 70 92
155 70 93
159 70 94
157 70 95
159 70 96
159 70 97
155 70 98
154 70 99
157 70 100
150 71 1
149 71 2
163 71 3
153 71 4
153 71 5
158 71 6
162 71 7
163 71 8
155 71 9
154 71 10
154 71 11
154 71 12
163 71 13
159 71 14
152 71 15
157 71 16
152 71 17
162 71 18
157 71 19
164 71 20
159 71 21
159 71 22
168 71 23
161 71 24
154 71 25
164 71 26
149 71 27
162 71 28
155 71 29
144 71 30
153 71 31
153 71 32
159 71 33
151 71 34
160 71 35
150 71 36
163 71 37
158 71 38
156 71 39
151 71 40
152 71 41
155 71 42
161 71 43
165 71 44
161 71 45
155 71 46
159 71 47
151 71 48
157 71 49
160 71 50
151 71 51
158 71 52
155 71 53
154 71 54
156 71 55
157 71 56
157 71 57
151 71 58
155 71 59
165 71 60
150 71 61
163 71 62
153 71 63
160 71 64
154 71 65
155 71 66
159 71 67
154 71 68
159 71 69
156 71 70
155 71 71
160 71 72
161 71 73
155 71 74
153 71 75
157 71 76
153 71 77
164 71 78
157 71 79
160 71 80
151 71 81
155 71 82
159 71 83
155 71 84
151 71 85
153 71 86
147 71 87
163 71 88
165 71 89
157 71 90
164 71 91
163 71 92
153 71 93
160 71 94
159 71 95
159 71 96
161 71 97
157 71 98
156 71 99
156 71 100
144 72 1
146 72 2
154 72 3
148 72 4
150 72 5
151 72 6
156 72 7
158 72 8
152 72 9
149 72 10
148 72 11
148 72 12
159 72 13
156 72 14
146 72 15
153 72 16
152 72 17
161 72 18
153 72 19
157 72 20
158 72 21
153 72 22
163 72 23
156 72 24
153 72 25
161 72 26
142 72 27
159 72 28
150 72 29
144 72 30
152 72 31
152 72 32
157 72 33
146 72 34
152 72 35
141 72 36
158 72 37
150 72 38
155 72 39
143 72 40
144 72 41
150 72 42
157 72 43
163 72 44
157 72 45
152 72 46
154 72 47
146 72 48
148 72 49
153 72 50
148 72 51
149 72 52
148 72 53
149 72 54
156 72 55
153 72 56
154 72 57
146 72 58
150 72 59
163 72 60
140 72 61
159 72 62
147 72 63
155 72 64
148 72 65
150 72 66
157 72 67
151 72 68
154 72 69
151 72 70
148 72 71
162 72 72
157 72 73
149 72 74
152 72 75
157 72 76
149 72 77
162 72 78
148 72 79
156 72 80
149 72 81
155 72 82
158 72 83
148 72 84
147 72 85
149 72 86
144 72 87
158 72 88
163 72 89
156 72 90
163 72 91
157 72 92
149 72 93
153 72 94
150 72 95
156 72 96
155 72 97
155 72 98
150 72 99
150 72 100
152 73 1
151 73 2
163 73 3
155 73 4
152 73 5
158 73 6
162 73 7
163 73 8
157 73 9
157 73 10
152 73 11
155 73 12
165 73 13
162 73 14
151 73 15
158 73 16
156 73 17
166 73 18
157 73 19
164 73 20
161 73 21
160 73 22
170 73 23
162 73 24
153 73 25
165 73 26
149 73 27
164 73 28
155 73 29
148 73 30
157 73 31
157 73 32
161 73 33
154 73 34
163 73 35
150 73 36
164 73 37
158 73 38
158 73 39
152 73 40
155 73 41
159 73 42
161 73 43
166 73 44
162 73 45
157 73 46
158 73 47
153 73 48
157 73 49
160 73 50
151 73 51
158 73 52
154 73 53
154 73 54
159 73 55
158 73 56
157 73 57
154 73 58
155 73 59
168 73 60
149 73 61
164 73 62
153 73 63
161 73 64
154 73 65
156 73 66
163 73 67
157 73 68
160 73 69
157 73 70
157 73 71
161 73 72
165 73 73
155 73 74
158 73 75
160 73 76
154 73 77
165 73 78
159 73 79
158 73 80
150 73 81
155 73 82
164 73 83
155 73 84
151 73 85
156 73 86
147 73 87
164 73 88
166 73 89
159 73 90
164 73 91
164 73 92
155 73 93
161 73 94
159 73 95
162 73 96
160 73 97
158 73 98
156 73 99
158 73 100
150 74 1
150 74 2
162 74 3
153 74 4
152 74 5
155 74 6
163 74 7
162 74 8
156 74 9
154 74 10
152 74 11
152 74 12
165 74 13
160 74 14
151 74 15
156 74 16
155 74 17
167 74 18
157 74 19
164 74 20
161 74 21
158 74 22
171 74 23
162 74 24
155 74 25
164 74 26
148 74 27
162 74 28
155 74 29
147 74 30
156 74 31
154 74 32
162 74 33
151 74 34
158 74 35
147 74 36
163 74 37
156 74 38
159 74 39
149 74 40
154 74 41
156 74 42
162 74 43
167 74 44
161 74 45
159 74 46
159 74 47
153 74 48
155 74 49
159 74 50
149 74 51
156 74 52
153 74 53
152 74 54
158 74 55
157 74 56
156 74 57
154 74 58
156 74 59
166 74 60
146 74 61
163 74 62
151 74 63
158 74 64
155 74 65
155 74 66
162 74 67
154 74 68
155 74 69
155 74 70
153 74 71
162 74 72
160 74 73
157 74 74
155 74 75
160 74 76
152 74 77
165 74 78
156 74 79
159 74 80
150 74 81
155 74 82
163 74 83
155 74 84
151 74 85
154 74 86
146 74 87
163 74 88
169 74 89
159 74 90
167 74 91
163 74 92
155 74 93
160 74 94
159 74 95
159 74 96
160 74 97
158 74 98
157 74 99
155 74 100
150 75 1
148 75 2
161 75 3
151 75 4
148 75 5
152 75 6
161 75 7
163 75 8
155 75 9
155 75 10
147 75 11
152 75 12
160 75 13
158 75 14
149 75 15
157 75 16
151 75 17
163 75 18
155 75 19
161 75 20
156 75 21
155 75 22
171 75 23
159 75 24
152 75 25
162 75 26
146 75 27
162 75 28
154 75 29
146 75 30
154 75 31
154 75 32
158 75 33
150 75 34
158 75 35
145 75 36
164 75 37
155 75 38
158 75 39
147 75 40
149 75 41
154 75 42
162 75 43
162 75 44
156 75 45
155 75 46
158 75 47
150 75 48
152 75 49
159 75 50
146 75 51
157 75 52
155 75 53
147 75 54
158 75 55
156 75 56
156 75 57
153 75 58
153 75 59
165 75 60
146 75 61
163 75 62
150 75 63
156 75 64
152 75 65
155 75 66
161 75 67
156 75 68
156 75 69
155 75 70
152 75 71
160 75 72
161 75 73
154 75 74
155 75 75
161 75 76
150 75 77
163 75 78
155 75 79
155 75 80
149 75 81
155 75 82
161 75 83
153 75 84
147 75 85
153 75 86
146 75 87
160 75 88
165 75 89
156 75 90
162 75 91
161 75 92
152 75 93
158 75 94
155 75 95
159 75 96
159 75 97
157 75 98
155 75 99
152 75 100
151 76 1
150 76 2
162 76 3
154 76 4
154 76 5
157 76 6
163 76 7
164 76 8
156 76 9
158 76 10
154 76 11
152 76 12
165 76 13
161 76 14
151 76 15
158 76 16
156 76 17
165 76 18
157 76 19
163 76 20
161 76 21
162 76 22
173 76 23
162 76 24
154 76 25
164 76 26
151 76 27
165 76 28
156 76 29
148 76 30
156 76 31
157 76 32
160 76 33
154 76 34
163 76 35
151 76 36
164 76 37
158 76 38
159 76 39
151 76 40
156 76 41
157 76 42
163 76 43
167 76 44
161 76 45
157 76 46
158 76 47
152 76 48
155 76 49
161 76 50
151 76 51
160 76 52
156 76 53
155 76 54
160 76 55
158 76 56
158 76 57
154 76 58
157 76 59
168 76 60
151 76 61
165 76 62
154 76 63
160 76 64
155 76 65
156 76 66
163 76 67
157 76 68
159 76 69
157 76 70
157 76 71
163 76 72
163 76 73
156 76 74
155 76 75
160 76 76
154 76 77
165 76 78
157 76 79
160 76 80
151 76 81
155 76 82
163 76 83
156 76 84
153 76 85
155 76 86
147 76 87
164 76 88
167 76 89
159 76 90
166 76 91
163 76 92
157 76 93
162 76 94
158 76 95
161 76 96
163 76 97
157 76 98
155 76 99
158 76 100
145 77 1
145 77 2
155 77 3
148 77 4
144 77 5
151 77 6
154 77 7
162 77 8
153 77 9
153 77 10
146 77 11
145 77 12
155 77 13
157 77 14
145 77 15
151 77 16
143 77 17
157 77 18
150 77 19
159 77 20
154 77 21
149 77 22
163 77 23
157 77 24
149 77 25
161 77 26
146 77 27
160 77 28
151 77 29
136 77 30
148 77 31
149 77 32
154 77 33
144 77 34
152 77 35
140 77 36
158 77 37
150 77 38
155 77 39
137 77 40
145 77 41
148 77 42
157 77 43
156 77 44
154 77 45
150 77 46
154 77 47
145 77 48
146 77 49
155 77 50
145 77 51
150 77 52
146 77 53
146 77 54
154 77 55
147 77 56
152 77 57
145 77 58
152 77 59
165 77 60
140 77 61
159 77 62
144 77 63
153 77 64
147 77 65
151 77 66
157 77 67
151 77 68
151 77 69
152 77 70
148 77 71
153 77 72
152 77 73
152 77 74
150 77 75
152 77 76
152 77 77
160 77 78
148 77 79
157 77 80
146 77 81
149 77 82
155 77 83
153 77 84
141 77 85
148 77 86
142 77 87
161 77 88
161 77 89
152 77 90
159 77 91
160 77 92
149 77 93
157 77 94
153 77 95
154 77 96
156 77 97
148 77 98
146 77 99
149 77 100
148 78 1
150 78 2
161 78 3
152 78 4
150 78 5
156 78 6
161 78 7
165 78 8
155 78 9
156 78 10
151 78 11
153 78 12
164 78 13
161 78 14
150 78 15
157 78 16
153 78 17
166 78 18
156 78 19
163 78 20
161 78 21
158 78 22
172 78 23
160 78 24
156 78 25
165 78 26
147 78 27
163 78 28
155 78 29
146 78 30
154 78 31
155 78 32
161 78 33
150 78 34
156 78 35
147 78 36
164 78 37
156 78 38
159 78 39
145 78 40
151 78 41
154 78 42
161 78 43
165 78 44
159 78 45
159 78 46
159 78 47
151 78 48
153 78 49
159 78 50
151 78 51
155 78 52
153 78 53
151 78 54
157 78 55
157 78 56
156 78 57
151 78 58
155 78 59
166 78 60
146 78 61
163 78 62
150 78 63
159 78 64
154 78 65
155 78 66
163 78 67
155 78 68
157 78 69
156 78 70
154 78 71
161 78 72
162 78 73
157 78 74
155 78 75
159 78 76
153 78 77
164 78 78
156 78 79
158 78 80
151 78 81
156 78 82
161 78 83
155 78 84
150 78 85
154 78 86
147 78 87
164 78 88
167 78 89
158 78 90
167 78 91
162 78 92
154 78 93
161 78 94
158 78 95
160 78 96
159 78 97
159 78 98
155 78 99
154 78 100
148 79 1
146 79 2
163 79 3
153 79 4
152 79 5
153 79 6
161 79 7
160 79 8
154 79 9
154 79 10
152 79 11
150 79 12
161 79 13
160 79 14
151 79 15
158 79 16
153 79 17
163 79 18
155 79 19
162 79 20
156 79 21
159 79 22
167 79 23
159 79 24
151 79 25
161 79 26
148 79 27
164 79 28
153 79 29
143 79 30
155 79 31
152 79 32
159 79 33
149 79 34
158 79 35
147 79 36
162 79 37
154 79 38
154 79 39
147 79 40
151 79 41
152 79 42
157 79 43
162 79 44
159 79 45
155 79 46
156 79 47
150 79 48
155 79 49
156 79 50
148 79 51
154 79 52
151 79 53
154 79 54
156 79 55
156 79 56
157 79 57
152 79 58
151 79 59
164 79 60
149 79 61
162 79 62
147 79 63
158 79 64
155 79 65
154 79 66
157 79 67
152 79 68
157 79 69
155 79 70
153 79 71
156 79 72
159 79 73
153 79 74
152 79 75
157 79 76
151 79 77
164 79 78
157 79 79
155 79 80
150 79 81
152 79 82
159 79 83
153 79 84
149 79 85
150 79 86
144 79 87
161 79 88
161 79 89
156 79 90
162 79 91
161 79 92
151 79 93
157 79 94
156 79 95
157 79 96
156 79 97
154 79 98
154 79 99
154 79 100
150 80 1
151 80 2
163 80 3
156 80 4
153 80 5
155 80 6
162 80 7
165 80 8
157 80 9
157 80 10
151 80 11
152 80 12
164 80 13
162 80 14
152 80 15
158 80 16
154 80 17
166 80 18
157 80 19
164 80 20
161 80 21
158 80 22
171 80 23
163 80 24
154 80 25
165 80 26
149 80 27
165 80 28
157 80 29
146 80 30
156 80 31
158 80 32
161 80 33
150 80 34
159 80 35
148 80 36
165 80 37
157 80 38
161 80 39
148 80 40
154 80 41
156 80 42
164 80 43
166 80 44
159 80 45
157 80 46
160 80 47
153 80 48
153 80 49
162 80 50
150 80 51
159 80 52
157 80 53
152 80 54
159 80 55
158 80 56
158 80 57
154 80 58
158 80 59
168 80 60
147 80 61
164 80 62
151 80 63
160 80 64
155 80 65
157 80 66
163 80 67
157 80 68
157 80 69
156 80 70
155 80 71
162 80 72
162 80 73
157 80 74
157 80 75
160 80 76
154 80 77
166 80 78
156 80 79
160 80 80
152 80 81
156 80 82
165 80 83
156 80 84
150 80 85
154 80 86
146 80 87
164 80 88
167 80 89
159 80 90
167 80 91
164 80 92
154 80 93
162 80 94
158 80 95
162 80 96
163 80 97
158 80 98
156 80 99
155 80 100
151 81 1
150 81 2
162 81 3
152 81 4
152 81 5
154 81 6
164 81 7
162 81 8
156 81 9
157 81 10
150 81 11
153 81 12
164 81 13
161 81 14
150 81 15
159 81 16
152 81 17
164 81 18
158 81 19
163 81 20
159 81 21
156 81 22
172 81 23
162 81 24
153 81 25
164 81 26
149 81 27
165 81 28
158 81 29
144 81 30
154 81 31
155 81 32
162 81 33
150 81 34
158 81 35
147 81 36
164 81 37
158 81 38
158 81 39
145 81 40
153 81 41
156 81 42
161 81 43
163 81 44
159 81 45
156 81 46
160 81 47
150 81 48
155 81 49
160 81 50
150 81 51
157 81 52
155 81 53
152 81 54
159 81 55
156 81 56
157 81 57
152 81 58
154 81 59
168 81 60
145 81 61
165 81 62
151 81 63
158 81 64
155 81 65
156 81 66
161 81 67
157 81 68
158 81 69
155 81 70
153 81 71
159 81 72
159 81 73
155 81 74
155 81 75
161 81 76
153 81 77
165 81 78
157 81 79
158 81 80
151 81 81
157 81 82
163 81 83
156 81 84
149 81 85
153 81 86
147 81 87
164 81 88
167 81 89
158 81 90
163 81 91
162 81 92
152 81 93
161 81 94
158 81 95
160 81 96
160 81 97
157 81 98
156 81 99
153 81 100
145 82 1
145 82 2
158 82 3
152 82 4
149 82 5
151 82 6
156 82 7
162 82 8
152 82 9
153 82 10
147 82 11
150 82 12
161 82 13
155 82 14
147 82 15
151 82 16
146 82 17
162 82 18
154 82 19
158 82 20
154 82 21
155 82 22
164 82 23
157 82 24
150 82 25
159 82 26
145 82 27
159 82 28
149 82 29
141 82 30
149 82 31
152 82 32
156 82 33
144 82 34
152 82 35
141 82 36
161 82 37
154 82 38
155 82 39
144 82 40
148 82 41
151 82 42
157 82 43
161 82 44
155 82 45
151 82 46
155 82 47
149 82 48
149 82 49
156 82 50
146 82 51
157 82 52
154 82 53
148 82 54
152 82 55
154 82 56
153 82 57
149 82 58
154 82 59
162 82 60
142 82 61
160 82 62
149 82 63
155 82 64
151 82 65
152 82 66
158 82 67
152 82 68
154 82 69
151 82 70
148 82 71
155 82 72
159 82 73
153 82 74
152 82 75
155 82 76
150 82 77
161 82 78
152 82 79
154 82 80
150 82 81
153 82 82
162 82 83
153 82 84
149 82 85
153 82 86
143 82 87
157 82 88
161 82 89
155 82 90
163 82 91
158 82 92
150 82 93
155 82 94
155 82 95
156 82 96
157 82 97
154 82 98
154 82 99
150 82 100
150 83 1
147 83 2
161 83 3
151 83 4
149 83 5
154 83 6
161 83 7
161 83 8
152 83 9
154 83 10
147 83 11
151 83 12
164 83 13
156 83 14
150 83 15
155 83 16
153 83 17
163 83 18
152 83 19
165 83 20
157 83 21
153 83 22
171 83 23
163 83 24
153 83 25
162 83 26
146 83 27
160 83 28
154 83 29
145 83 30
152 83 31
154 83 32
159 83 33
147 83 34
157 83 35
143 83 36
162 83 37
155 83 38
155 83 39
149 83 40
153 83 41
153 83 42
160 83 43
165 83 44
157 83 45
156 83 46
159 83 47
151 83 48
150 83 49
160 83 50
147 83 51
155 83 52
154 83 53
150 83 54
154 83 55
157 83 56
154 83 57
151 83 58
156 83 59
163 83 60
145 83 61
160 83 62
151 83 63
155 83 64
152 83 65
152 83 66
160 83 67
154 83 68
157 83 69
152 83 70
153 83 71
159 83 72
160 83 73
155 83 74
154 83 75
159 83 76
151 83 77
161 83 78
154 83 79
159 83 80
150 83 81
154 83 82
163 83 83
156 83 84
147 83 85
152 83 86
144 83 87
162 83 88
164 83 89
154 83 90
163 83 91
162 83 92
153 83 93
160 83 94
158 83 95
157 83 96
160 83 97
157 83 98
155 83 99
153 83 100
147 84 1
149 84 2
161 84 3
150 84 4
148 84 5
152 84 6
160 84 7
164 84 8
156 84 9
156 84 10
148 84 11
148 84 12
159 84 13
161 84 14
151 84 15
156 84 16
151 84 17
161 84 18
155 84 19
162 84 20
158 84 21
154 84 22
168 84 23
161 84 24
152 84 25
162 84 26
146 84 27
162 84 28
156 84 29
140 84 30
151 84 31
153 84 32
157 84 33
145 84 34
154 84 35
142 84 36
162 84 37
155 84 38
155 84 39
145 84 40
151 84 41
152 84 42
159 84 43
163 84 44
155 84 45
154 84 46
158 84 47
148 84 48
151 84 49
159 84 50
146 84 51
156 84 52
156 84 53
149 84 54
156 84 55
153 84 56
157 84 57
152 84 58
154 84 59
165 84 60
144 84 61
160 84 62
147 84 63
158 84 64
153 84 65
154 84 66
158 84 67
155 84 68
156 84 69
152 84 70
153 84 71
159 84 72
159 84 73
153 84 74
154 84 75
155 84 76
152 84 77
163 84 78
152 84 79
158 84 80
150 84 81
154 84 82
162 84 83
157 84 84
147 84 85
153 84 86
145 84 87
163 84 88
161 84 89
153 84 90
162 84 91
162 84 92
150 84 93
161 84 94
156 84 95
157 84 96
162 84 97
157 84 98
153 84 99
152 84 100
151 85 1
151 85 2
164 85 3
155 85 4
154 85 5
157 85 6
164 85 7
164 85 8
157 85 9
157 85 10
156 85 11
155 85 12
166 85 13
161 85 14
152 85 15
158 85 16
157 85 17
167 85 18
158 85 19
164 85 20
160 85 21
164 85 22
171 85 23
163 85 24
155 85 25
164 85 26
155 85 27
165 85 28
156 85 29
148 85 30
156 85 31
156 85 32
162 85 33
154 85 34
165 85 35
152 85 36
165 85 37
160 85 38
159 85 39
153 85 40
155 85 41
160 85 42
163 85 43
166 85 44
161 85 45
159 85 46
159 85 47
154 85 48
157 85 49
163 85 50
152 85 51
160 85 52
157 85 53
158 85 54
158 85 55
158 85 56
157 85 57
154 85 58
157 85 59
169 85 60
151 85 61
165 85 62
155 85 63
162 85 64
155 85 65
157 85 66
163 85 67
157 85 68
160 85 69
159 85 70
157 85 71
162 85 72
164 85 73
157 85 74
158 85 75
161 85 76
154 85 77
166 85 78
158 85 79
160 85 80
151 85 81
157 85 82
163 85 83
155 85 84
154 85 85
155 85 86
149 85 87
164 85 88
167 85 89
160 85 90
166 85 91
163 85 92
156 85 93
162 85 94
160 85 95
162 85 96
162 85 97
158 85 98
157 85 99
157 85 100
149 86 1
148 86 2
163 86 3
153 86 4
152 86 5
155 86 6
161 86 7
164 86 8
155 86 9
155 86 10
152 86 11
153 86 12
163 86 13
159 86 14
152 86 15
156 86 16
156 86 17
165 86 18
155 86 19
163 86 20
158 86 21
159 86 22
170 86 23
160 86 24
154 86 25
162 86 26
149 86 27
162 86 28
155 86 29
148 86 30
156 86 31
154 86 32
158 86 33
153 86 34
162 86 35
149 86 36
163 86 37
158 86 38
158 86 39
151 86 40
155 86 41
158 86 42
160 86 43
167 86 44
159 86 45
157 86 46
156 86 47
150 86 48
156 86 49
161 86 50
148 86 51
158 86 52
154 86 53
152 86 54
157 86 55
157 86 56
156 86 57
152 86 58
156 86 59
164 86 60
150 86 61
163 86 62
152 86 63
159 86 64
155 86 65
154 86 66
162 86 67
154 86 68
157 86 69
156 86 70
156 86 71
160 86 72
163 86 73
154 86 74
155 86 75
159 86 76
153 86 77
163 86 78
158 86 79
157 86 80
149 86 81
154 86 82
160 86 83
153 86 84
153 86 85
155 86 86
146 86 87
162 86 88
165 86 89
160 86 90
162 86 91
164 86 92
153 86 93
159 86 94
160 86 95
158 86 96
161 86 97
157 86 98
155 86 99
155 86 100
148 87 1
146 87 2
159 87 3
149 87 4
152 87 5
154 87 6
158 87 7
161 87 8
152 87 9
154 87 10
149 87 11
152 87 12
164 87 13
155 87 14
150 87 15
151 87 16
150 87 17
163 87 18
152 87 19
162 87 20
155 87 21
158 87 22
165 87 23
157 87 24
150 87 25
159 87 26
147 87 27
159 87 28
152 87 29
144 87 30
149 87 31
151 87 32
157 87 33
148 87 34
158 87 35
147 87 36
162 87 37
157 87 38
154 87 39
145 87 40
151 87 41
153 87 42
157 87 43
160 87 44
158 87 45
152 87 46
159 87 47
149 87 48
153 87 49
157 87 50
147 87 51
155 87 52
151 87 53
153 87 54
156 87 55
156 87 56
153 87 57
148 87 58
152 87 59
162 87 60
145 87 61
158 87 62
149 87 63
158 87 64
151 87 65
152 87 66
158 87 67
151 87 68
156 87 69
153 87 70
152 87 71
158 87 72
157 87 73
155 87 74
153 87 75
157 87 76
151 87 77
161 87 78
155 87 79
158 87 80
149 87 81
152 87 82
159 87 83
151 87 84
149 87 85
151 87 86
146 87 87
158 87 88
162 87 89
155 87 90
160 87 91
160 87 92
151 87 93
157 87 94
157 87 95
156 87 96
154 87 97
155 87 98
155 87 99
153 87 100
150 88 1
151 88 2
160 88 3
154 88 4
151 88 5
154 88 6
161 88 7
163 88 8
156 88 9
156 88 10
151 88 11
152 88 12
162 88 13
161 88 14
150 88 15
158 88 16
152 88 17
164 88 18
157 88 19
162 88 20
160 88 21
156 88 22
168 88 23
163 88 24
153 88 25
164 88 26
148 88 27
164 88 28
157 88 29
145 88 30
154 88 31
157 88 32
159 88 33
149 88 34
158 88 35
148 88 36
164 88 37
157 88 38
157 88 39
147 88 40
152 88 41
154 88 42
163 88 43
165 88 44
159 88 45
154 88 46
158 88 47
150 88 48
153 88 49
161 88 50
150 88 51
157 88 52
156 88 53
151 88 54
158 88 55
156 88 56
156 88 57
154 88 58
154 88 59
168 88 60
146 88 61
163 88 62
149 88 63
159 88 64
153 88 65
156 88 66
161 88 67
156 88 68
156 88 69
155 88 70
154 88 71
159 88 72
160 88 73
155 88 74
157 88 75
158 88 76
153 88 77
165 88 78
155 88 79
159 88 80
150 88 81
155 88 82
163 88 83
154 88 84
146 88 85
152 88 86
146 88 87
164 88 88
164 88 89
156 88 90
163 88 91
164 88 92
152 88 93
162 88 94
157 88 95
160 88 96
161 88 97
155 88 98
154 88 99
155 88 100
150 89 1
149 89 2
164 89 3
154 89 4
152 89 5
155 89 6
161 89 7
163 89 8
156 89 9
154 89 10
152 89 11
154 89 12
164 89 13
160 89 14
150 89 15
158 89 16
157 89 17
167 89 18
157 89 19
163 89 20
160 89 21
160 89 22
171 89 23
161 89 24
154 89 25
163 89 26
148 89 27
162 89 28
155 89 29
146 89 30
156 89 31
156 89 32
162 89 33
152 89 34
160 89 35
147 89 36
163 89 37
156 89 38
159 89 39
149 89 40
155 89 41
157 89 42
161 89 43
168 89 44
161 89 45
160 89 46
158 89 47
154 89 48
154 89 49
160 89 50
151 89 51
157 89 52
154 89 53
153 89 54
157 89 55
158 89 56
156 89 57
153 89 58
155 89 59
165 89 60
149 89 61
164 89 62
153 89 63
159 89 64
155 89 65
156 89 66
164 89 67
155 89 68
156 89 69
157 89 70
155 89 71
162 89 72
162 89 73
157 89 74
155 89 75
160 89 76
154 89 77
165 89 78
156 89 79
159 89 80
151 89 81
156 89 82
162 89 83
153 89 84
151 89 85
154 89 86
146 89 87
163 89 88
169 89 89
159 89 90
166 89 91
164 89 92
155 89 93
160 89 94
158 89 95
159 89 96
160 89 97
158 89 98
155 89 99
157 89 100
152 90 1
151 90 2
163 90 3
155 90 4
154 90 5
159 90 6
163 90 7
165 90 8
157 90 9
158 90 10
155 90 11
155 90 12
166 90 13
163 90 14
152 90 15
159 90 16
157 90 17
167 90 18
159 90 19
166 90 20
162 90 21
163 90 22
172 90 23
164 90 24
155 90 25
166 90 26
150 90 27
165 90 28
158 90 29
149 90 30
157 90 31
157 90 32
161 90 33
153 90 34
164 90 35
151 90 36
165 90 37
158 90 38
160 90 39
152 90 40
156 90 41
159 90 42
163 90 43
167 90 44
161 90 45
159 90 46
160 90 47
154 90 48
157 90 49
163 90 50
152 90 51
160 90 52
156 90 53
154 90 54
160 90 55
159 90 56
159 90 57
155 90 58
157 90 59
169 90 60
150 90 61
166 90 62
155 90 63
161 90 64
156 90 65
157 90 66
163 90 67
157 90 68
160 90 69
157 90 70
157 90 71
163 90 72
163 90 73
157 90 74
157 90 75
162 90 76
154 90 77
166 90 78
159 90 79
161 90 80
153 90 81
157 90 82
164 90 83
157 90 84
153 90 85
156 90 86
149 90 87
165 90 88
169 90 89
160 90 90
166 90 91
165 90 92
157 90 93
162 90 94
161 90 95
161 90 96
163 90 97
159 90 98
157 90 99
158 90 100
150 91 1
149 91 2
162 91 3
154 91 4
153 91 5
155 91 6
163 91 7
164 91 8
155 91 9
153 91 10
150 91 11
152 91 12
164 91 13
160 91 14
151 91 15
156 91 16
152 91 17
165 91 18
157 91 19
166 91 20
159 91 21
158 91 22
170 91 23
161 91 24
152 91 25
164 91 26
147 91 27
162 91 28
155 91 29
146 91 30
157 91 31
154 91 32
159 91 33
151 91 34
157 91 35
149 91 36
163 91 37
156 91 38
160 91 39
149 91 40
154 91 41
155 91 42
159 91 43
165 91 44
160 91 45
158 91 46
158 91 47
153 91 48
154 91 49
159 91 50
150 91 51
158 91 52
155 91 53
154 91 54
155 91 55
159 91 56
156 91 57
153 91 58
156 91 59
165 91 60
148 91 61
163 91 62
152 91 63
160 91 64
153 91 65
154 91 66
161 91 67
154 91 68
156 91 69
156 91 70
154 91 71
162 91 72
161 91 73
156 91 74
155 91 75
161 91 76
151 91 77
163 91 78
157 91 79
157 91 80
150 91 81
154 91 82
162 91 83
155 91 84
150 91 85
153 91 86
148 91 87
163 91 88
166 91 89
159 91 90
166 91 91
164 91 92
155 91 93
160 91 94
160 91 95
158 91 96
161 91 97
160 91 98
156 91 99
155 91 100
153 92 1
151 92 2
163 92 3
155 92 4
153 92 5
158 92 6
163 92 7
164 92 8
156 92 9
157 92 10
153 92 11
154 92 12
164 92 13
161 92 14
153 92 15
158 92 16
153 92 17
165 92 18
159 92 19
165 92 20
158 92 21
161 92 22
169 92 23
162 92 24
153 92 25
164 92 26
150 92 27
164 92 28
156 92 29
145 92 30
154 92 31
156 92 32
161 92 33
151 92 34
160 92 35
149 92 36
166 92 37
158 92 38
157 92 39
149 92 40
154 92 41
158 92 42
162 92 43
164 92 44
161 92 45
157 92 46
160 92 47
152 92 48
157 92 49
160 92 50
152 92 51
159 92 52
155 92 53
154 92 54
157 92 55
159 92 56
158 92 57
153 92 58
155 92 59
167 92 60
149 92 61
165 92 62
153 92 63
162 92 64
155 92 65
156 92 66
162 92 67
157 92 68
160 92 69
157 92 70
157 92 71
160 92 72
162 92 73
156 92 74
154 92 75
159 92 76
155 92 77
166 92 78
159 92 79
159 92 80
153 92 81
156 92 82
163 92 83
155 92 84
152 92 85
154 92 86
149 92 87
163 92 88
165 92 89
158 92 90
164 92 91
165 92 92
155 92 93
161 92 94
161 92 95
159 92 96
161 92 97
157 92 98
158 92 99
154 92 100
149 93 1
150 93 2
163 93 3
153 93 4
153 93 5
155 93 6
162 93 7
163 93 8
155 93 9
155 93 10
152 93 11
155 93 12
164 93 13
160 93 14
152 93 15
158 93 16
156 93 17
165 93 18
156 93 19
164 93 20
160 93 21
160 93 22
171 93 23
163 93 24
154 93 25
164 93 26
151 93 27
164 93 28
156 93 29
149 93 30
156 93 31
156 93 32
161 93 33
153 93 34
163 93 35
152 93 36
162 93 37
159 93 38
160 93 39
152 93 40
154 93 41
157 93 42
161 93 43
166 93 44
160 93 45
158 93 46
158 93 47
152 93 48
157 93 49
161 93 50
151 93 51
159 93 52
155 93 53
154 93 54
158 93 55
158 93 56
156 93 57
153 93 58
156 93 59
167 93 60
150 93 61
162 93 62
153 93 63
162 93 64
154 93 65
155 93 66
161 93 67
158 93 68
158 93 69
155 93 70
154 93 71
161 93 72
163 93 73
157 93 74
156 93 75
160 93 76
151 93 77
164 93 78
156 93 79
159 93 80
149 93 81
155 93 82
163 93 83
155 93 84
153 93 85
154 93 86
148 93 87
165 93 88
165 93 89
160 93 90
164 93 91
164 93 92
156 93 93
162 93 94
159 93 95
159 93 96
161 93 97
158 93 98
156 93 99
157 93 100
150 94 1
150 94 2
162 94 3
153 94 4
154 94 5
155 94 6
163 94 7
164 94 8
156 94 9
157 94 10
149 94 11
152 94 12
163 94 13
160 94 14
152 94 15
158 94 16
152 94 17
165 94 18
156 94 19
164 94 20
158 94 21
158 94 22
170 94 23
163 94 24
155 94 25
164 94 26
147 94 27
164 94 28
158 94 29
144 94 30
153 94 31
155 94 32
161 94 33
148 94 34
159 94 35
147 94 36
166 94 37
157 94 38
158 94 39
146 94 40
154 94 41
154 94 42
162 94 43
165 94 44
160 94 45
156 94 46
161 94 47
149 94 48
154 94 49
159 94 50
150 94 51
157 94 52
155 94 53
152 94 54
158 94 55
159 94 56
158 94 57
153 94 58
155 94 59
167 94 60
146 94 61
164 94 62
151 94 63
159 94 64
155 94 65
156 94 66
162 94 67
157 94 68
160 94 69
154 94 70
154 94 71
160 94 72
162 94 73
155 94 74
156 94 75
159 94 76
153 94 77
165 94 78
156 94 79
161 94 80
151 94 81
156 94 82
164 94 83
156 94 84
150 94 85
152 94 86
147 94 87
163 94 88
165 94 89
158 94 90
164 94 91
164 94 92
153 94 93
162 94 94
160 94 95
160 94 96
162 94 97
157 94 98
154 94 99
153 94 100
150 95 1
151 95 2
163 95 3
152 95 4
151 95 5
156 95 6
163 95 7
163 95 8
154 95 9
155 95 10
155 95 11
155 95 12
164 95 13
159 95 14
152 95 15
158 95 16
157 95 17
165 95 18
157 95 19
165 95 20
160 95 21
159 95 22
171 95 23
163 95 24
153 95 25
163 95 26
155 95 27
164 95 28
156 95 29
148 95 30
154 95 31
158 95 32
160 95 33
153 95 34
164 95 35
152 95 36
163 95 37
158 95 38
157 95 39
153 95 40
154 95 41
157 95 42
162 95 43
166 95 44
161 95 45
156 95 46
160 95 47
152 95 48
155 95 49
163 95 50
151 95 51
161 95 52
156 95 53
154 95 54
158 95 55
155 95 56
157 95 57
153 95 58
155 95 59
168 95 60
149 95 61
163 95 62
155 95 63
161 95 64
153 95 65
154 95 66
161 95 67
155 95 68
159 95 69
156 95 70
155 95 71
161 95 72
163 95 73
156 95 74
156 95 75
161 95 76
151 95 77
164 95 78
157 95 79
159 95 80
150 95 81
154 95 82
163 95 83
154 95 84
152 95 85
153 95 86
147 95 87
163 95 88
167 95 89
158 95 90
164 95 91
163 95 92
157 95 93
161 95 94
160 95 95
159 95 96
162 95 97
157 95 98
156 95 99
156 95 100
149 96 1
150 96 2
161 96 3
151 96 4
151 96 5
155 96 6
159 96 7
164 96 8
156 96 9
154 96 10
151 96 11
150 96 12
161 96 13
160 96 14
149 96 15
155 96 16
152 96 17
163 96 18
154 96 19
161 96 20
159 96 21
155 96 22
170 96 23
159 96 24
153 96 25
164 96 26
147 96 27
163 96 28
153 96 29
145 96 30
156 96 31
156 96 32
157 96 33
151 96 34
159 96 35
144 96 36
161 96 37
157 96 38
158 96 39
145 96 40
152 96 41
154 96 42
161 96 43
165 96 44
157 96 45
154 96 46
158 96 47
151 96 48
153 96 49
160 96 50
148 96 51
157 96 52
153 96 53
151 96 54
158 96 55
157 96 56
156 96 57
151 96 58
157 96 59
167 96 60
146 96 61
161 96 62
148 96 63
157 96 64
151 96 65
154 96 66
160 96 67
155 96 68
156 96 69
154 96 70
154 96 71
161 96 72
161 96 73
156 96 74
156 96 75
159 96 76
153 96 77
163 96 78
155 96 79
158 96 80
148 96 81
154 96 82
162 96 83
156 96 84
146 96 85
153 96 86
144 96 87
161 96 88
164 96 89
156 96 90
162 96 91
161 96 92
153 96 93
159 96 94
156 96 95
162 96 96
159 96 97
157 96 98
155 96 99
153 96 100
150 97 1
149 97 2
162 97 3
152 97 4
151 97 5
154 97 6
162 97 7
163 97 8
155 97 9
154 97 10
148 97 11
151 97 12
162 97 13
159 97 14
150 97 15
156 97 16
154 97 17
163 97 18
156 97 19
164 97 20
159 97 21
156 97 22
170 97 23
163 97 24
153 97 25
164 97 26
148 97 27
163 97 28
156 97 29
144 97 30
153 97 31
155 97 32
160 97 33
147 97 34
156 97 35
143 97 36
165 97 37
157 97 38
157 97 39
148 97 40
154 97 41
153 97 42
161 97 43
166 97 44
157 97 45
157 97 46
158 97 47
149 97 48
154 97 49
160 97 50
148 97 51
156 97 52
156 97 53
150 97 54
156 97 55
156 97 56
156 97 57
154 97 58
157 97 59
164 97 60
146 97 61
162 97 62
151 97 63
159 97 64
154 97 65
155 97 66
161 97 67
156 97 68
156 97 69
154 97 70
153 97 71
160 97 72
163 97 73
153 97 74
155 97 75
158 97 76
153 97 77
164 97 78
154 97 79
159 97 80
150 97 81
156 97 82
164 97 83
156 97 84
149 97 85
152 97 86
145 97 87
161 97 88
165 97 89
156 97 90
164 97 91
163 97 92
151 97 93
161 97 94
158 97 95
159 97 96
163 97 97
157 97 98
153 97 99
153 97 100
147 98 1
148 98 2
158 98 3
151 98 4
151 98 5
152 98 6
161 98 7
161 98 8
154 98 9
154 98 10
149 98 11
149 98 12
162 98 13
160 98 14
150 98 15
157 98 16
151 98 17
161 98 18
153 98 19
163 98 20
157 98 21
153 98 22
167 98 23
160 98 24
153 98 25
163 98 26
149 98 27
160 98 28
154 98 29
142 98 30
149 98 31
153 98 32
157 98 33
146 98 34
156 98 35
143 98 36
162 98 37
154 98 38
156 98 39
145 98 40
151 98 41
152 98 42
161 98 43
162 98 44
156 98 45
156 98 46
158 98 47
149 98 48
151 98 49
160 98 50
149 98 51
152 98 52
152 98 53
149 98 54
155 98 55
155 98 56
155 98 57
152 98 58
154 98 59
166 98 60
141 98 61
161 98 62
149 98 63
156 98 64
151 98 65
156 98 66
160 98 67
152 98 68
154 98 69
153 98 70
152 98 71
158 98 72
159 98 73
152 98 74
153 98 75
159 98 76
154 98 77
163 98 78
151 98 79
156 98 80
153 98 81
153 98 82
161 98 83
151 98 84
147 98 85
151 98 86
147 98 87
160 98 88
162 98 89
156 98 90
163 98 91
161 98 92
150 98 93
159 98 94
154 98 95
157 98 96
157 98 97
156 98 98
152 98 99
151 98 100
150 99 1
150 99 2
162 99 3
154 99 4
153 99 5
154 99 6
162 99 7
163 99 8
157 99 9
156 99 10
153 99 11
152 99 12
164 99 13
160 99 14
150 99 15
157 99 16
157 99 17
168 99 18
158 99 19
165 99 20
159 99 21
160 99 22
171 99 23
161 99 24
155 99 25
164 99 26
150 99 27
164 99 28
155 99 29
147 99 30
158 99 31
156 99 32
162 99 33
153 99 34
162 99 35
150 99 36
163 99 37
157 99 38
160 99 39
149 99 40
153 99 41
157 99 42
161 99 43
167 99 44
162 99 45
157 99 46
159 99 47
154 99 48
156 99 49
161 99 50
151 99 51
157 99 52
155 99 53
156 99 54
157 99 55
158 99 56
159 99 57
153 99 58
155 99 59
165 99 60
148 99 61
165 99 62
153 99 63
161 99 64
157 99 65
154 99 66
163 99 67
155 99 68
158 99 69
156 99 70
156 99 71
160 99 72
162 99 73
157 99 74
155 99 75
162 99 76
151 99 77
166 99 78
157 99 79
158 99 80
150 99 81
155 99 82
161 99 83
153 99 84
152 99 85
156 99 86
147 99 87
164 99 88
168 99 89
160 99 90
165 99 91
163 99 92
154 99 93
160 99 94
161 99 95
160 99 96
161 99 97
157 99 98
157 99 99
158 99 100
153 100 1
152 100 2
164 100 3
155 100 4
154 100 5
159 100 6
164 100 7
165 100 8
157 100 9
157 100 10
158 100 11
156 100 12
167 100 13
162 100 14
154 100 15
159 100 16
159 100 17
167 100 18
159 100 19
166 100 20
162 100 21
163 100 22
173 100 23
164 100 24
155 100 25
165 100 26
154 100 27
165 100 28
157 100 29
150 100 30
157 100 31
158 100 32
162 100 33
157 100 34
165 100 35
153 100 36
166 100 37
159 100 38
160 100 39
155 100 40
156 100 41
159 100 42
163 100 43
167 100 44
162 100 45
159 100 46
161 100 47
154 100 48
158 100 49
163 100 50
152 100 51
161 100 52
157 100 53
157 100 54
159 100 55
159 100 56
159 100 57
155 100 58
157 100 59
169 100 60
152 100 61
165 100 62
157 100 63
163 100 64
157 100 65
157 100 66
163 100 67
157 100 68
161 100 69
159 100 70
157 100 71
163 100 72
165 100 73
158 100 74
157 100 75
161 100 76
154 100 77
166 100 78
159 100 79
161 100 80
152 100 81
157 100 82
165 100 83
157 100 84
155 100 85
157 100 86
150 100 87
165 100 88
169 100 89
160 100 90
167 100 91
164 100 92
158 100 93
163 100 94
161 100 95
162 100 96
163 100 97
159 100 98
157 100 99
158 100 100
