271 1 1
246 1 2
270 1 3
255 1 4
246 1 5
273 1 6
256 1 7
261 1 8
253 1 9
226 1 10
250 1 11
244 1 12
277 1 13
236 1 14
243 1 15
251 1 16
253 1 17
251 1 18
253 1 19
243 1 20
254 1 21
243 1 22
249 1 23
257 1 24
259 1 25
259 1 26
266 1 27
246 1 28
252 1 29
255 1 30
230 1 31
271 1 32
254 1 33
256 1 34
261 1 35
256 1 36
251 1 37
257 1 38
258 1 39
258 1 40
256 1 41
257 1 42
258 1 43
285 1 44
265 1 45
261 1 46
244 1 47
259 1 48
251 1 49
276 1 50
253 1 51
247 1 52
262 1 53
258 1 54
238 1 55
260 1 56
244 1 57
252 1 58
263 1 59
254 1 60
241 1 61
269 1 62
255 1 63
268 1 64
228 1 65
236 1 66
254 1 67
240 1 68
258 1 69
259 1 70
268 1 71
251 1 72
257 1 73
246 1 74
249 1 75
250 1 76
255 1 77
259 1 78
264 1 79
257 1 80
258 1 81
252 1 82
249 1 83
241 1 84
265 1 85
255 1 86
257 1 87
244 1 88
276 1 89
238 1 90
259 1 91
247 1 92
255 1 93
250 1 94
264 1 95
256 1 96
243 1 97
248 1 98
253 1 99
251 1 100
268 2 1
256 2 2
274 2 3
264 2 4
251 2 5
278 2 6
258 2 7
260 2 8
258 2 9
234 2 10
256 2 11
261 2 12
279 2 13
245 2 14
254 2 15
258 2 16
258 2 17
261 2 18
260 2 19
252 2 20
261 2 21
250 2 22
257 2 23
257 2 24
263 2 25
260 2 26
276 2 27
257 2 28
260 2 29
260 2 30
241 2 31
275 2 32
263 2 33
266 2 34
268 2 35
262 2 36
259 2 37
264 2 38
262 2 39
262 2 40
259 2 41
265 2 42
255 2 43
292 2 44
272 2 45
267 2 46
254 2 47
270 2 48
263 2 49
280 2 50
258 2 51
256 2 52
271 2 53
265 2 54
240 2 55
269 2 56
252 2 57
255 2 58
276 2 59
259 2 60
254 2 61
274 2 62
264 2 63
273 2 64
235 2 65
241 2 66
264 2 67
245 2 68
264 2 69
268 2 70
275 2 71
256 2 72
270 2 73
253 2 74
254 2 75
256 2 76
255 2 77
261 2 78
272 2 79
261 2 80
261 2 81
258 2 82
256 2 83
244 2 84
272 2 85
263 2 86
264 2 87
248 2 88
285 2 89
249 2 90
269 2 91
252 2 92
264 2 93
262 2 94
273 2 95
262 2 96
250 2 97
254 2 98
260 2 99
262 2 100
262 3 1
243 3 2
281 3 3
261 3 4
244 3 5
272 3 6
257 3 7
260 3 8
255 3 9
226 3 10
250 3 11
247 3 12
274 3 13
238 3 14
248 3 15
248 3 16
252 3 17
256 3 18
255 3 19
245 3 20
256 3 21
243 3 22
254 3 23
257 3 24
259 3 25
258 3 26
272 3 27
249 3 28
259 3 29
251 3 30
235 3 31
273 3 32
256 3 33
260 3 34
259 3 35
262 3 36
258 3 37
260 3 38
261 3 39
261 3 40
257 3 41
259 3 42
252 3 43
283 3 44
264 3 45
261 3 46
247 3 47
259 3 48
253 3 49
276 3 50
255 3 51
247 3 52
260 3 53
256 3 54
238 3 55
262 3 56
244 3 57
247 3 58
264 3 59
255 3 60
244 3 61
268 3 62
257 3 63
270 3 64
227 3 65
238 3 66
259 3 67
240 3 68
257 3 69
266 3 70
270 3 71
246 3 72
260 3 73
243 3 74
246 3 75
251 3 76
253 3 77
258 3 78
269 3 79
256 3 80
261 3 81
255 3 82
251 3 83
241 3 84
259 3 85
255 3 86
255 3 87
246 3 88
279 3 89
242 3 90
261 3 91
246 3 92
254 3 93
258 3 94
265 3 95
254 3 96
241 3 97
248 3 98
252 3 99
254 3 100
251 4 1
242 4 2
270 4 3
263 4 4
242 4 5
267 4 6
257 4 7
253 4 8
249 4 9
227 4 10
246 4 11
246 4 12
270 4 13
236 4 14
242 4 15
250 4 16
244 4 17
251 4 18
246 4 19
242 4 20
254 4 21
240 4 22
253 4 23
246 4 24
255 4 25
251 4 26
259 4 27
243 4 28
255 4 29
243 4 30
225 4 31
263 4 32
255 4 33
251 4 34
252 4 35
256 4 36
252 4 37
253 4 38
251 4 39
253 4 40
251 4 41
258 4 42
246 4 43
282 4 44
261 4 45
253 4 46
238 4 47
258 4 48
249 4 49
266 4 50
252 4 51
243 4 52
259 4 53
249 4 54
236 4 55
260 4 56
243 4 57
243 4 58
267 4 59
248 4 60
245 4 61
267 4 62
255 4 63
267 4 64
224 4 65
233 4 66
252 4 67
239 4 68
254 4 69
260 4 70
269 4 71
240 4 72
257 4 73
240 4 74
244 4 75
241 4 76
249 4 77
256 4 78
263 4 79
250 4 80
255 4 81
248 4 82
243 4 83
240 4 84
263 4 85
251 4 86
254 4 87
239 4 88
274 4 89
247 4 90
265 4 91
242 4 92
256 4 93
249 4 94
262 4 95
249 4 96
237 4 97
237 4 98
250 4 99
253 4 100
254 5 1
239 5 2
269 5 3
254 5 4
252 5 5
265 5 6
250 5 7
253 5 8
248 5 9
225 5 10
250 5 11
242 5 12
268 5 13
235 5 14
245 5 15
253 5 16
251 5 17
244 5 18
252 5 19
241 5 20
249 5 21
243 5 22
255 5 23
251 5 24
254 5 25
254 5 26
265 5 27
242 5 28
248 5 29
255 5 30
229 5 31
266 5 32
255 5 33
260 5 34
257 5 35
249 5 36
257 5 37
247 5 38
247 5 39
253 5 40
251 5 41
254 5 42
240 5 43
279 5 44
263 5 45
252 5 46
241 5 47
256 5 48
252 5 49
267 5 50
246 5 51
247 5 52
267 5 53
253 5 54
226 5 55
250 5 56
234 5 57
241 5 58
262 5 59
250 5 60
243 5 61
258 5 62
256 5 63
262 5 64
223 5 65
237 5 66
252 5 67
242 5 68
251 5 69
257 5 70
265 5 71
246 5 72
259 5 73
240 5 74
243 5 75
246 5 76
247 5 77
252 5 78
262 5 79
248 5 80
256 5 81
245 5 82
249 5 83
238 5 84
258 5 85
249 5 86
253 5 87
239 5 88
272 5 89
242 5 90
258 5 91
245 5 92
254 5 93
247 5 94
264 5 95
253 5 96
236 5 97
244 5 98
245 5 99
250 5 100
265 6 1
248 6 2
273 6 3
261 6 4
241 6 5
279 6 6
261 6 7
263 6 8
254 6 9
232 6 10
255 6 11
253 6 12
276 6 13
242 6 14
249 6 15
252 6 16
255 6 17
257 6 18
258 6 19
252 6 20
253 6 21
252 6 22
257 6 23
255 6 24
260 6 25
260 6 26
273 6 27
253 6 28
255 6 29
256 6 30
240 6 31
271 6 32
262 6 33
266 6 34
267 6 35
261 6 36
261 6 37
260 6 38
262 6 39
261 6 40
255 6 41
260 6 42
253 6 43
290 6 44
270 6 45
262 6 46
248 6 47
264 6 48
257 6 49
276 6 50
256 6 51
250 6 52
264 6 53
266 6 54
238 6 55
262 6 56
247 6 57
248 6 58
269 6 59
255 6 60
249 6 61
269 6 62
265 6 63
272 6 64
233 6 65
240 6 66
259 6 67
244 6 68
257 6 69
260 6 70
274 6 71
249 6 72
266 6 73
246 6 74
252 6 75
255 6 76
253 6 77
260 6 78
274 6 79
260 6 80
262 6 81
253 6 82
255 6 83
242 6 84
272 6 85
259 6 86
261 6 87
249 6 88
277 6 89
249 6 90
264 6 91
248 6 92
262 6 93
258 6 94
274 6 95
260 6 96
245 6 97
250 6 98
256 6 99
261 6 100
264 7 1
248 7 2
280 7 3
266 7 4
250 7 5
279 7 6
265 7 7
264 7 8
258 7 9
233 7 10
253 7 11
257 7 12
277 7 13
242 7 14
251 7 15
258 7 16
261 7 17
258 7 18
258 7 19
250 7 20
258 7 21
247 7 22
256 7 23
258 7 24
261 7 25
260 7 26
274 7 27
258 7 28
265 7 29
256 7 30
238 7 31
274 7 32
267 7 33
265 7 34
265 7 35
261 7 36
259 7 37
262 7 38
260 7 39
260 7 40
263 7 41
267 7 42
260 7 43
290 7 44
269 7 45
264 7 46
250 7 47
267 7 48
259 7 49
281 7 50
259 7 51
254 7 52
264 7 53
259 7 54
242 7 55
262 7 56
253 7 57
252 7 58
272 7 59
258 7 60
251 7 61
270 7 62
262 7 63
274 7 64
232 7 65
240 7 66
260 7 67
247 7 68
265 7 69
264 7 70
273 7 71
252 7 72
264 7 73
251 7 74
254 7 75
257 7 76
257 7 77
263 7 78
272 7 79
259 7 80
262 7 81
261 7 82
257 7 83
245 7 84
271 7 85
261 7 86
261 7 87
249 7 88
285 7 89
249 7 90
268 7 91
250 7 92
262 7 93
261 7 94
274 7 95
263 7 96
246 7 97
250 7 98
257 7 99
262 7 100
250 8 1
235 8 2
266 8 3
251 8 4
237 8 5
264 8 6
251 8 7
263 8 8
249 8 9
224 8 10
238 8 11
239 8 12
268 8 13
231 8 14
235 8 15
249 8 16
244 8 17
240 8 18
245 8 19
238 8 20
252 8 21
231 8 22
245 8 23
248 8 24
250 8 25
252 8 26
255 8 27
234 8 28
257 8 29
241 8 30
227 8 31
264 8 32
251 8 33
246 8 34
251 8 35
249 8 36
243 8 37
250 8 38
247 8 39
246 8 40
247 8 41
252 8 42
246 8 43
271 8 44
255 8 45
251 8 46
240 8 47
252 8 48
240 8 49
270 8 50
247 8 51
243 8 52
256 8 53
250 8 54
230 8 55
253 8 56
238 8 57
239 8 58
254 8 59
248 8 60
238 8 61
258 8 62
242 8 63
258 8 64
225 8 65
227 8 66
242 8 67
236 8 68
246 8 69
253 8 70
257 8 71
236 8 72
254 8 73
237 8 74
239 8 75
238 8 76
250 8 77
255 8 78
254 8 79
248 8 80
252 8 81
246 8 82
241 8 83
239 8 84
257 8 85
252 8 86
244 8 87
231 8 88
268 8 89
232 8 90
256 8 91
241 8 92
247 8 93
247 8 94
255 8 95
249 8 96
234 8 97
240 8 98
243 8 99
241 8 100
264 9 1
245 9 2
273 9 3
260 9 4
246 9 5
268 9 6
252 9 7
261 9 8
259 9 9
228 9 10
247 9 11
248 9 12
271 9 13
236 9 14
242 9 15
255 9 16
249 9 17
250 9 18
251 9 19
250 9 20
255 9 21
243 9 22
254 9 23
254 9 24
256 9 25
252 9 26
269 9 27
248 9 28
256 9 29
253 9 30
238 9 31
265 9 32
258 9 33
255 9 34
261 9 35
260 9 36
256 9 37
254 9 38
256 9 39
258 9 40
255 9 41
253 9 42
253 9 43
280 9 44
260 9 45
260 9 46
247 9 47
258 9 48
249 9 49
273 9 50
252 9 51
250 9 52
264 9 53
254 9 54
237 9 55
259 9 56
248 9 57
250 9 58
264 9 59
248 9 60
243 9 61
262 9 62
256 9 63
268 9 64
229 9 65
239 9 66
254 9 67
239 9 68
258 9 69
260 9 70
268 9 71
246 9 72
260 9 73
242 9 74
246 9 75
244 9 76
254 9 77
261 9 78
264 9 79
254 9 80
256 9 81
251 9 82
251 9 83
243 9 84
259 9 85
256 9 86
263 9 87
244 9 88
271 9 89
242 9 90
257 9 91
247 9 92
255 9 93
250 9 94
266 9 95
258 9 96
239 9 97
249 9 98
255 9 99
253 9 100
254 10 1
242 10 2
265 10 3
254 10 4
238 10 5
263 10 6
253 10 7
250 10 8
248 10 9
237 10 10
247 10 11
244 10 12
272 10 13
236 10 14
244 10 15
250 10 16
249 10 17
244 10 18
247 10 19
246 10 20
247 10 21
236 10 22
245 10 23
248 10 24
252 10 25
250 10 26
259 10 27
246 10 28
250 10 29
249 10 30
228 10 31
265 10 32
252 10 33
252 10 34
256 10 35
256 10 36
254 10 37
247 10 38
245 10 39
254 10 40
248 10 41
256 10 42
245 10 43
274 10 44
257 10 45
252 10 46
242 10 47
257 10 48
247 10 49
268 10 50
243 10 51
243 10 52
253 10 53
249 10 54
237 10 55
258 10 56
241 10 57
241 10 58
260 10 59
251 10 60
242 10 61
259 10 62
257 10 63
264 10 64
227 10 65
239 10 66
250 10 67
234 10 68
249 10 69
258 10 70
267 10 71
242 10 72
256 10 73
236 10 74
241 10 75
239 10 76
246 10 77
250 10 78
258 10 79
250 10 80
246 10 81
244 10 82
245 10 83
239 10 84
258 10 85
246 10 86
252 10 87
239 10 88
268 10 89
235 10 90
260 10 91
243 10 92
247 10 93
254 10 94
255 10 95
251 10 96
239 10 97
238 10 98
242 10 99
249 10 100
257 11 1
247 11 2
273 11 3
256 11 4
241 11 5
269 11 6
253 11 7
253 11 8
251 11 9
227 11 10
262 11 11
255 11 12
278 11 13
237 11 14
246 11 15
250 11 16
255 11 17
259 11 18
253 11 19
249 11 20
256 11 21
247 11 22
252 11 23
251 11 24
256 11 25
256 11 26
268 11 27
249 11 28
250 11 29
257 11 30
237 11 31
268 11 32
254 11 33
262 11 34
260 11 35
256 11 36
261 11 37
256 11 38
253 11 39
258 11 40
256 11 41
257 11 42
248 11 43
282 11 44
262 11 45
257 11 46
252 11 47
268 11 48
256 11 49
271 11 50
253 11 51
249 11 52
266 11 53
257 11 54
231 11 55
262 11 56
238 11 57
244 11 58
263 11 59
253 11 60
246 11 61
266 11 62
256 11 63
269 11 64
226 11 65
235 11 66
260 11 67
241 11 68
256 11 69
258 11 70
274 11 71
248 11 72
260 11 73
242 11 74
243 11 75
250 11 76
245 11 77
257 11 78
273 11 79
252 11 80
256 11 81
253 11 82
248 11 83
239 11 84
262 11 85
255 11 86
255 11 87
242 11 88
276 11 89
245 11 90
260 11 91
244 11 92
258 11 93
252 11 94
265 11 95
248 11 96
240 11 97
246 11 98
249 11 99
254 11 100
263 12 1
251 12 2
273 12 3
261 12 4
246 12 5
275 12 6
260 12 7
257 12 8
258 12 9
229 12 10
256 12 11
263 12 12
277 12 13
241 12 14
252 12 15
252 12 16
256 12 17
261 12 18
255 12 19
252 12 20
257 12 21
249 12 22
253 12 23
258 12 24
262 12 25
261 12 26
269 12 27
253 12 28
259 12 29
260 12 30
238 12 31
270 12 32
264 12 33
266 12 34
263 12 35
264 12 36
258 12 37
260 12 38
258 12 39
258 12 40
257 12 41
264 12 42
254 12 43
289 12 44
264 12 45
265 12 46
249 12 47
267 12 48
261 12 49
275 12 50
254 12 51
253 12 52
265 12 53
258 12 54
241 12 55
262 12 56
250 12 57
251 12 58
268 12 59
256 12 60
250 12 61
271 12 62
267 12 63
273 12 64
233 12 65
240 12 66
261 12 67
244 12 68
261 12 69
262 12 70
274 12 71
250 12 72
264 12 73
249 12 74
250 12 75
257 12 76
257 12 77
259 12 78
269 12 79
257 12 80
259 12 81
256 12 82
253 12 83
243 12 84
267 12 85
254 12 86
264 12 87
245 12 88
279 12 89
246 12 90
267 12 91
247 12 92
262 12 93
257 12 94
273 12 95
263 12 96
243 12 97
255 12 98
257 12 99
262 12 100
266 13 1
250 13 2
274 13 3
262 13 4
246 13 5
273 13 6
258 13 7
260 13 8
257 13 9
229 13 10
256 13 11
253 13 12
285 13 13
242 13 14
248 13 15
256 13 16
258 13 17
256 13 18
255 13 19
250 13 20
262 13 21
249 13 22
255 13 23
260 13 24
259 13 25
260 13 26
271 13 27
257 13 28
259 13 29
257 13 30
235 13 31
269 13 32
260 13 33
261 13 34
266 13 35
264 13 36
258 13 37
261 13 38
261 13 39
262 13 40
260 13 41
265 13 42
257 13 43
289 13 44
272 13 45
266 13 46
249 13 47
270 13 48
256 13 49
279 13 50
254 13 51
253 13 52
263 13 53
260 13 54
241 13 55
265 13 56
244 13 57
254 13 58
268 13 59
258 13 60
249 13 61
270 13 62
262 13 63
270 13 64
233 13 65
240 13 66
259 13 67
246 13 68
260 13 69
266 13 70
275 13 71
252 13 72
266 13 73
248 13 74
246 13 75
253 13 76
256 13 77
264 13 78
271 13 79
254 13 80
260 13 81
256 13 82
256 13 83
246 13 84
267 13 85
260 13 86
263 13 87
246 13 88
279 13 89
245 13 90
268 13 91
247 13 92
259 13 93
255 13 94
268 13 95
254 13 96
247 13 97
251 13 98
257 13 99
257 13 100
255 14 1
243 14 2
268 14 3
251 14 4
243 14 5
265 14 6
251 14 7
253 14 8
245 14 9
228 14 10
240 14 11
244 14 12
267 14 13
239 14 14
239 14 15
253 14 16
243 14 17
243 14 18
251 14 19
244 14 20
243 14 21
237 14 22
253 14 23
246 14 24
250 14 25
244 14 26
262 14 27
241 14 28
250 14 29
252 14 30
227 14 31
260 14 32
251 14 33
255 14 34
247 14 35
248 14 36
243 14 37
246 14 38
245 14 39
252 14 40
250 14 41
255 14 42
241 14 43
272 14 44
255 14 45
255 14 46
237 14 47
255 14 48
243 14 49
267 14 50
250 14 51
242 14 52
261 14 53
251 14 54
231 14 55
256 14 56
235 14 57
244 14 58
261 14 59
250 14 60
238 14 61
256 14 62
251 14 63
263 14 64
225 14 65
233 14 66
247 14 67
238 14 68
250 14 69
253 14 70
262 14 71
243 14 72
256 14 73
239 14 74
241 14 75
239 14 76
246 14 77
249 14 78
261 14 79
253 14 80
251 14 81
245 14 82
247 14 83
232 14 84
257 14 85
246 14 86
250 14 87
239 14 88
268 14 89
238 14 90
254 14 91
241 14 92
247 14 93
252 14 94
261 14 95
253 14 96
236 14 97
245 14 98
246 14 99
251 14 100
255 15 1
246 15 2
276 15 3
259 15 4
244 15 5
266 15 6
249 15 7
257 15 8
250 15 9
228 15 10
254 15 11
247 15 12
271 15 13
232 15 14
249 15 15
251 15 16
253 15 17
253 15 18
252 15 19
241 15 20
253 15 21
240 15 22
252 15 23
253 15 24
254 15 25
251 15 26
264 15 27
243 15 28
254 15 29
251 15 30
234 15 31
262 15 32
254 15 33
262 15 34
260 15 35
252 15 36
251 15 37
255 15 38
249 15 39
255 15 40
255 15 41
260 15 42
248 15 43
278 15 44
258 15 45
258 15 46
249 15 47
260 15 48
249 15 49
267 15 50
249 15 51
249 15 52
268 15 53
253 15 54
229 15 55
255 15 56
243 15 57
242 15 58
258 15 59
248 15 60
246 15 61
264 15 62
250 15 63
265 15 64
224 15 65
237 15 66
255 15 67
236 15 68
246 15 69
258 15 70
270 15 71
247 15 72
258 15 73
243 15 74
245 15 75
244 15 76
245 15 77
254 15 78
267 15 79
252 15 80
252 15 81
250 15 82
250 15 83
240 15 84
254 15 85
249 15 86
250 15 87
240 15 88
278 15 89
244 15 90
263 15 91
244 15 92
253 15 93
253 15 94
264 15 95
254 15 96
234 15 97
246 15 98
257 15 99
254 15 100
249 16 1
230 16 2
264 16 3
248 16 4
235 16 5
260 16 6
247 16 7
248 16 8
244 16 9
220 16 10
244 16 11
233 16 12
259 16 13
232 16 14
232 16 15
260 16 16
240 16 17
237 16 18
244 16 19
234 16 20
242 16 21
230 16 22
242 16 23
247 16 24
241 16 25
241 16 26
260 16 27
231 16 28
244 16 29
245 16 30
225 16 31
260 16 32
247 16 33
252 16 34
242 16 35
240 16 36
246 16 37
238 16 38
241 16 39
246 16 40
253 16 41
248 16 42
241 16 43
268 16 44
252 16 45
244 16 46
235 16 47
255 16 48
245 16 49
260 16 50
240 16 51
240 16 52
256 16 53
244 16 54
223 16 55
242 16 56
231 16 57
237 16 58
254 16 59
240 16 60
229 16 61
253 16 62
243 16 63
252 16 64
216 16 65
227 16 66
245 16 67
227 16 68
247 16 69
253 16 70
257 16 71
235 16 72
247 16 73
234 16 74
235 16 75
240 16 76
243 16 77
243 16 78
249 16 79
248 16 80
236 16 81
238 16 82
237 16 83
229 16 84
249 16 85
244 16 86
241 16 87
232 16 88
257 16 89
235 16 90
254 16 91
236 16 92
242 16 93
246 16 94
254 16 95
246 16 96
229 16 97
231 16 98
241 16 99
241 16 100
257 17 1
241 17 2
269 17 3
254 17 4
240 17 5
268 17 6
251 17 7
254 17 8
249 17 9
223 17 10
250 17 11
252 17 12
268 17 13
234 17 14
244 17 15
252 17 16
259 17 17
251 17 18
247 17 19
248 17 20
252 17 21
243 17 22
253 17 23
253 17 24
255 17 25
254 17 26
261 17 27
248 17 28
251 17 29
252 17 30
232 17 31
266 17 32
256 17 33
264 17 34
260 17 35
255 17 36
259 17 37
257 17 38
248 17 39
255 17 40
252 17 41
255 17 42
249 17 43
280 17 44
260 17 45
253 17 46
245 17 47
258 17 48
253 17 49
267 17 50
251 17 51
249 17 52
262 17 53
251 17 54
230 17 55
255 17 56
241 17 57
248 17 58
263 17 59
245 17 60
247 17 61
266 17 62
261 17 63
260 17 64
227 17 65
232 17 66
254 17 67
236 17 68
251 17 69
257 17 70
263 17 71
250 17 72
259 17 73
242 17 74
243 17 75
252 17 76
252 17 77
250 17 78
264 17 79
248 17 80
252 17 81
255 17 82
247 17 83
237 17 84
260 17 85
253 17 86
253 17 87
241 17 88
266 17 89
244 17 90
260 17 91
244 17 92
256 17 93
253 17 94
260 17 95
249 17 96
237 17 97
246 17 98
252 17 99
260 17 100
261 18 1
250 18 2
272 18 3
256 18 4
245 18 5
273 18 6
255 18 7
258 18 8
252 18 9
226 18 10
258 18 11
256 18 12
275 18 13
244 18 14
250 18 15
252 18 16
258 18 17
266 18 18
256 18 19
251 18 20
258 18 21
247 18 22
259 18 23
249 18 24
258 18 25
258 18 26
268 18 27
247 18 28
256 18 29
258 18 30
238 18 31
271 18 32
256 18 33
262 18 34
263 18 35
261 18 36
259 18 37
256 18 38
256 18 39
263 18 40
257 18 41
265 18 42
249 18 43
286 18 44
267 18 45
262 18 46
250 18 47
267 18 48
259 18 49
275 18 50
251 18 51
251 18 52
262 18 53
259 18 54
239 18 55
269 18 56
242 18 57
252 18 58
270 18 59
253 18 60
246 18 61
266 18 62
260 18 63
268 18 64
232 18 65
236 18 66
257 18 67
244 18 68
262 18 69
260 18 70
269 18 71
252 18 72
264 18 73
242 18 74
247 18 75
251 18 76
253 18 77
261 18 78
270 18 79
255 18 80
254 18 81
253 18 82
252 18 83
240 18 84
268 18 85
254 18 86
258 18 87
242 18 88
274 18 89
248 18 90
266 18 91
247 18 92
261 18 93
252 18 94
265 18 95
254 18 96
240 18 97
248 18 98
250 18 99
263 18 100
244 19 1
239 19 2
259 19 3
252 19 4
230 19 5
264 19 6
244 19 7
252 19 8
239 19 9
213 19 10
240 19 11
244 19 12
261 19 13
226 19 14
231 19 15
240 19 16
243 19 17
240 19 18
255 19 19
236 19 20
246 19 21
235 19 22
242 19 23
243 19 24
250 19 25
244 19 26
257 19 27
242 19 28
243 19 29
243 19 30
234 19 31
259 19 32
247 19 33
245 19 34
250 19 35
246 19 36
242 19 37
248 19 38
246 19 39
246 19 40
247 19 41
248 19 42
239 19 43
272 19 44
251 19 45
250 19 46
232 19 47
253 19 48
250 19 49
259 19 50
240 19 51
243 19 52
254 19 53
241 19 54
223 19 55
251 19 56
233 19 57
233 19 58
255 19 59
241 19 60
232 19 61
253 19 62
248 19 63
253 19 64
221 19 65
228 19 66
244 19 67
224 19 68
245 19 69
251 19 70
259 19 71
233 19 72
251 19 73
241 19 74
231 19 75
234 19 76
238 19 77
242 19 78
252 19 79
246 19 80
247 19 81
243 19 82
240 19 83
228 19 84
259 19 85
246 19 86
245 19 87
231 19 88
270 19 89
235 19 90
255 19 91
235 19 92
249 19 93
246 19 94
254 19 95
243 19 96
227 19 97
234 19 98
248 19 99
244 19 100
270 20 1
250 20 2
277 20 3
260 20 4
247 20 5
280 20 6
260 20 7
260 20 8
260 20 9
229 20 10
256 20 11
254 20 12
279 20 13
242 20 14
249 20 15
255 20 16
261 20 17
260 20 18
257 20 19
257 20 20
260 20 21
253 20 22
258 20 23
259 20 24
263 20 25
261 20 26
270 20 27
250 20 28
259 20 29
259 20 30
241 20 31
275 20 32
260 20 33
267 20 34
266 20 35
260 20 36
261 20 37
260 20 38
258 20 39
263 20 40
259 20 41
263 20 42
258 20 43
286 20 44
272 20 45
266 20 46
246 20 47
267 20 48
258 20 49
280 20 50
255 20 51
255 20 52
266 20 53
263 20 54
240 20 55
268 20 56
247 20 57
249 20 58
270 20 59
259 20 60
249 20 61
271 20 62
262 20 63
271 20 64
232 20 65
241 20 66
259 20 67
245 20 68
263 20 69
260 20 70
270 20 71
252 20 72
266 20 73
247 20 74
248 20 75
253 20 76
254 20 77
258 20 78
269 20 79
255 20 80
259 20 81
259 20 82
254 20 83
243 20 84
266 20 85
261 20 86
261 20 87
247 20 88
279 20 89
246 20 90
267 20 91
250 20 92
259 20 93
256 20 94
271 20 95
260 20 96
246 20 97
253 20 98
259 20 99
262 20 100
263 21 1
248 21 2
277 21 3
260 21 4
248 21 5
275 21 6
260 21 7
262 21 8
256 21 9
229 21 10
258 21 11
254 21 12
278 21 13
241 21 14
249 21 15
253 21 16
259 21 17
257 21 18
257 21 19
250 21 20
263 21 21
252 21 22
257 21 23
256 21 24
259 21 25
264 21 26
274 21 27
252 21 28
257 21 29
257 21 30
236 21 31
272 21 32
264 21 33
264 21 34
262 21 35
260 21 36
262 21 37
261 21 38
260 21 39
260 21 40
262 21 41
261 21 42
257 21 43
289 21 44
273 21 45
263 21 46
250 21 47
264 21 48
256 21 49
273 21 50
254 21 51
258 21 52
265 21 53
259 21 54
238 21 55
264 21 56
246 21 57
250 21 58
267 21 59
256 21 60
252 21 61
267 21 62
265 21 63
269 21 64
233 21 65
241 21 66
260 21 67
239 21 68
261 21 69
264 21 70
273 21 71
251 21 72
265 21 73
248 21 74
247 21 75
254 21 76
251 21 77
258 21 78
270 21 79
258 21 80
260 21 81
255 21 82
253 21 83
243 21 84
273 21 85
260 21 86
263 21 87
245 21 88
278 21 89
249 21 90
267 21 91
253 21 92
261 21 93
255 21 94
272 21 95
260 21 96
244 21 97
250 21 98
256 21 99
257 21 100
263 22 1
249 22 2
275 22 3
260 22 4
248 22 5
276 22 6
260 22 7
261 22 8
260 22 9
227 22 10
255 22 11
256 22 12
278 22 13
243 22 14
247 22 15
258 22 16
259 22 17
259 22 18
254 22 19
250 22 20
260 22 21
252 22 22
257 22 23
258 22 24
265 22 25
254 22 26
275 22 27
254 22 28
260 22 29
258 22 30
241 22 31
269 22 32
260 22 33
267 22 34
268 22 35
263 22 36
256 22 37
264 22 38
260 22 39
260 22 40
258 22 41
261 22 42
253 22 43
287 22 44
267 22 45
267 22 46
251 22 47
264 22 48
261 22 49
275 22 50
256 22 51
257 22 52
270 22 53
264 22 54
238 22 55
264 22 56
246 22 57
251 22 58
268 22 59
254 22 60
251 22 61
267 22 62
260 22 63
269 22 64
230 22 65
237 22 66
263 22 67
243 22 68
259 22 69
264 22 70
270 22 71
251 22 72
263 22 73
251 22 74
250 22 75
253 22 76
259 22 77
264 22 78
269 22 79
255 22 80
257 22 81
261 22 82
251 22 83
244 22 84
267 22 85
260 22 86
263 22 87
247 22 88
280 22 89
248 22 90
267 22 91
248 22 92
263 22 93
256 22 94
271 22 95
260 22 96
247 22 97
251 22 98
261 22 99
260 22 100
263 23 1
249 23 2
271 23 3
261 23 4
246 23 5
275 23 6
262 23 7
259 23 8
258 23 9
233 23 10
253 23 11
253 23 12
279 23 13
238 23 14
249 23 15
254 23 16
255 23 17
259 23 18
255 23 19
249 23 20
257 23 21
248 23 22
262 23 23
258 23 24
257 23 25
255 23 26
273 23 27
252 23 28
253 23 29
256 23 30
238 23 31
273 23 32
260 23 33
264 23 34
264 23 35
257 23 36
259 23 37
259 23 38
256 23 39
258 23 40
257 23 41
258 23 42
255 23 43
290 23 44
265 23 45
264 23 46
248 23 47
266 23 48
257 23 49
275 23 50
256 23 51
251 23 52
266 23 53
258 23 54
241 23 55
263 23 56
246 23 57
250 23 58
270 23 59
257 23 60
246 23 61
268 23 62
262 23 63
268 23 64
230 23 65
240 23 66
259 23 67
238 23 68
257 23 69
261 23 70
272 23 71
252 23 72
267 23 73
246 23 74
251 23 75
253 23 76
256 23 77
254 23 78
272 23 79
253 23 80
255 23 81
255 23 82
257 23 83
249 23 84
272 23 85
263 23 86
259 23 87
248 23 88
277 23 89
247 23 90
263 23 91
251 23 92
259 23 93
257 23 94
269 23 95
256 23 96
246 23 97
254 23 98
258 23 99
257 23 100
262 24 1
248 24 2
270 24 3
260 24 4
246 24 5
274 24 6
259 24 7
258 24 8
254 24 9
229 24 10
251 24 11
248 24 12
274 24 13
238 24 14
246 24 15
254 24 16
256 24 17
253 24 18
250 24 19
250 24 20
255 24 21
245 24 22
252 24 23
254 24 24
256 24 25
258 24 26
267 24 27
249 24 28
258 24 29
257 24 30
236 24 31
273 24 32
258 24 33
262 24 34
260 24 35
261 24 36
257 24 37
260 24 38
256 24 39
258 24 40
257 24 41
263 24 42
253 24 43
284 24 44
269 24 45
259 24 46
247 24 47
267 24 48
252 24 49
277 24 50
254 24 51
251 24 52
261 24 53
257 24 54
240 24 55
265 24 56
245 24 57
249 24 58
267 24 59
259 24 60
247 24 61
268 24 62
255 24 63
272 24 64
228 24 65
240 24 66
255 24 67
241 24 68
259 24 69
263 24 70
269 24 71
249 24 72
260 24 73
243 24 74
250 24 75
250 24 76
258 24 77
257 24 78
268 24 79
258 24 80
258 24 81
260 24 82
251 24 83
240 24 84
263 24 85
259 24 86
259 24 87
242 24 88
277 24 89
241 24 90
262 24 91
245 24 92
260 24 93
257 24 94
267 24 95
257 24 96
247 24 97
253 24 98
254 24 99
256 24 100
268 25 1
252 25 2
277 25 3
264 25 4
251 25 5
277 25 6
260 25 7
262 25 8
260 25 9
236 25 10
255 25 11
258 25 12
281 25 13
245 25 14
253 25 15
257 25 16
261 25 17
262 25 18
259 25 19
255 25 20
261 25 21
255 25 22
261 25 23
261 25 24
268 25 25
260 25 26
272 25 27
256 25 28
262 25 29
260 25 30
241 25 31
275 25 32
264 25 33
268 25 34
269 25 35
266 25 36
261 25 37
264 25 38
261 25 39
265 25 40
263 25 41
265 25 42
260 25 43
293 25 44
272 25 45
268 25 46
253 25 47
269 25 48
262 25 49
281 25 50
257 25 51
256 25 52
268 25 53
265 25 54
239 25 55
268 25 56
252 25 57
255 25 58
274 25 59
260 25 60
251 25 61
274 25 62
267 25 63
274 25 64
234 25 65
245 25 66
261 25 67
247 25 68
261 25 69
268 25 70
276 25 71
256 25 72
270 25 73
256 25 74
251 25 75
259 25 76
259 25 77
263 25 78
274 25 79
259 25 80
263 25 81
259 25 82
259 25 83
247 25 84
273 25 85
263 25 86
265 25 87
251 25 88
284 25 89
251 25 90
271 25 91
254 25 92
264 25 93
262 25 94
274 25 95
264 25 96
249 25 97
253 25 98
261 25 99
264 25 100
263 26 1
248 26 2
275 26 3
255 26 4
248 26 5
273 26 6
257 26 7
260 26 8
257 26 9
228 26 10
252 26 11
256 26 12
276 26 13
238 26 14
246 26 15
255 26 16
257 26 17
257 26 18
257 26 19
254 26 20
251 26 21
251 26 22
255 26 23
259 26 24
263 26 25
263 26 26
268 26 27
253 26 28
256 26 29
255 26 30
239 26 31
267 26 32
260 26 33
258 26 34
266 26 35
264 26 36
258 26 37
258 26 38
259 26 39
260 26 40
255 26 41
262 26 42
255 26 43
292 26 44
266 26 45
263 26 46
247 26 47
262 26 48
257 26 49
274 26 50
252 26 51
253 26 52
265 26 53
264 26 54
238 26 55
263 26 56
249 26 57
252 26 58
266 26 59
254 26 60
249 26 61
271 26 62
261 26 63
274 26 64
233 26 65
240 26 66
262 26 67
243 26 68
259 26 69
263 26 70
274 26 71
252 26 72
265 26 73
248 26 74
250 26 75
253 26 76
252 26 77
257 26 78
271 26 79
259 26 80
259 26 81
253 26 82
256 26 83
245 26 84
265 26 85
256 26 86
267 26 87
248 26 88
277 26 89
248 26 90
265 26 91
247 26 92
260 26 93
257 26 94
272 26 95
255 26 96
248 26 97
250 26 98
257 26 99
258 26 100
260 27 1
247 27 2
279 27 3
258 27 4
247 27 5
274 27 6
259 27 7
259 27 8
254 27 9
227 27 10
252 27 11
252 27 12
276 27 13
239 27 14
247 27 15
254 27 16
255 27 17
258 27 18
257 27 19
248 27 20
258 27 21
244 27 22
252 27 23
255 27 24
259 27 25
253 27 26
276 27 27
252 27 28
255 27 29
253 27 30
241 27 31
274 27 32
257 27 33
263 27 34
265 27 35
258 27 36
257 27 37
256 27 38
259 27 39
260 27 40
258 27 41
260 27 42
257 27 43
283 27 44
261 27 45
257 27 46
247 27 47
264 27 48
258 27 49
273 27 50
257 27 51
253 27 52
264 27 53
258 27 54
238 27 55
260 27 56
245 27 57
245 27 58
265 27 59
256 27 60
252 27 61
266 27 62
267 27 63
267 27 64
232 27 65
240 27 66
258 27 67
237 27 68
261 27 69
262 27 70
274 27 71
246 27 72
259 27 73
246 27 74
251 27 75
249 27 76
249 27 77
257 27 78
266 27 79
254 27 80
259 27 81
252 27 82
256 27 83
242 27 84
270 27 85
255 27 86
257 27 87
246 27 88
282 27 89
250 27 90
264 27 91
247 27 92
260 27 93
254 27 94
271 27 95
253 27 96
244 27 97
246 27 98
250 27 99
257 27 100
264 28 1
251 28 2
275 28 3
263 28 4
245 28 5
273 28 6
255 28 7
262 28 8
254 28 9
230 28 10
249 28 11
252 28 12
276 28 13
244 28 14
246 28 15
250 28 16
253 28 17
256 28 18
254 28 19
248 28 20
254 28 21
247 28 22
255 28 23
257 28 24
259 28 25
257 28 26
267 28 27
250 28 28
258 28 29
255 28 30
237 28 31
274 28 32
261 28 33
264 28 34
264 28 35
256 28 36
255 28 37
259 28 38
259 28 39
259 28 40
255 28 41
258 28 42
256 28 43
284 28 44
269 28 45
260 28 46
246 28 47
265 28 48
250 28 49
280 28 50
253 28 51
251 28 52
261 28 53
257 28 54
241 28 55
261 28 56
245 28 57
248 28 58
265 28 59
255 28 60
245 28 61
268 28 62
261 28 63
271 28 64
228 28 65
241 28 66
258 28 67
240 28 68
257 28 69
264 28 70
270 28 71
249 28 72
263 28 73
248 28 74
251 28 75
249 28 76
255 28 77
257 28 78
269 28 79
257 28 80
253 28 81
254 28 82
254 28 83
244 28 84
263 28 85
258 28 86
263 28 87
240 28 88
282 28 89
246 28 90
268 28 91
246 28 92
255 28 93
259 28 94
269 28 95
256 28 96
239 28 97
247 28 98
257 28 99
258 28 100
264 29 1
239 29 2
278 29 3
259 29 4
243 29 5
269 29 6
257 29 7
263 29 8
252 29 9
226 29 10
248 29 11
249 29 12
272 29 13
239 29 14
246 29 15
254 29 16
250 29 17
245 29 18
253 29 19
245 29 20
254 29 21
244 29 22
252 29 23
259 29 24
256 29 25
258 29 26
265 29 27
248 29 28
263 29 29
248 29 30
233 29 31
269 29 32
259 29 33
258 29 34
256 29 35
258 29 36
253 29 37
252 29 38
252 29 39
256 29 40
254 29 41
258 29 42
254 29 43
279 29 44
262 29 45
260 29 46
244 29 47
258 29 48
250 29 49
277 29 50
252 29 51
246 29 52
261 29 53
255 29 54
238 29 55
260 29 56
239 29 57
246 29 58
261 29 59
255 29 60
242 29 61
264 29 62
250 29 63
268 29 64
230 29 65
241 29 66
256 29 67
240 29 68
258 29 69
261 29 70
268 29 71
245 29 72
257 29 73
243 29 74
248 29 75
246 29 76
253 29 77
256 29 78
259 29 79
255 29 80
256 29 81
256 29 82
250 29 83
246 29 84
260 29 85
254 29 86
257 29 87
244 29 88
276 29 89
242 29 90
259 29 91
247 29 92
253 29 93
259 29 94
266 29 95
254 29 96
243 29 97
245 29 98
255 29 99
253 29 100
263 30 1
249 30 2
271 30 3
258 30 4
247 30 5
273 30 6
256 30 7
262 30 8
256 30 9
230 30 10
253 30 11
254 30 12
277 30 13
239 30 14
249 30 15
256 30 16
259 30 17
256 30 18
253 30 19
248 30 20
255 30 21
249 30 22
255 30 23
256 30 24
255 30 25
257 30 26
269 30 27
250 30 28
257 30 29
259 30 30
238 30 31
269 30 32
262 30 33
267 30 34
261 30 35
258 30 36
259 30 37
257 30 38
260 30 39
262 30 40
257 30 41
264 30 42
250 30 43
285 30 44
268 30 45
261 30 46
243 30 47
261 30 48
251 30 49
273 30 50
255 30 51
251 30 52
265 30 53
261 30 54
232 30 55
260 30 56
244 30 57
249 30 58
265 30 59
256 30 60
249 30 61
268 30 62
258 30 63
270 30 64
232 30 65
237 30 66
260 30 67
241 30 68
256 30 69
264 30 70
271 30 71
250 30 72
263 30 73
249 30 74
251 30 75
252 30 76
253 30 77
257 30 78
269 30 79
256 30 80
255 30 81
254 30 82
255 30 83
246 30 84
264 30 85
259 30 86
259 30 87
243 30 88
278 30 89
245 30 90
263 30 91
246 30 92
261 30 93
256 30 94
265 30 95
260 30 96
247 30 97
249 30 98
253 30 99
259 30 100
258 31 1
238 31 2
261 31 3
251 31 4
239 31 5
265 31 6
247 31 7
255 31 8
248 31 9
219 31 10
247 31 11
246 31 12
268 31 13
233 31 14
239 31 15
252 31 16
248 31 17
247 31 18
246 31 19
239 31 20
248 31 21
243 31 22
245 31 23
246 31 24
253 31 25
248 31 26
259 31 27
241 31 28
250 31 29
255 31 30
235 31 31
265 31 32
250 31 33
257 31 34
257 31 35
254 31 36
251 31 37
248 31 38
246 31 39
257 31 40
240 31 41
257 31 42
250 31 43
272 31 44
257 31 45
257 31 46
239 31 47
254 31 48
248 31 49
271 31 50
241 31 51
240 31 52
254 31 53
246 31 54
226 31 55
255 31 56
234 31 57
242 31 58
260 31 59
243 31 60
248 31 61
260 31 62
245 31 63
262 31 64
221 31 65
229 31 66
249 31 67
235 31 68
246 31 69
258 31 70
261 31 71
246 31 72
253 31 73
244 31 74
240 31 75
245 31 76
249 31 77
252 31 78
260 31 79
247 31 80
249 31 81
246 31 82
247 31 83
228 31 84
257 31 85
256 31 86
252 31 87
233 31 88
269 31 89
235 31 90
258 31 91
239 31 92
249 31 93
249 31 94
259 31 95
251 31 96
239 31 97
240 31 98
244 31 99
254 31 100
259 32 1
241 32 2
274 32 3
260 32 4
242 32 5
278 32 6
256 32 7
262 32 8
251 32 9
224 32 10
249 32 11
249 32 12
276 32 13
237 32 14
242 32 15
255 32 16
251 32 17
252 32 18
252 32 19
246 32 20
261 32 21
247 32 22
254 32 23
258 32 24
256 32 25
255 32 26
261 32 27
250 32 28
261 32 29
253 32 30
234 32 31
274 32 32
256 32 33
257 32 34
263 32 35
259 32 36
255 32 37
255 32 38
257 32 39
261 32 40
257 32 41
255 32 42
253 32 43
282 32 44
264 32 45
263 32 46
245 32 47
261 32 48
250 32 49
275 32 50
254 32 51
248 32 52
262 32 53
254 32 54
238 32 55
259 32 56
245 32 57
249 32 58
266 32 59
256 32 60
240 32 61
265 32 62
255 32 63
272 32 64
229 32 65
237 32 66
253 32 67
243 32 68
257 32 69
266 32 70
267 32 71
246 32 72
261 32 73
245 32 74
246 32 75
250 32 76
256 32 77
259 32 78
265 32 79
250 32 80
258 32 81
254 32 82
249 32 83
241 32 84
262 32 85
259 32 86
257 32 87
245 32 88
278 32 89
240 32 90
263 32 91
246 32 92
256 32 93
256 32 94
265 32 95
260 32 96
246 32 97
244 32 98
255 32 99
251 32 100
271 33 1
251 33 2
278 33 3
270 33 4
255 33 5
281 33 6
264 33 7
268 33 8
261 33 9
234 33 10
258 33 11
260 33 12
282 33 13
249 33 14
253 33 15
261 33 16
262 33 17
263 33 18
261 33 19
254 33 20
263 33 21
254 33 22
262 33 23
262 33 24
262 33 25
264 33 26
277 33 27
256 33 28
259 33 29
263 33 30
246 33 31
277 33 32
267 33 33
271 33 34
272 33 35
268 33 36
265 33 37
265 33 38
263 33 39
266 33 40
263 33 41
269 33 42
262 33 43
293 33 44
275 33 45
266 33 46
255 33 47
272 33 48
262 33 49
282 33 50
262 33 51
258 33 52
272 33 53
266 33 54
244 33 55
267 33 56
254 33 57
253 33 58
273 33 59
260 33 60
254 33 61
274 33 62
270 33 63
277 33 64
237 33 65
244 33 66
263 33 67
246 33 68
264 33 69
270 33 70
277 33 71
254 33 72
270 33 73
252 33 74
255 33 75
260 33 76
261 33 77
265 33 78
275 33 79
260 33 80
263 33 81
262 33 82
256 33 83
250 33 84
273 33 85
266 33 86
268 33 87
251 33 88
284 33 89
252 33 90
272 33 91
256 33 92
264 33 93
264 33 94
275 33 95
264 33 96
251 33 97
257 33 98
264 33 99
268 33 100
257 34 1
245 34 2
268 34 3
260 34 4
237 34 5
268 34 6
249 34 7
259 34 8
252 34 9
231 34 10
252 34 11
253 34 12
271 34 13
239 34 14
247 34 15
248 34 16
259 34 17
255 34 18
251 34 19
246 34 20
251 34 21
245 34 22
257 34 23
253 34 24
255 34 25
255 34 26
265 34 27
251 34 28
254 34 29
257 34 30
233 34 31
268 34 32
256 34 33
271 34 34
263 34 35
251 34 36
260 34 37
260 34 38
256 34 39
258 34 40
255 34 41
261 34 42
253 34 43
281 34 44
263 34 45
257 34 46
243 34 47
263 34 48
251 34 49
271 34 50
250 34 51
252 34 52
259 34 53
254 34 54
233 34 55
260 34 56
242 34 57
245 34 58
264 34 59
252 34 60
246 34 61
264 34 62
259 34 63
266 34 64
227 34 65
235 34 66
253 34 67
238 34 68
253 34 69
257 34 70
270 34 71
251 34 72
263 34 73
247 34 74
246 34 75
250 34 76
251 34 77
255 34 78
266 34 79
250 34 80
253 34 81
255 34 82
251 34 83
241 34 84
261 34 85
256 34 86
255 34 87
240 34 88
272 34 89
241 34 90
260 34 91
248 34 92
254 34 93
253 34 94
267 34 95
258 34 96
246 34 97
243 34 98
253 34 99
262 34 100
265 35 1
249 35 2
274 35 3
264 35 4
249 35 5
273 35 6
259 35 7
263 35 8
256 35 9
230 35 10
258 35 11
254 35 12
279 35 13
241 35 14
250 35 15
252 35 16
258 35 17
261 35 18
255 35 19
253 35 20
258 35 21
249 35 22
257 35 23
257 35 24
259 35 25
260 35 26
273 35 27
254 35 28
256 35 29
258 35 30
238 35 31
272 35 32
259 35 33
262 35 34
268 35 35
262 35 36
261 35 37
262 35 38
263 35 39
264 35 40
256 35 41
265 35 42
258 35 43
291 35 44
275 35 45
266 35 46
252 35 47
268 35 48
262 35 49
278 35 50
256 35 51
255 35 52
268 35 53
261 35 54
239 35 55
267 35 56
247 35 57
253 35 58
272 35 59
258 35 60
254 35 61
271 35 62
261 35 63
273 35 64
232 35 65
242 35 66
262 35 67
244 35 68
264 35 69
264 35 70
272 35 71
252 35 72
265 35 73
248 35 74
250 35 75
254 35 76
257 35 77
262 35 78
270 35 79
258 35 80
263 35 81
253 35 82
256 35 83
245 35 84
267 35 85
262 35 86
260 35 87
248 35 88
282 35 89
248 35 90
268 35 91
248 35 92
257 35 93
257 35 94
273 35 95
258 35 96
249 35 97
256 35 98
254 35 99
264 35 100
259 36 1
243 36 2
274 36 3
264 36 4
249 36 5
269 36 6
254 36 7
262 36 8
253 36 9
229 36 10
250 36 11
253 36 12
278 36 13
239 36 14
247 36 15
256 36 16
252 36 17
256 36 18
248 36 19
250 36 20
258 36 21
246 36 22
256 36 23
255 36 24
260 36 25
256 36 26
265 36 27
249 36 28
257 36 29
252 36 30
232 36 31
269 36 32
260 36 33
261 36 34
259 36 35
269 36 36
260 36 37
259 36 38
256 36 39
260 36 40
254 36 41
260 36 42
255 36 43
286 36 44
267 36 45
258 36 46
248 36 47
262 36 48
254 36 49
276 36 50
248 36 51
251 36 52
264 36 53
260 36 54
238 36 55
265 36 56
246 36 57
254 36 58
265 36 59
256 36 60
245 36 61
270 36 62
258 36 63
272 36 64
228 36 65
236 36 66
256 36 67
243 36 68
256 36 69
262 36 70
271 36 71
249 36 72
262 36 73
249 36 74
248 36 75
250 36 76
256 36 77
261 36 78
268 36 79
257 36 80
256 36 81
253 36 82
250 36 83
246 36 84
267 36 85
258 36 86
262 36 87
243 36 88
275 36 89
246 36 90
263 36 91
246 36 92
256 36 93
254 36 94
271 36 95
258 36 96
244 36 97
250 36 98
257 36 99
258 36 100
260 37 1
245 37 2
271 37 3
262 37 4
245 37 5
270 37 6
255 37 7
261 37 8
255 37 9
228 37 10
257 37 11
254 37 12
276 37 13
239 37 14
250 37 15
251 37 16
261 37 17
261 37 18
254 37 19
248 37 20
256 37 21
247 37 22
257 37 23
253 37 24
262 37 25
259 37 26
273 37 27
248 37 28
255 37 29
253 37 30
240 37 31
269 37 32
260 37 33
264 37 34
266 37 35
262 37 36
268 37 37
256 37 38
259 37 39
259 37 40
259 37 41
265 37 42
251 37 43
286 37 44
269 37 45
263 37 46
249 37 47
262 37 48
258 37 49
274 37 50
256 37 51
252 37 52
262 37 53
259 37 54
235 37 55
266 37 56
245 37 57
245 37 58
270 37 59
254 37 60
249 37 61
269 37 62
263 37 63
270 37 64
231 37 65
236 37 66
254 37 67
241 37 68
258 37 69
262 37 70
272 37 71
251 37 72
265 37 73
246 37 74
247 37 75
253 37 76
252 37 77
257 37 78
267 37 79
253 37 80
256 37 81
253 37 82
254 37 83
241 37 84
268 37 85
256 37 86
252 37 87
244 37 88
277 37 89
247 37 90
268 37 91
250 37 92
258 37 93
253 37 94
263 37 95
258 37 96
244 37 97
247 37 98
254 37 99
263 37 100
266 38 1
247 38 2
275 38 3
262 38 4
247 38 5
275 38 6
258 38 7
258 38 8
261 38 9
231 38 10
251 38 11
254 38 12
276 38 13
243 38 14
253 38 15
257 38 16
261 38 17
253 38 18
256 38 19
251 38 20
259 38 21
248 38 22
255 38 23
256 38 24
260 38 25
258 38 26
271 38 27
255 38 28
260 38 29
258 38 30
242 38 31
272 38 32
258 38 33
268 38 34
269 38 35
262 38 36
262 38 37
264 38 38
258 38 39
261 38 40
257 38 41
265 38 42
255 38 43
285 38 44
270 38 45
262 38 46
247 38 47
268 38 48
257 38 49
278 38 50
257 38 51
255 38 52
265 38 53
258 38 54
242 38 55
264 38 56
246 38 57
249 38 58
265 38 59
259 38 60
247 38 61
273 38 62
264 38 63
272 38 64
232 38 65
240 38 66
258 38 67
242 38 68
261 38 69
264 38 70
273 38 71
251 38 72
263 38 73
251 38 74
249 38 75
255 38 76
253 38 77
258 38 78
273 38 79
255 38 80
260 38 81
257 38 82
253 38 83
244 38 84
269 38 85
261 38 86
260 38 87
249 38 88
280 38 89
247 38 90
269 38 91
251 38 92
264 38 93
257 38 94
272 38 95
262 38 96
245 38 97
248 38 98
262 38 99
260 38 100
262 39 1
249 39 2
268 39 3
263 39 4
244 39 5
273 39 6
257 39 7
263 39 8
258 39 9
228 39 10
250 39 11
249 39 12
273 39 13
239 39 14
242 39 15
254 39 16
249 39 17
253 39 18
252 39 19
245 39 20
261 39 21
243 39 22
252 39 23
251 39 24
255 39 25
258 39 26
267 39 27
249 39 28
252 39 29
252 39 30
232 39 31
268 39 32
257 39 33
259 39 34
257 39 35
256 39 36
256 39 37
259 39 38
261 39 39
258 39 40
253 39 41
258 39 42
257 39 43
282 39 44
265 39 45
259 39 46
244 39 47
261 39 48
258 39 49
277 39 50
254 39 51
248 39 52
262 39 53
261 39 54
240 39 55
261 39 56
246 39 57
244 39 58
264 39 59
253 39 60
247 39 61
269 39 62
259 39 63
272 39 64
229 39 65
233 39 66
258 39 67
237 39 68
256 39 69
265 39 70
269 39 71
250 39 72
259 39 73
244 39 74
253 39 75
250 39 76
251 39 77
257 39 78
266 39 79
255 39 80
257 39 81
254 39 82
252 39 83
243 39 84
265 39 85
251 39 86
257 39 87
245 39 88
277 39 89
240 39 90
261 39 91
246 39 92
258 39 93
257 39 94
272 39 95
261 39 96
244 39 97
249 39 98
258 39 99
254 39 100
256 40 1
241 40 2
271 40 3
254 40 4
243 40 5
264 40 6
251 40 7
260 40 8
247 40 9
220 40 10
254 40 11
246 40 12
272 40 13
238 40 14
243 40 15
251 40 16
250 40 17
251 40 18
249 40 19
249 40 20
252 40 21
241 40 22
254 40 23
252 40 24
256 40 25
253 40 26
262 40 27
245 40 28
254 40 29
251 40 30
232 40 31
265 40 32
252 40 33
261 40 34
256 40 35
256 40 36
257 40 37
253 40 38
251 40 39
263 40 40
256 40 41
253 40 42
248 40 43
281 40 44
265 40 45
257 40 46
245 40 47
254 40 48
250 40 49
272 40 50
250 40 51
247 40 52
261 40 53
255 40 54
233 40 55
260 40 56
243 40 57
247 40 58
261 40 59
254 40 60
242 40 61
264 40 62
254 40 63
267 40 64
224 40 65
235 40 66
260 40 67
235 40 68
254 40 69
255 40 70
269 40 71
246 40 72
261 40 73
243 40 74
241 40 75
248 40 76
250 40 77
256 40 78
264 40 79
255 40 80
252 40 81
249 40 82
249 40 83
241 40 84
266 40 85
253 40 86
260 40 87
243 40 88
271 40 89
242 40 90
260 40 91
244 40 92
255 40 93
251 40 94
262 40 95
256 40 96
243 40 97
244 40 98
247 40 99
254 40 100
253 41 1
242 41 2
271 41 3
260 41 4
241 41 5
270 41 6
256 41 7
258 41 8
249 41 9
222 41 10
247 41 11
244 41 12
269 41 13
231 41 14
247 41 15
249 41 16
249 41 17
249 41 18
255 41 19
242 41 20
252 41 21
239 41 22
249 41 23
249 41 24
255 41 25
252 41 26
267 41 27
244 41 28
253 41 29
254 41 30
232 41 31
270 41 32
252 41 33
257 41 34
255 41 35
256 41 36
252 41 37
252 41 38
253 41 39
256 41 40
261 41 41
260 41 42
247 41 43
276 41 44
258 41 45
258 41 46
241 41 47
257 41 48
249 41 49
268 41 50
248 41 51
244 41 52
261 41 53
250 41 54
234 41 55
257 41 56
236 41 57
239 41 58
257 41 59
250 41 60
236 41 61
261 41 62
250 41 63
266 41 64
223 41 65
235 41 66
253 41 67
231 41 68
249 41 69
262 41 70
272 41 71
239 41 72
259 41 73
238 41 74
243 41 75
243 41 76
246 41 77
254 41 78
264 41 79
254 41 80
253 41 81
251 41 82
249 41 83
236 41 84
264 41 85
249 41 86
254 41 87
238 41 88
279 41 89
247 41 90
267 41 91
246 41 92
253 41 93
250 41 94
258 41 95
251 41 96
232 41 97
245 41 98
249 41 99
252 41 100
260 42 1
247 42 2
268 42 3
260 42 4
246 42 5
268 42 6
254 42 7
258 42 8
251 42 9
228 42 10
251 42 11
251 42 12
278 42 13
238 42 14
245 42 15
251 42 16
256 42 17
254 42 18
253 42 19
250 42 20
250 42 21
246 42 22
255 42 23
252 42 24
256 42 25
257 42 26
264 42 27
248 42 28
252 42 29
254 42 30
236 42 31
268 42 32
260 42 33
260 42 34
263 42 35
258 42 36
263 42 37
256 42 38
254 42 39
258 42 40
255 42 41
268 42 42
252 42 43
283 42 44
267 42 45
261 42 46
249 42 47
266 42 48
255 42 49
272 42 50
253 42 51
250 42 52
268 42 53
259 42 54
234 42 55
268 42 56
244 42 57
248 42 58
267 42 59
254 42 60
246 42 61
268 42 62
258 42 63
269 42 64
228 42 65
237 42 66
257 42 67
245 42 68
258 42 69
262 42 70
268 42 71
252 42 72
259 42 73
247 42 74
243 42 75
250 42 76
253 42 77
254 42 78
267 42 79
253 42 80
257 42 81
249 42 82
249 42 83
239 42 84
263 42 85
260 42 86
259 42 87
239 42 88
278 42 89
245 42 90
264 42 91
246 42 92
256 42 93
255 42 94
268 42 95
257 42 96
245 42 97
250 42 98
253 42 99
258 42 100
257 43 1
244 43 2
268 43 3
252 43 4
236 43 5
275 43 6
252 43 7
254 43 8
252 43 9
223 43 10
246 43 11
246 43 12
273 43 13
233 43 14
243 43 15
246 43 16
252 43 17
244 43 18
250 43 19
245 43 20
254 43 21
236 43 22
245 43 23
246 43 24
254 43 25
253 43 26
263 43 27
246 43 28
251 43 29
247 43 30
227 43 31
265 43 32
252 43 33
252 43 34
262 43 35
255 43 36
248 43 37
257 43 38
253 43 39
255 43 40
255 43 41
257 43 42
257 43 43
273 43 44
259 43 45
258 43 46
244 43 47
258 43 48
252 43 49
265 43 50
250 43 51
250 43 52
256 43 53
253 43 54
232 43 55
257 43 56
238 43 57
243 43 58
259 43 59
255 43 60
244 43 61
266 43 62
254 43 63
263 43 64
223 43 65
236 43 66
252 43 67
229 43 68
245 43 69
259 43 70
266 43 71
247 43 72
256 43 73
241 43 74
243 43 75
248 43 76
246 43 77
251 43 78
257 43 79
247 43 80
253 43 81
247 43 82
246 43 83
235 43 84
264 43 85
253 43 86
252 43 87
240 43 88
274 43 89
242 43 90
255 43 91
243 43 92
255 43 93
250 43 94
267 43 95
251 43 96
244 43 97
244 43 98
253 43 99
250 43 100
262 44 1
250 44 2
278 44 3
264 44 4
246 44 5
279 44 6
263 44 7
264 44 8
255 44 9
229 44 10
250 44 11
253 44 12
275 44 13
239 44 14
251 44 15
254 44 16
257 44 17
255 44 18
254 44 19
251 44 20
256 44 21
252 44 22
259 44 23
256 44 24
259 44 25
260 44 26
269 44 27
254 44 28
257 44 29
253 44 30
237 44 31
274 44 32
263 44 33
259 44 34
264 44 35
261 44 36
260 44 37
259 44 38
261 44 39
260 44 40
258 44 41
260 44 42
254 44 43
297 44 44
270 44 45
262 44 46
246 44 47
267 44 48
255 44 49
279 44 50
254 44 51
250 44 52
267 44 53
261 44 54
238 44 55
266 44 56
249 44 57
250 44 58
267 44 59
253 44 60
245 44 61
269 44 62
262 44 63
274 44 64
232 44 65
242 44 66
260 44 67
244 44 68
261 44 69
264 44 70
277 44 71
246 44 72
266 44 73
247 44 74
251 44 75
254 44 76
260 44 77
259 44 78
271 44 79
257 44 80
261 44 81
255 44 82
257 44 83
245 44 84
268 44 85
259 44 86
264 44 87
247 44 88
277 44 89
247 44 90
264 44 91
249 44 92
262 44 93
258 44 94
270 44 95
259 44 96
242 44 97
253 44 98
258 44 99
256 44 100
266 45 1
252 45 2
271 45 3
263 45 4
245 45 5
275 45 6
259 45 7
261 45 8
258 45 9
228 45 10
255 45 11
253 45 12
278 45 13
237 45 14
249 45 15
254 45 16
255 45 17
256 45 18
254 45 19
254 45 20
259 45 21
249 45 22
253 45 23
260 45 24
257 45 25
260 45 26
269 45 27
252 45 28
257 45 29
259 45 30
233 45 31
273 45 32
260 45 33
263 45 34
262 45 35
263 45 36
259 45 37
258 45 38
261 45 39
262 45 40
261 45 41
259 45 42
255 45 43
287 45 44
273 45 45
264 45 46
249 45 47
265 45 48
255 45 49
278 45 50
256 45 51
251 45 52
270 45 53
263 45 54
240 45 55
263 45 56
244 45 57
250 45 58
266 45 59
254 45 60
250 45 61
269 45 62
260 45 63
269 45 64
228 45 65
238 45 66
261 45 67
245 45 68
260 45 69
264 45 70
270 45 71
250 45 72
267 45 73
249 45 74
249 45 75
253 45 76
251 45 77
263 45 78
272 45 79
258 45 80
260 45 81
256 45 82
255 45 83
243 45 84
271 45 85
258 45 86
259 45 87
244 45 88
279 45 89
251 45 90
265 45 91
250 45 92
257 45 93
254 45 94
268 45 95
259 45 96
245 45 97
253 45 98
259 45 99
261 45 100
260 46 1
245 46 2
272 46 3
258 46 4
238 46 5
270 46 6
253 46 7
258 46 8
253 46 9
225 46 10
247 46 11
243 46 12
280 46 13
235 46 14
245 46 15
249 46 16
251 46 17
252 46 18
254 46 19
245 46 20
255 46 21
245 46 22
253 46 23
255 46 24
255 46 25
257 46 26
265 46 27
250 46 28
257 46 29
248 46 30
232 46 31
269 46 32
253 46 33
259 46 34
263 46 35
261 46 36
254 46 37
261 46 38
256 46 39
255 46 40
253 46 41
259 46 42
251 46 43
280 46 44
260 46 45
268 46 46
244 46 47
262 46 48
253 46 49
274 46 50
253 46 51
245 46 52
261 46 53
254 46 54
235 46 55
264 46 56
241 46 57
249 46 58
264 46 59
252 46 60
242 46 61
262 46 62
260 46 63
268 46 64
227 46 65
238 46 66
255 46 67
234 46 68
248 46 69
259 46 70
271 46 71
242 46 72
259 46 73
248 46 74
240 46 75
249 46 76
250 46 77
256 46 78
267 46 79
251 46 80
254 46 81
253 46 82
251 46 83
241 46 84
264 46 85
257 46 86
255 46 87
241 46 88
280 46 89
244 46 90
264 46 91
243 46 92
258 46 93
254 46 94
265 46 95
253 46 96
237 46 97
244 46 98
254 46 99
253 46 100
265 47 1
250 47 2
278 47 3
264 47 4
248 47 5
279 47 6
257 47 7
264 47 8
259 47 9
233 47 10
254 47 11
255 47 12
278 47 13
237 47 14
251 47 15
256 47 16
261 47 17
256 47 18
258 47 19
253 47 20
255 47 21
251 47 22
259 47 23
255 47 24
262 47 25
259 47 26
267 47 27
251 47 28
257 47 29
258 47 30
240 47 31
268 47 32
263 47 33
265 47 34
264 47 35
258 47 36
257 47 37
262 47 38
261 47 39
260 47 40
257 47 41
267 47 42
257 47 43
289 47 44
272 47 45
268 47 46
253 47 47
269 47 48
260 47 49
276 47 50
254 47 51
252 47 52
268 47 53
255 47 54
237 47 55
265 47 56
252 47 57
246 47 58
268 47 59
257 47 60
254 47 61
272 47 62
263 47 63
274 47 64
229 47 65
245 47 66
262 47 67
246 47 68
258 47 69
266 47 70
276 47 71
254 47 72
265 47 73
248 47 74
249 47 75
253 47 76
255 47 77
263 47 78
273 47 79
262 47 80
262 47 81
257 47 82
259 47 83
245 47 84
265 47 85
261 47 86
261 47 87
250 47 88
282 47 89
247 47 90
268 47 91
255 47 92
261 47 93
257 47 94
269 47 95
260 47 96
247 47 97
251 47 98
261 47 99
255 47 100
256 48 1
247 48 2
270 48 3
260 48 4
241 48 5
274 48 6
254 48 7
256 48 8
253 48 9
230 48 10
256 48 11
258 48 12
276 48 13
239 48 14
244 48 15
253 48 16
259 48 17
258 48 18
255 48 19
247 48 20
252 48 21
243 48 22
253 48 23
254 48 24
259 48 25
255 48 26
269 48 27
250 48 28
256 48 29
250 48 30
236 48 31
270 48 32
259 48 33
265 48 34
264 48 35
260 48 36
254 48 37
256 48 38
252 48 39
261 48 40
254 48 41
256 48 42
249 48 43
284 48 44
263 48 45
259 48 46
244 48 47
274 48 48
258 48 49
274 48 50
254 48 51
249 48 52
267 48 53
257 48 54
235 48 55
261 48 56
247 48 57
244 48 58
264 48 59
252 48 60
246 48 61
265 48 62
258 48 63
265 48 64
227 48 65
238 48 66
259 48 67
242 48 68
252 48 69
260 48 70
270 48 71
250 48 72
263 48 73
247 48 74
248 48 75
249 48 76
253 48 77
258 48 78
272 48 79
253 48 80
253 48 81
253 48 82
250 48 83
238 48 84
264 48 85
252 48 86
257 48 87
242 48 88
277 48 89
248 48 90
263 48 91
247 48 92
258 48 93
258 48 94
266 48 95
255 48 96
240 48 97
247 48 98
252 48 99
258 48 100
267 49 1
254 49 2
277 49 3
261 49 4
248 49 5
276 49 6
258 49 7
261 49 8
257 49 9
229 49 10
259 49 11
256 49 12
281 49 13
243 49 14
252 49 15
257 49 16
262 49 17
261 49 18
256 49 19
250 49 20
257 49 21
253 49 22
259 49 23
256 49 24
263 49 25
261 49 26
272 49 27
253 49 28
257 49 29
259 49 30
238 49 31
271 49 32
262 49 33
263 49 34
266 49 35
265 49 36
261 49 37
260 49 38
260 49 39
261 49 40
258 49 41
261 49 42
254 49 43
290 49 44
271 49 45
267 49 46
251 49 47
269 49 48
263 49 49
276 49 50
255 49 51
256 49 52
269 49 53
263 49 54
241 49 55
264 49 56
250 49 57
252 49 58
269 49 59
256 49 60
251 49 61
271 49 62
264 49 63
274 49 64
232 49 65
241 49 66
261 49 67
244 49 68
260 49 69
265 49 70
276 49 71
252 49 72
267 49 73
249 49 74
251 49 75
253 49 76
254 49 77
264 49 78
268 49 79
258 49 80
258 49 81
257 49 82
257 49 83
245 49 84
269 49 85
262 49 86
263 49 87
248 49 88
281 49 89
249 49 90
271 49 91
252 49 92
262 49 93
256 49 94
268 49 95
260 49 96
243 49 97
254 49 98
261 49 99
262 49 100
270 50 1
253 50 2
278 50 3
268 50 4
252 50 5
281 50 6
261 50 7
268 50 8
260 50 9
234 50 10
259 50 11
257 50 12
280 50 13
245 50 14
251 50 15
258 50 16
256 50 17
256 50 18
260 50 19
254 50 20
261 50 21
250 50 22
260 50 23
264 50 24
263 50 25
264 50 26
277 50 27
257 50 28
261 50 29
260 50 30
236 50 31
279 50 32
263 50 33
265 50 34
266 50 35
265 50 36
261 50 37
262 50 38
265 50 39
263 50 40
262 50 41
265 50 42
258 50 43
293 50 44
274 50 45
266 50 46
254 50 47
269 50 48
262 50 49
286 50 50
261 50 51
253 50 52
270 50 53
265 50 54
243 50 55
269 50 56
250 50 57
255 50 58
272 50 59
260 50 60
249 50 61
276 50 62
264 50 63
279 50 64
233 50 65
242 50 66
263 50 67
245 50 68
263 50 69
268 50 70
276 50 71
253 50 72
267 50 73
253 50 74
254 50 75
256 50 76
258 50 77
260 50 78
274 50 79
263 50 80
263 50 81
261 50 82
259 50 83
248 50 84
271 50 85
264 50 86
264 50 87
253 50 88
284 50 89
249 50 90
271 50 91
253 50 92
263 50 93
262 50 94
273 50 95
262 50 96
250 50 97
253 50 98
261 50 99
257 50 100
263 51 1
249 51 2
272 51 3
259 51 4
244 51 5
269 51 6
253 51 7
259 51 8
253 51 9
227 51 10
247 51 11
247 51 12
270 51 13
241 51 14
247 51 15
256 51 16
251 51 17
248 51 18
254 51 19
247 51 20
257 51 21
241 51 22
248 51 23
251 51 24
257 51 25
255 51 26
265 51 27
243 51 28
256 51 29
252 51 30
230 51 31
266 51 32
257 51 33
262 51 34
261 51 35
260 51 36
256 51 37
259 51 38
263 51 39
258 51 40
250 51 41
260 51 42
254 51 43
280 51 44
265 51 45
258 51 46
244 51 47
264 51 48
255 51 49
274 51 50
255 51 51
248 51 52
261 51 53
258 51 54
236 51 55
258 51 56
248 51 57
250 51 58
265 51 59
251 51 60
243 51 61
264 51 62
255 51 63
267 51 64
226 51 65
238 51 66
254 51 67
242 51 68
251 51 69
264 51 70
268 51 71
248 51 72
262 51 73
248 51 74
250 51 75
248 51 76
257 51 77
259 51 78
265 51 79
256 51 80
253 51 81
251 51 82
253 51 83
242 51 84
264 51 85
254 51 86
255 51 87
240 51 88
279 51 89
243 51 90
261 51 91
246 51 92
254 51 93
255 51 94
265 51 95
257 51 96
243 51 97
241 51 98
251 51 99
253 51 100
266 52 1
249 52 2
272 52 3
260 52 4
245 52 5
273 52 6
254 52 7
265 52 8
254 52 9
229 52 10
257 52 11
258 52 12
278 52 13
242 52 14
245 52 15
254 52 16
259 52 17
259 52 18
256 52 19
247 52 20
258 52 21
247 52 22
256 52 23
253 52 24
261 52 25
259 52 26
272 52 27
254 52 28
258 52 29
256 52 30
237 52 31
270 52 32
264 52 33
266 52 34
264 52 35
261 52 36
257 52 37
260 52 38
257 52 39
260 52 40
259 52 41
258 52 42
257 52 43
283 52 44
265 52 45
259 52 46
249 52 47
265 52 48
257 52 49
278 52 50
255 52 51
261 52 52
267 52 53
260 52 54
237 52 55
263 52 56
246 52 57
249 52 58
269 52 59
254 52 60
250 52 61
269 52 62
263 52 63
269 52 64
236 52 65
238 52 66
258 52 67
239 52 68
256 52 69
262 52 70
271 52 71
251 52 72
262 52 73
248 52 74
247 52 75
251 52 76
255 52 77
262 52 78
266 52 79
259 52 80
257 52 81
252 52 82
250 52 83
240 52 84
268 52 85
257 52 86
258 52 87
244 52 88
277 52 89
247 52 90
265 52 91
249 52 92
258 52 93
253 52 94
272 52 95
258 52 96
247 52 97
250 52 98
260 52 99
258 52 100
260 53 1
249 53 2
274 53 3
261 53 4
255 53 5
271 53 6
255 53 7
262 53 8
260 53 9
227 53 10
249 53 11
251 53 12
277 53 13
245 53 14
251 53 15
258 53 16
256 53 17
254 53 18
257 53 19
250 53 20
259 53 21
251 53 22
256 53 23
256 53 24
256 53 25
258 53 26
271 53 27
247 53 28
258 53 29
253 53 30
239 53 31
271 53 32
262 53 33
263 53 34
263 53 35
260 53 36
259 53 37
259 53 38
256 53 39
264 53 40
261 53 41
263 53 42
250 53 43
289 53 44
267 53 45
263 53 46
251 53 47
269 53 48
256 53 49
275 53 50
257 53 51
249 53 52
274 53 53
260 53 54
240 53 55
262 53 56
249 53 57
251 53 58
269 53 59
254 53 60
246 53 61
267 53 62
261 53 63
274 53 64
233 53 65
238 53 66
260 53 67
243 53 68
263 53 69
265 53 70
274 53 71
250 53 72
267 53 73
247 53 74
251 53 75
249 53 76
254 53 77
265 53 78
266 53 79
258 53 80
258 53 81
255 53 82
259 53 83
246 53 84
268 53 85
257 53 86
256 53 87
243 53 88
281 53 89
250 53 90
266 53 91
248 53 92
259 53 93
259 53 94
271 53 95
254 53 96
242 53 97
250 53 98
255 53 99
257 53 100
264 54 1
249 54 2
273 54 3
257 54 4
242 54 5
274 54 6
250 54 7
257 54 8
249 54 9
218 54 10
254 54 11
253 54 12
275 54 13
239 54 14
244 54 15
254 54 16
253 54 17
254 54 18
252 54 19
247 54 20
254 54 21
249 54 22
254 54 23
251 54 24
260 54 25
257 54 26
265 54 27
251 54 28
254 54 29
251 54 30
237 54 31
269 54 32
255 54 33
257 54 34
259 54 35
258 54 36
258 54 37
257 54 38
252 54 39
253 54 40
256 54 41
262 54 42
251 54 43
287 54 44
266 54 45
260 54 46
246 54 47
263 54 48
257 54 49
272 54 50
250 54 51
249 54 52
258 54 53
268 54 54
236 54 55
260 54 56
243 54 57
250 54 58
265 54 59
253 54 60
247 54 61
268 54 62
256 54 63
267 54 64
229 54 65
241 54 66
256 54 67
236 54 68
257 54 69
258 54 70
267 54 71
246 54 72
259 54 73
248 54 74
243 54 75
253 54 76
250 54 77
255 54 78
266 54 79
253 54 80
254 54 81
252 54 82
252 54 83
242 54 84
268 54 85
258 54 86
259 54 87
242 54 88
272 54 89
246 54 90
265 54 91
243 54 92
256 54 93
251 54 94
267 54 95
255 54 96
245 54 97
248 54 98
257 54 99
262 54 100
250 55 1
233 55 2
259 55 3
248 55 4
236 55 5
258 55 6
245 55 7
252 55 8
242 55 9
215 55 10
236 55 11
238 55 12
261 55 13
232 55 14
235 55 15
239 55 16
239 55 17
234 55 18
237 55 19
234 55 20
243 55 21
234 55 22
245 55 23
243 55 24
248 55 25
249 55 26
260 55 27
242 55 28
253 55 29
242 55 30
223 55 31
257 55 32
247 55 33
250 55 34
254 55 35
249 55 36
243 55 37
248 55 38
248 55 39
249 55 40
244 55 41
248 55 42
241 55 43
266 55 44
254 55 45
246 55 46
236 55 47
248 55 48
236 55 49
264 55 50
244 55 51
241 55 52
246 55 53
247 55 54
240 55 55
255 55 56
230 55 57
238 55 58
251 55 59
250 55 60
232 55 61
254 55 62
249 55 63
257 55 64
216 55 65
232 55 66
238 55 67
231 55 68
246 55 69
250 55 70
259 55 71
234 55 72
251 55 73
235 55 74
244 55 75
240 55 76
240 55 77
244 55 78
254 55 79
247 55 80
243 55 81
252 55 82
248 55 83
231 55 84
249 55 85
241 55 86
248 55 87
236 55 88
259 55 89
231 55 90
251 55 91
233 55 92
245 55 93
246 55 94
250 55 95
247 55 96
235 55 97
230 55 98
241 55 99
240 55 100
261 56 1
244 56 2
269 56 3
260 56 4
241 56 5
271 56 6
253 56 7
253 56 8
255 56 9
221 56 10
254 56 11
252 56 12
277 56 13
235 56 14
247 56 15
252 56 16
260 56 17
256 56 18
251 56 19
247 56 20
252 56 21
242 56 22
255 56 23
249 56 24
256 56 25
257 56 26
263 56 27
249 56 28
252 56 29
254 56 30
234 56 31
265 56 32
254 56 33
257 56 34
265 56 35
258 56 36
261 56 37
254 56 38
252 56 39
257 56 40
252 56 41
259 56 42
252 56 43
284 56 44
266 56 45
263 56 46
245 56 47
264 56 48
254 56 49
269 56 50
249 56 51
249 56 52
262 56 53
260 56 54
236 56 55
265 56 56
238 56 57
249 56 58
270 56 59
252 56 60
246 56 61
269 56 62
254 56 63
266 56 64
227 56 65
237 56 66
257 56 67
240 56 68
256 56 69
260 56 70
268 56 71
248 56 72
261 56 73
247 56 74
244 56 75
249 56 76
250 56 77
257 56 78
269 56 79
252 56 80
255 56 81
254 56 82
245 56 83
239 56 84
264 56 85
254 56 86
258 56 87
240 56 88
271 56 89
242 56 90
267 56 91
248 56 92
256 56 93
254 56 94
269 56 95
257 56 96
242 56 97
248 56 98
256 56 99
262 56 100
263 57 1
247 57 2
277 57 3
265 57 4
248 57 5
279 57 6
257 57 7
267 57 8
257 57 9
234 57 10
258 57 11
254 57 12
278 57 13
241 57 14
250 57 15
257 57 16
260 57 17
257 57 18
257 57 19
254 57 20
258 57 21
249 57 22
254 57 23
257 57 24
264 57 25
263 57 26
276 57 27
252 57 28
258 57 29
259 57 30
240 57 31
271 57 32
265 57 33
266 57 34
269 57 35
264 57 36
261 57 37
262 57 38
263 57 39
262 57 40
258 57 41
264 57 42
257 57 43
288 57 44
272 57 45
266 57 46
251 57 47
269 57 48
263 57 49
279 57 50
260 57 51
254 57 52
267 57 53
261 57 54
237 57 55
267 57 56
253 57 57
250 57 58
266 57 59
259 57 60
248 57 61
272 57 62
264 57 63
275 57 64
231 57 65
244 57 66
262 57 67
244 57 68
263 57 69
266 57 70
276 57 71
247 57 72
263 57 73
250 57 74
248 57 75
252 57 76
257 57 77
262 57 78
271 57 79
259 57 80
260 57 81
257 57 82
255 57 83
246 57 84
272 57 85
259 57 86
258 57 87
250 57 88
283 57 89
248 57 90
267 57 91
250 57 92
259 57 93
256 57 94
270 57 95
262 57 96
249 57 97
254 57 98
261 57 99
261 57 100
261 58 1
245 58 2
270 58 3
259 58 4
245 58 5
273 58 6
259 58 7
262 58 8
254 58 9
226 58 10
254 58 11
255 58 12
277 58 13
237 58 14
244 58 15
251 58 16
255 58 17
254 58 18
252 58 19
246 58 20
256 58 21
244 58 22
249 58 23
255 58 24
256 58 25
259 58 26
268 58 27
252 58 28
255 58 29
254 58 30
234 58 31
265 58 32
257 58 33
255 58 34
260 58 35
264 58 36
260 58 37
253 58 38
256 58 39
257 58 40
255 58 41
263 58 42
256 58 43
288 58 44
266 58 45
259 58 46
244 58 47
265 58 48
255 58 49
269 58 50
249 58 51
250 58 52
260 58 53
259 58 54
237 58 55
264 58 56
244 58 57
253 58 58
265 58 59
255 58 60
250 58 61
266 58 62
255 58 63
269 58 64
228 58 65
237 58 66
255 58 67
240 58 68
255 58 69
260 58 70
272 58 71
249 58 72
264 58 73
245 58 74
247 58 75
249 58 76
252 58 77
257 58 78
263 58 79
256 58 80
255 58 81
251 58 82
253 58 83
244 58 84
266 58 85
255 58 86
262 58 87
245 58 88
274 58 89
244 58 90
263 58 91
244 58 92
259 58 93
252 58 94
266 58 95
254 58 96
244 58 97
247 58 98
253 58 99
256 58 100
258 59 1
238 59 2
268 59 3
257 59 4
243 59 5
267 59 6
255 59 7
252 59 8
248 59 9
227 59 10
251 59 11
248 59 12
274 59 13
233 59 14
242 59 15
251 59 16
250 59 17
252 59 18
252 59 19
247 59 20
248 59 21
243 59 22
255 59 23
251 59 24
254 59 25
253 59 26
261 59 27
247 59 28
251 59 29
251 59 30
234 59 31
262 59 32
250 59 33
254 59 34
258 59 35
255 59 36
253 59 37
250 59 38
251 59 39
254 59 40
251 59 41
257 59 42
245 59 43
279 59 44
257 59 45
256 59 46
243 59 47
262 59 48
251 59 49
267 59 50
249 59 51
248 59 52
264 59 53
250 59 54
239 59 55
258 59 56
235 59 57
248 59 58
269 59 59
250 59 60
243 59 61
260 59 62
259 59 63
265 59 64
223 59 65
231 59 66
255 59 67
240 59 68
256 59 69
258 59 70
266 59 71
241 59 72
259 59 73
241 59 74
247 59 75
242 59 76
250 59 77
256 59 78
265 59 79
254 59 80
252 59 81
250 59 82
246 59 83
236 59 84
261 59 85
253 59 86
256 59 87
240 59 88
276 59 89
246 59 90
263 59 91
243 59 92
255 59 93
248 59 94
266 59 95
253 59 96
237 59 97
244 59 98
246 59 99
254 59 100
266 60 1
248 60 2
279 60 3
265 60 4
251 60 5
282 60 6
257 60 7
267 60 8
261 60 9
233 60 10
256 60 11
257 60 12
280 60 13
244 60 14
249 60 15
257 60 16
256 60 17
256 60 18
257 60 19
251 60 20
259 60 21
249 60 22
256 60 23
261 60 24
262 60 25
262 60 26
273 60 27
254 60 28
264 60 29
258 60 30
234 60 31
274 60 32
261 60 33
264 60 34
264 60 35
265 60 36
260 60 37
261 60 38
263 60 39
262 60 40
258 60 41
265 60 42
259 60 43
292 60 44
270 60 45
264 60 46
254 60 47
266 60 48
260 60 49
280 60 50
257 60 51
251 60 52
268 60 53
261 60 54
242 60 55
268 60 56
250 60 57
251 60 58
268 60 59
261 60 60
247 60 61
274 60 62
261 60 63
276 60 64
232 60 65
244 60 66
258 60 67
244 60 68
263 60 69
269 60 70
275 60 71
249 60 72
269 60 73
251 60 74
251 60 75
254 60 76
254 60 77
260 60 78
273 60 79
261 60 80
262 60 81
261 60 82
257 60 83
249 60 84
268 60 85
260 60 86
262 60 87
251 60 88
283 60 89
247 60 90
267 60 91
250 60 92
261 60 93
260 60 94
275 60 95
262 60 96
246 60 97
253 60 98
261 60 99
260 60 100
261 61 1
245 61 2
271 61 3
261 61 4
244 61 5
272 61 6
251 61 7
260 61 8
251 61 9
228 61 10
251 61 11
254 61 12
276 61 13
242 61 14
243 61 15
252 61 16
254 61 17
253 61 18
255 61 19
247 61 20
257 61 21
248 61 22
252 61 23
258 61 24
258 61 25
257 61 26
266 61 27
250 61 28
251 61 29
252 61 30
236 61 31
268 61 32
257 61 33
258 61 34
262 61 35
254 61 36
257 61 37
260 61 38
257 61 39
256 61 40
257 61 41
256 61 42
260 61 43
279 61 44
264 61 45
259 61 46
246 61 47
266 61 48
255 61 49
271 61 50
257 61 51
249 61 52
264 61 53
256 61 54
234 61 55
258 61 56
245 61 57
250 61 58
263 61 59
254 61 60
253 61 61
268 61 62
260 61 63
270 61 64
229 61 65
244 61 66
255 61 67
238 61 68
258 61 69
262 61 70
275 61 71
244 61 72
260 61 73
250 61 74
248 61 75
250 61 76
249 61 77
257 61 78
265 61 79
256 61 80
252 61 81
252 61 82
250 61 83
242 61 84
263 61 85
256 61 86
256 61 87
245 61 88
276 61 89
245 61 90
260 61 91
251 61 92
254 61 93
255 61 94
269 61 95
252 61 96
242 61 97
247 61 98
257 61 99
255 61 100
265 62 1
247 62 2
274 62 3
265 62 4
252 62 5
278 62 6
260 62 7
264 62 8
257 62 9
234 62 10
255 62 11
255 62 12
280 62 13
240 62 14
251 62 15
257 62 16
258 62 17
260 62 18
255 62 19
251 62 20
257 62 21
250 62 22
260 62 23
256 62 24
264 62 25
263 62 26
274 62 27
250 62 28
261 62 29
257 62 30
243 62 31
270 62 32
264 62 33
264 62 34
266 62 35
264 62 36
265 62 37
262 62 38
259 62 39
260 62 40
257 62 41
263 62 42
253 62 43
292 62 44
271 62 45
265 62 46
250 62 47
264 62 48
259 62 49
279 62 50
255 62 51
253 62 52
268 62 53
261 62 54
238 62 55
264 62 56
250 62 57
250 62 58
268 62 59
257 62 60
248 62 61
276 62 62
262 62 63
275 62 64
236 62 65
241 62 66
256 62 67
244 62 68
261 62 69
264 62 70
269 62 71
253 62 72
264 62 73
255 62 74
252 62 75
257 62 76
257 62 77
265 62 78
274 62 79
258 62 80
261 62 81
258 62 82
256 62 83
249 62 84
267 62 85
262 62 86
261 62 87
247 62 88
281 62 89
244 62 90
266 62 91
250 62 92
263 62 93
256 62 94
271 62 95
260 62 96
250 62 97
255 62 98
257 62 99
261 62 100
259 63 1
252 63 2
269 63 3
257 63 4
243 63 5
269 63 6
254 63 7
256 63 8
248 63 9
227 63 10
249 63 11
248 63 12
277 63 13
238 63 14
242 63 15
251 63 16
251 63 17
252 63 18
257 63 19
248 63 20
255 63 21
242 63 22
249 63 23
248 63 24
257 63 25
252 63 26
267 63 27
245 63 28
255 63 29
251 63 30
232 63 31
268 63 32
258 63 33
255 63 34
261 63 35
255 63 36
257 63 37
257 63 38
252 63 39
256 63 40
259 63 41
254 63 42
249 63 43
281 63 44
267 63 45
259 63 46
243 63 47
261 63 48
251 63 49
272 63 50
253 63 51
249 63 52
264 63 53
260 63 54
236 63 55
259 63 56
241 63 57
238 63 58
263 63 59
253 63 60
244 63 61
264 63 62
266 63 63
268 63 64
229 63 65
233 63 66
252 63 67
233 63 68
251 63 69
260 63 70
269 63 71
244 63 72
253 63 73
242 63 74
244 63 75
248 63 76
252 63 77
255 63 78
268 63 79
253 63 80
254 63 81
256 63 82
250 63 83
237 63 84
268 63 85
254 63 86
255 63 87
244 63 88
281 63 89
245 63 90
263 63 91
245 63 92
258 63 93
253 63 94
262 63 95
256 63 96
236 63 97
243 63 98
253 63 99
255 63 100
266 64 1
244 64 2
276 64 3
263 64 4
251 64 5
276 64 6
257 64 7
260 64 8
259 64 9
230 64 10
254 64 11
255 64 12
279 64 13
237 64 14
248 64 15
255 64 16
254 64 17
253 64 18
255 64 19
250 64 20
258 64 21
250 64 22
261 64 23
256 64 24
259 64 25
261 64 26
271 64 27
252 64 28
258 64 29
258 64 30
242 64 31
269 64 32
261 64 33
261 64 34
265 64 35
263 64 36
266 64 37
261 64 38
262 64 39
262 64 40
257 64 41
264 64 42
259 64 43
291 64 44
272 64 45
266 64 46
247 64 47
266 64 48
255 64 49
278 64 50
253 64 51
253 64 52
262 64 53
264 64 54
242 64 55
263 64 56
247 64 57
254 64 58
268 64 59
259 64 60
250 64 61
270 64 62
260 64 63
280 64 64
231 64 65
241 64 66
258 64 67
242 64 68
259 64 69
268 64 70
273 64 71
247 64 72
262 64 73
250 64 74
253 64 75
254 64 76
256 64 77
264 64 78
269 64 79
257 64 80
262 64 81
258 64 82
251 64 83
248 64 84
266 64 85
261 64 86
262 64 87
246 64 88
281 64 89
246 64 90
264 64 91
250 64 92
262 64 93
254 64 94
267 64 95
258 64 96
248 64 97
250 64 98
259 64 99
258 64 100
263 65 1
247 65 2
272 65 3
261 65 4
246 65 5
277 65 6
258 65 7
262 65 8
258 65 9
230 65 10
254 65 11
256 65 12
273 65 13
243 65 14
249 65 15
254 65 16
255 65 17
258 65 18
253 65 19
249 65 20
258 65 21
248 65 22
256 65 23
253 65 24
259 65 25
261 65 26
269 65 27
254 65 28
259 65 29
261 65 30
238 65 31
273 65 32
260 65 33
266 65 34
268 65 35
262 65 36
257 65 37
260 65 38
261 65 39
263 65 40
257 65 41
262 65 42
257 65 43
289 65 44
269 65 45
264 65 46
246 65 47
266 65 48
252 65 49
277 65 50
253 65 51
254 65 52
265 65 53
257 65 54
235 65 55
265 65 56
251 65 57
250 65 58
265 65 59
257 65 60
249 65 61
271 65 62
264 65 63
270 65 64
239 65 65
242 65 66
263 65 67
241 65 68
258 65 69
265 65 70
276 65 71
251 65 72
265 65 73
245 65 74
246 65 75
252 65 76
252 65 77
260 65 78
267 65 79
259 65 80
255 65 81
252 65 82
249 65 83
245 65 84
270 65 85
259 65 86
262 65 87
250 65 88
278 65 89
248 65 90
263 65 91
248 65 92
264 65 93
256 65 94
271 65 95
260 65 96
244 65 97
246 65 98
257 65 99
262 65 100
253 66 1
236 66 2
263 66 3
248 66 4
236 66 5
258 66 6
248 66 7
249 66 8
248 66 9
227 66 10
241 66 11
244 66 12
265 66 13
223 66 14
238 66 15
249 66 16
250 66 17
248 66 18
245 66 19
243 66 20
250 66 21
244 66 22
252 66 23
244 66 24
244 66 25
242 66 26
263 66 27
242 66 28
250 66 29
244 66 30
230 66 31
265 66 32
246 66 33
258 66 34
253 66 35
244 66 36
249 66 37
249 66 38
246 66 39
256 66 40
240 66 41
255 66 42
242 66 43
275 66 44
253 66 45
251 66 46
241 66 47
260 66 48
248 66 49
266 66 50
244 66 51
233 66 52
258 66 53
253 66 54
230 66 55
255 66 56
239 66 57
238 66 58
256 66 59
249 66 60
238 66 61
259 66 62
243 66 63
261 66 64
222 66 65
248 66 66
242 66 67
236 66 68
248 66 69
254 66 70
261 66 71
239 66 72
255 66 73
231 66 74
236 66 75
242 66 76
242 66 77
246 66 78
251 66 79
244 66 80
247 66 81
244 66 82
242 66 83
238 66 84
255 66 85
249 66 86
245 66 87
235 66 88
265 66 89
235 66 90
249 66 91
244 66 92
250 66 93
250 66 94
258 66 95
247 66 96
239 66 97
242 66 98
246 66 99
249 66 100
263 67 1
244 67 2
274 67 3
256 67 4
243 67 5
274 67 6
254 67 7
259 67 8
253 67 9
228 67 10
253 67 11
253 67 12
277 67 13
242 67 14
245 67 15
251 67 16
259 67 17
251 67 18
249 67 19
249 67 20
254 67 21
247 67 22
255 67 23
255 67 24
257 67 25
257 67 26
266 67 27
248 67 28
255 67 29
258 67 30
235 67 31
268 67 32
260 67 33
259 67 34
258 67 35
255 67 36
257 67 37
258 67 38
254 67 39
259 67 40
253 67 41
258 67 42
255 67 43
288 67 44
270 67 45
263 67 46
247 67 47
262 67 48
253 67 49
275 67 50
252 67 51
251 67 52
263 67 53
258 67 54
238 67 55
259 67 56
244 67 57
248 67 58
267 67 59
257 67 60
243 67 61
269 67 62
261 67 63
270 67 64
231 67 65
243 67 66
257 67 67
241 67 68
259 67 69
260 67 70
267 67 71
249 67 72
262 67 73
241 67 74
246 67 75
256 67 76
253 67 77
256 67 78
269 67 79
252 67 80
259 67 81
251 67 82
254 67 83
239 67 84
267 67 85
257 67 86
260 67 87
245 67 88
278 67 89
245 67 90
265 67 91
248 67 92
258 67 93
251 67 94
268 67 95
253 67 96
244 67 97
249 67 98
256 67 99
258 67 100
261 68 1
245 68 2
267 68 3
260 68 4
244 68 5
274 68 6
258 68 7
262 68 8
255 68 9
227 68 10
249 68 11
247 68 12
273 68 13
242 68 14
246 68 15
253 68 16
252 68 17
248 68 18
254 68 19
247 68 20
255 68 21
246 68 22
255 68 23
254 68 24
259 68 25
252 68 26
266 68 27
251 68 28
255 68 29
249 68 30
232 68 31
269 68 32
257 68 33
256 68 34
258 68 35
254 68 36
258 68 37
253 68 38
251 68 39
259 68 40
255 68 41
260 68 42
247 68 43
283 68 44
271 68 45
259 68 46
245 68 47
259 68 48
253 68 49
269 68 50
253 68 51
246 68 52
262 68 53
254 68 54
240 68 55
257 68 56
238 68 57
250 68 58
262 68 59
254 68 60
245 68 61
262 68 62
257 68 63
268 68 64
225 68 65
237 68 66
251 68 67
249 68 68
253 68 69
253 68 70
267 68 71
248 68 72
260 68 73
244 68 74
249 68 75
246 68 76
258 68 77
253 68 78
267 68 79
254 68 80
255 68 81
252 68 82
252 68 83
239 68 84
261 68 85
255 68 86
261 68 87
245 68 88
278 68 89
245 68 90
261 68 91
245 68 92
256 68 93
254 68 94
261 68 95
257 68 96
237 68 97
246 68 98
252 68 99
255 68 100
253 69 1
244 69 2
269 69 3
247 69 4
239 69 5
264 69 6
251 69 7
251 69 8
246 69 9
222 69 10
243 69 11
246 69 12
265 69 13
226 69 14
244 69 15
245 69 16
246 69 17
247 69 18
242 69 19
247 69 20
251 69 21
241 69 22
245 69 23
249 69 24
254 69 25
252 69 26
258 69 27
241 69 28
256 69 29
250 69 30
228 69 31
261 69 32
256 69 33
257 69 34
252 69 35
247 69 36
249 69 37
248 69 38
248 69 39
249 69 40
242 69 41
249 69 42
246 69 43
280 69 44
260 69 45
253 69 46
239 69 47
255 69 48
251 69 49
272 69 50
244 69 51
246 69 52
257 69 53
250 69 54
231 69 55
255 69 56
236 69 57
241 69 58
256 69 59
246 69 60
237 69 61
267 69 62
255 69 63
262 69 64
227 69 65
230 69 66
253 69 67
238 69 68
259 69 69
255 69 70
261 69 71
245 69 72
259 69 73
236 69 74
241 69 75
240 69 76
246 69 77
249 69 78
260 69 79
247 69 80
252 69 81
246 69 82
247 69 83
236 69 84
258 69 85
249 69 86
252 69 87
236 69 88
270 69 89
235 69 90
251 69 91
239 69 92
250 69 93
250 69 94
256 69 95
249 69 96
242 69 97
239 69 98
247 69 99
248 69 100
263 70 1
249 70 2
275 70 3
264 70 4
251 70 5
277 70 6
257 70 7
265 70 8
257 70 9
232 70 10
255 70 11
257 70 12
278 70 13
243 70 14
250 70 15
258 70 16
256 70 17
255 70 18
260 70 19
248 70 20
258 70 21
253 70 22
257 70 23
260 70 24
264 70 25
261 70 26
274 70 27
254 70 28
257 70 29
255 70 30
235 70 31
273 70 32
261 70 33
264 70 34
266 70 35
262 70 36
261 70 37
262 70 38
260 70 39
262 70 40
259 70 41
265 70 42
257 70 43
288 70 44
272 70 45
266 70 46
252 70 47
264 70 48
259 70 49
282 70 50
257 70 51
252 70 52
268 70 53
267 70 54
242 70 55
266 70 56
248 70 57
255 70 58
270 70 59
259 70 60
248 70 61
271 70 62
263 70 63
273 70 64
229 70 65
241 70 66
260 70 67
243 70 68
261 70 69
270 70 70
273 70 71
252 70 72
266 70 73
255 70 74
251 70 75
254 70 76
261 70 77
261 70 78
274 70 79
258 70 80
259 70 81
256 70 82
255 70 83
248 70 84
270 70 85
263 70 86
260 70 87
245 70 88
282 70 89
248 70 90
267 70 91
248 70 92
261 70 93
259 70 94
272 70 95
260 70 96
249 70 97
250 70 98
261 70 99
258 70 100
259 71 1
244 71 2
266 71 3
255 71 4
247 71 5
274 71 6
256 71 7
261 71 8
257 71 9
224 71 10
246 71 11
251 71 12
272 71 13
238 71 14
250 71 15
255 71 16
256 71 17
254 71 18
253 71 19
249 71 20
253 71 21
246 71 22
249 71 23
251 71 24
259 71 25
255 71 26
270 71 27
243 71 28
256 71 29
251 71 30
236 71 31
270 71 32
258 71 33
260 71 34
260 71 35
254 71 36
253 71 37
256 71 38
257 71 39
261 71 40
259 71 41
260 71 42
250 71 43
286 71 44
262 71 45
264 71 46
246 71 47
262 71 48
256 71 49
273 71 50
252 71 51
248 71 52
261 71 53
253 71 54
236 71 55
261 71 56
244 71 57
244 71 58
266 71 59
254 71 60
238 71 61
261 71 62
258 71 63
271 71 64
230 71 65
238 71 66
256 71 67
240 71 68
258 71 69
260 71 70
278 71 71
249 71 72
262 71 73
248 71 74
247 71 75
253 71 76
253 71 77
257 71 78
267 71 79
253 71 80
255 71 81
252 71 82
256 71 83
238 71 84
267 71 85
255 71 86
252 71 87
242 71 88
275 71 89
244 71 90
268 71 91
241 71 92
257 71 93
255 71 94
267 71 95
257 71 96
239 71 97
246 71 98
255 71 99
256 71 100
254 72 1
233 72 2
271 72 3
256 72 4
244 72 5
271 72 6
254 72 7
254 72 8
251 72 9
225 72 10
247 72 11
247 72 12
276 72 13
238 72 14
241 72 15
242 72 16
253 72 17
249 72 18
247 72 19
245 72 20
253 72 21
241 72 22
252 72 23
246 72 24
248 72 25
253 72 26
261 72 27
242 72 28
249 72 29
250 72 30
229 72 31
266 72 32
250 72 33
259 72 34
255 72 35
252 72 36
246 72 37
257 72 38
255 72 39
256 72 40
255 72 41
253 72 42
247 72 43
285 72 44
264 72 45
256 72 46
245 72 47
263 72 48
250 72 49
273 72 50
250 72 51
249 72 52
263 72 53
255 72 54
234 72 55
259 72 56
235 72 57
247 72 58
259 72 59
250 72 60
239 72 61
262 72 62
256 72 63
265 72 64
226 72 65
237 72 66
254 72 67
238 72 68
251 72 69
253 72 70
269 72 71
248 72 72
255 72 73
244 72 74
244 72 75
247 72 76
248 72 77
253 72 78
264 72 79
251 72 80
250 72 81
255 72 82
246 72 83
239 72 84
262 72 85
253 72 86
258 72 87
242 72 88
272 72 89
242 72 90
258 72 91
241 72 92
251 72 93
250 72 94
264 72 95
256 72 96
239 72 97
242 72 98
247 72 99
251 72 100
266 73 1
248 73 2
277 73 3
261 73 4
249 73 5
276 73 6
261 73 7
263 73 8
259 73 9
232 73 10
258 73 11
256 73 12
279 73 13
241 73 14
248 73 15
256 73 16
259 73 17
261 73 18
255 73 19
252 73 20
257 73 21
251 73 22
259 73 23
260 73 24
264 73 25
257 73 26
271 73 27
251 73 28
260 73 29
261 73 30
242 73 31
272 73 32
264 73 33
266 73 34
267 73 35
263 73 36
262 73 37
258 73 38
259 73 39
266 73 40
258 73 41
262 73 42
256 73 43
293 73 44
271 73 45
266 73 46
248 73 47
269 73 48
261 73 49
278 73 50
256 73 51
253 73 52
269 73 53
259 73 54
241 73 55
267 73 56
247 73 57
251 73 58
272 73 59
255 73 60
250 73 61
272 73 62
260 73 63
274 73 64
232 73 65
243 73 66
264 73 67
248 73 68
261 73 69
267 73 70
273 73 71
258 73 72
272 73 73
252 73 74
256 73 75
258 73 76
258 73 77
265 73 78
277 73 79
258 73 80
259 73 81
258 73 82
255 73 83
248 73 84
270 73 85
261 73 86
260 73 87
249 73 88
281 73 89
249 73 90
269 73 91
247 73 92
260 73 93
259 73 94
272 73 95
260 73 96
245 73 97
250 73 98
257 73 99
264 73 100
255 74 1
243 74 2
267 74 3
254 74 4
244 74 5
266 74 6
250 74 7
257 74 8
254 74 9
224 74 10
246 74 11
249 74 12
273 74 13
237 74 14
241 74 15
250 74 16
252 74 17
251 74 18
248 74 19
244 74 20
250 74 21
246 74 22
253 74 23
248 74 24
258 74 25
255 74 26
264 74 27
245 74 28
256 74 29
253 74 30
233 74 31
262 74 32
255 74 33
261 74 34
264 74 35
250 74 36
248 74 37
255 74 38
253 74 39
252 74 40
253 74 41
253 74 42
253 74 43
282 74 44
262 74 45
259 74 46
245 74 47
257 74 48
252 74 49
271 74 50
252 74 51
253 74 52
257 74 53
253 74 54
230 74 55
254 74 56
244 74 57
243 74 58
264 74 59
250 74 60
245 74 61
260 74 62
263 74 63
269 74 64
228 74 65
231 74 66
253 74 67
238 74 68
256 74 69
262 74 70
269 74 71
252 74 72
255 74 73
255 74 74
243 74 75
252 74 76
246 74 77
251 74 78
268 74 79
249 74 80
253 74 81
252 74 82
248 74 83
234 74 84
261 74 85
252 74 86
256 74 87
236 74 88
277 74 89
238 74 90
260 74 91
240 74 92
255 74 93
252 74 94
261 74 95
254 74 96
241 74 97
244 74 98
251 74 99
250 74 100
262 75 1
242 75 2
268 75 3
254 75 4
240 75 5
267 75 6
251 75 7
256 75 8
248 75 9
226 75 10
250 75 11
250 75 12
272 75 13
235 75 14
241 75 15
250 75 16
251 75 17
251 75 18
249 75 19
243 75 20
254 75 21
246 75 22
254 75 23
256 75 24
252 75 25
252 75 26
269 75 27
247 75 28
251 75 29
249 75 30
230 75 31
268 75 32
256 75 33
261 75 34
260 75 35
255 75 36
254 75 37
253 75 38
255 75 39
257 75 40
256 75 41
260 75 42
252 75 43
276 75 44
262 75 45
256 75 46
245 75 47
263 75 48
245 75 49
270 75 50
249 75 51
247 75 52
259 75 53
253 75 54
235 75 55
253 75 56
244 75 57
244 75 58
263 75 59
252 75 60
245 75 61
262 75 62
261 75 63
265 75 64
226 75 65
238 75 66
249 75 67
243 75 68
256 75 69
261 75 70
266 75 71
247 75 72
257 75 73
245 75 74
255 75 75
246 75 76
251 75 77
249 75 78
263 75 79
251 75 80
250 75 81
249 75 82
246 75 83
240 75 84
259 75 85
255 75 86
255 75 87
239 75 88
272 75 89
242 75 90
259 75 91
244 75 92
253 75 93
249 75 94
262 75 95
257 75 96
244 75 97
244 75 98
246 75 99
254 75 100
264 76 1
250 76 2
277 76 3
259 76 4
245 76 5
275 76 6
256 76 7
263 76 8
253 76 9
230 76 10
253 76 11
252 76 12
280 76 13
242 76 14
250 76 15
256 76 16
256 76 17
254 76 18
255 76 19
252 76 20
260 76 21
249 76 22
256 76 23
255 76 24
263 76 25
262 76 26
274 76 27
258 76 28
262 76 29
255 76 30
238 76 31
273 76 32
263 76 33
262 76 34
261 76 35
261 76 36
260 76 37
262 76 38
260 76 39
260 76 40
255 76 41
262 76 42
260 76 43
286 76 44
266 76 45
264 76 46
249 76 47
266 76 48
259 76 49
277 76 50
253 76 51
255 76 52
267 76 53
262 76 54
239 76 55
265 76 56
247 76 57
255 76 58
265 76 59
254 76 60
248 76 61
270 76 62
266 76 63
271 76 64
234 76 65
240 76 66
263 76 67
244 76 68
259 76 69
261 76 70
272 76 71
251 76 72
262 76 73
252 76 74
248 76 75
258 76 76
253 76 77
262 76 78
272 76 79
254 76 80
256 76 81
254 76 82
254 76 83
245 76 84
270 76 85
258 76 86
259 76 87
248 76 88
277 76 89
246 76 90
268 76 91
246 76 92
262 76 93
260 76 94
274 76 95
261 76 96
247 76 97
252 76 98
258 76 99
260 76 100
256 77 1
239 77 2
266 77 3
256 77 4
238 77 5
268 77 6
250 77 7
255 77 8
250 77 9
232 77 10
243 77 11
242 77 12
267 77 13
233 77 14
239 77 15
249 77 16
246 77 17
244 77 18
250 77 19
247 77 20
251 77 21
239 77 22
246 77 23
252 77 24
253 77 25
251 77 26
262 77 27
245 77 28
253 77 29
247 77 30
230 77 31
261 77 32
257 77 33
256 77 34
258 77 35
256 77 36
251 77 37
252 77 38
250 77 39
254 77 40
248 77 41
254 77 42
243 77 43
274 77 44
265 77 45
252 77 46
238 77 47
257 77 48
249 77 49
276 77 50
249 77 51
245 77 52
259 77 53
253 77 54
236 77 55
255 77 56
238 77 57
245 77 58
256 77 59
252 77 60
238 77 61
260 77 62
255 77 63
258 77 64
226 77 65
235 77 66
244 77 67
237 77 68
253 77 69
257 77 70
265 77 71
243 77 72
259 77 73
238 77 74
246 77 75
241 77 76
261 77 77
250 77 78
262 77 79
250 77 80
252 77 81
251 77 82
247 77 83
239 77 84
258 77 85
252 77 86
252 77 87
247 77 88
273 77 89
241 77 90
256 77 91
238 77 92
254 77 93
251 77 94
262 77 95
254 77 96
236 77 97
243 77 98
245 77 99
252 77 100
263 78 1
241 78 2
270 78 3
259 78 4
244 78 5
275 78 6
255 78 7
260 78 8
253 78 9
228 78 10
251 78 11
250 78 12
273 78 13
239 78 14
246 78 15
248 78 16
250 78 17
253 78 18
250 78 19
248 78 20
252 78 21
244 78 22
255 78 23
251 78 24
257 78 25
258 78 26
263 78 27
247 78 28
256 78 29
252 78 30
233 78 31
267 78 32
253 78 33
257 78 34
259 78 35
262 78 36
254 78 37
256 78 38
257 78 39
261 78 40
252 78 41
260 78 42
254 78 43
287 78 44
266 78 45
258 78 46
246 78 47
265 78 48
255 78 49
278 78 50
250 78 51
244 78 52
261 78 53
258 78 54
235 78 55
262 78 56
243 78 57
250 78 58
268 78 59
253 78 60
243 78 61
266 78 62
256 78 63
275 78 64
226 78 65
236 78 66
259 78 67
242 78 68
255 78 69
261 78 70
273 78 71
249 78 72
262 78 73
243 78 74
245 78 75
251 78 76
253 78 77
264 78 78
266 78 79
254 78 80
256 78 81
250 78 82
249 78 83
245 78 84
269 78 85
254 78 86
259 78 87
240 78 88
277 78 89
244 78 90
263 78 91
245 78 92
253 78 93
251 78 94
268 78 95
256 78 96
245 78 97
251 78 98
254 78 99
253 78 100
261 79 1
248 79 2
273 79 3
261 79 4
248 79 5
281 79 6
256 79 7
261 79 8
258 79 9
227 79 10
257 79 11
253 79 12
279 79 13
239 79 14
251 79 15
246 79 16
256 79 17
256 79 18
253 79 19
252 79 20
259 79 21
249 79 22
258 79 23
255 79 24
258 79 25
262 79 26
269 79 27
255 79 28
256 79 29
254 79 30
241 79 31
277 79 32
266 79 33
264 79 34
263 79 35
264 79 36
258 79 37
261 79 38
256 79 39
258 79 40
261 79 41
258 79 42
257 79 43
289 79 44
270 79 45
265 79 46
252 79 47
269 79 48
261 79 49
278 79 50
253 79 51
253 79 52
262 79 53
260 79 54
238 79 55
264 79 56
246 79 57
249 79 58
266 79 59
256 79 60
249 79 61
272 79 62
262 79 63
276 79 64
233 79 65
239 79 66
262 79 67
239 79 68
258 79 69
258 79 70
271 79 71
250 79 72
263 79 73
249 79 74
248 79 75
259 79 76
255 79 77
259 79 78
270 79 79
259 79 80
258 79 81
257 79 82
259 79 83
242 79 84
270 79 85
262 79 86
263 79 87
248 79 88
282 79 89
245 79 90
261 79 91
252 79 92
260 79 93
257 79 94
270 79 95
257 79 96
245 79 97
252 79 98
260 79 99
260 79 100
248 80 1
239 80 2
265 80 3
255 80 4
242 80 5
259 80 6
252 80 7
253 80 8
249 80 9
217 80 10
245 80 11
244 80 12
259 80 13
234 80 14
243 80 15
248 80 16
244 80 17
248 80 18
246 80 19
244 80 20
247 80 21
235 80 22
247 80 23
254 80 24
250 80 25
251 80 26
260 80 27
242 80 28
249 80 29
246 80 30
231 80 31
264 80 32
256 80 33
255 80 34
255 80 35
249 80 36
246 80 37
245 80 38
246 80 39
255 80 40
250 80 41
253 80 42
247 80 43
275 80 44
264 80 45
254 80 46
244 80 47
256 80 48
245 80 49
262 80 50
242 80 51
244 80 52
253 80 53
249 80 54
236 80 55
252 80 56
241 80 57
243 80 58
254 80 59
249 80 60
234 80 61
257 80 62
251 80 63
267 80 64
223 80 65
232 80 66
244 80 67
238 80 68
250 80 69
254 80 70
268 80 71
242 80 72
259 80 73
242 80 74
241 80 75
240 80 76
251 80 77
252 80 78
260 80 79
262 80 80
243 80 81
245 80 82
244 80 83
234 80 84
258 80 85
248 80 86
252 80 87
236 80 88
267 80 89
236 80 90
257 80 91
240 80 92
247 80 93
251 80 94
258 80 95
247 80 96
232 80 97
239 80 98
244 80 99
243 80 100
260 81 1
245 81 2
270 81 3
259 81 4
242 81 5
276 81 6
256 81 7
260 81 8
253 81 9
228 81 10
252 81 11
252 81 12
280 81 13
240 81 14
250 81 15
250 81 16
254 81 17
256 81 18
256 81 19
250 81 20
259 81 21
249 81 22
256 81 23
251 81 24
254 81 25
261 81 26
272 81 27
250 81 28
256 81 29
254 81 30
237 81 31
270 81 32
259 81 33
262 81 34
261 81 35
254 81 36
255 81 37
260 81 38
256 81 39
258 81 40
258 81 41
258 81 42
254 81 43
283 81 44
268 81 45
260 81 46
249 81 47
264 81 48
253 81 49
275 81 50
255 81 51
254 81 52
265 81 53
258 81 54
235 81 55
263 81 56
245 81 57
249 81 58
267 81 59
253 81 60
243 81 61
265 81 62
259 81 63
268 81 64
231 81 65
235 81 66
260 81 67
239 81 68
256 81 69
261 81 70
272 81 71
246 81 72
261 81 73
242 81 74
250 81 75
252 81 76
254 81 77
260 81 78
272 81 79
258 81 80
261 81 81
256 81 82
252 81 83
241 81 84
270 81 85
263 81 86
259 81 87
245 81 88
278 81 89
245 81 90
261 81 91
245 81 92
255 81 93
251 81 94
271 81 95
252 81 96
240 81 97
251 81 98
254 81 99
253 81 100
260 82 1
243 82 2
275 82 3
265 82 4
241 82 5
273 82 6
260 82 7
258 82 8
254 82 9
229 82 10
253 82 11
250 82 12
272 82 13
240 82 14
248 82 15
253 82 16
255 82 17
255 82 18
255 82 19
248 82 20
259 82 21
243 82 22
256 82 23
255 82 24
257 82 25
255 82 26
272 82 27
250 82 28
260 82 29
254 82 30
235 82 31
268 82 32
257 82 33
264 82 34
263 82 35
257 82 36
257 82 37
259 82 38
256 82 39
259 82 40
255 82 41
262 82 42
251 82 43
286 82 44
268 82 45
263 82 46
246 82 47
264 82 48
257 82 49
275 82 50
252 82 51
254 82 52
263 82 53
258 82 54
239 82 55
263 82 56
247 82 57
248 82 58
268 82 59
253 82 60
248 82 61
268 82 62
258 82 63
274 82 64
230 82 65
239 82 66
254 82 67
240 82 68
258 82 69
260 82 70
271 82 71
246 82 72
262 82 73
250 82 74
253 82 75
252 82 76
252 82 77
258 82 78
271 82 79
257 82 80
261 82 81
265 82 82
253 82 83
244 82 84
267 82 85
258 82 86
260 82 87
246 82 88
282 82 89
248 82 90
259 82 91
251 82 92
258 82 93
258 82 94
266 82 95
255 82 96
244 82 97
247 82 98
253 82 99
254 82 100
263 83 1
247 83 2
271 83 3
254 83 4
242 83 5
269 83 6
250 83 7
256 83 8
251 83 9
227 83 10
248 83 11
252 83 12
271 83 13
237 83 14
246 83 15
251 83 16
246 83 17
247 83 18
248 83 19
248 83 20
245 83 21
243 83 22
251 83 23
250 83 24
251 83 25
252 83 26
269 83 27
245 83 28
251 83 29
252 83 30
235 83 31
265 83 32
261 83 33
255 83 34
255 83 35
257 83 36
250 83 37
255 83 38
251 83 39
256 83 40
255 83 41
259 83 42
247 83 43
284 83 44
263 83 45
260 83 46
245 83 47
259 83 48
250 83 49
273 83 50
250 83 51
248 83 52
258 83 53
257 83 54
235 83 55
259 83 56
245 83 57
248 83 58
265 83 59
249 83 60
242 83 61
264 83 62
253 83 63
270 83 64
227 83 65
232 83 66
255 83 67
239 83 68
253 83 69
258 83 70
267 83 71
244 83 72
261 83 73
244 83 74
247 83 75
248 83 76
248 83 77
255 83 78
268 83 79
252 83 80
254 83 81
250 83 82
260 83 83
237 83 84
262 83 85
255 83 86
256 83 87
246 83 88
275 83 89
242 83 90
258 83 91
245 83 92
250 83 93
251 83 94
264 83 95
252 83 96
241 83 97
244 83 98
253 83 99
256 83 100
264 84 1
250 84 2
277 84 3
265 84 4
247 84 5
277 84 6
261 84 7
267 84 8
261 84 9
234 84 10
253 84 11
255 84 12
278 84 13
241 84 14
250 84 15
258 84 16
256 84 17
254 84 18
259 84 19
250 84 20
261 84 21
249 84 22
256 84 23
261 84 24
264 84 25
263 84 26
271 84 27
254 84 28
261 84 29
254 84 30
236 84 31
277 84 32
263 84 33
263 84 34
263 84 35
262 84 36
262 84 37
262 84 38
260 84 39
262 84 40
261 84 41
265 84 42
256 84 43
289 84 44
268 84 45
263 84 46
250 84 47
270 84 48
258 84 49
277 84 50
258 84 51
252 84 52
267 84 53
259 84 54
245 84 55
267 84 56
249 84 57
250 84 58
269 84 59
259 84 60
250 84 61
272 84 62
262 84 63
273 84 64
231 84 65
243 84 66
258 84 67
243 84 68
261 84 69
265 84 70
274 84 71
250 84 72
268 84 73
249 84 74
252 84 75
255 84 76
258 84 77
260 84 78
270 84 79
261 84 80
263 84 81
260 84 82
254 84 83
250 84 84
265 84 85
260 84 86
260 84 87
250 84 88
283 84 89
246 84 90
268 84 91
252 84 92
259 84 93
260 84 94
272 84 95
261 84 96
247 84 97
253 84 98
259 84 99
259 84 100
262 85 1
249 85 2
271 85 3
262 85 4
246 85 5
274 85 6
251 85 7
255 85 8
253 85 9
228 85 10
250 85 11
253 85 12
271 85 13
237 85 14
244 85 15
249 85 16
253 85 17
254 85 18
253 85 19
246 85 20
252 85 21
244 85 22
255 85 23
256 85 24
254 85 25
258 85 26
271 85 27
250 85 28
254 85 29
254 85 30
230 85 31
267 85 32
259 85 33
262 85 34
261 85 35
257 85 36
259 85 37
255 85 38
256 85 39
260 85 40
252 85 41
261 85 42
252 85 43
289 85 44
268 85 45
260 85 46
246 85 47
262 85 48
253 85 49
273 85 50
254 85 51
253 85 52
262 85 53
258 85 54
237 85 55
258 85 56
246 85 57
251 85 58
262 85 59
248 85 60
246 85 61
268 85 62
260 85 63
262 85 64
229 85 65
242 85 66
259 85 67
241 85 68
260 85 69
262 85 70
265 85 71
249 85 72
259 85 73
250 85 74
249 85 75
257 85 76
257 85 77
259 85 78
268 85 79
255 85 80
258 85 81
252 85 82
252 85 83
240 85 84
273 85 85
259 85 86
261 85 87
241 85 88
281 85 89
244 85 90
262 85 91
249 85 92
256 85 93
258 85 94
266 85 95
255 85 96
245 85 97
248 85 98
253 85 99
258 85 100
258 86 1
249 86 2
273 86 3
264 86 4
246 86 5
273 86 6
256 86 7
257 86 8
253 86 9
227 86 10
252 86 11
256 86 12
277 86 13
241 86 14
249 86 15
252 86 16
258 86 17
257 86 18
254 86 19
250 86 20
260 86 21
246 86 22
255 86 23
256 86 24
257 86 25
260 86 26
266 86 27
254 86 28
257 86 29
256 86 30
240 86 31
275 86 32
258 86 33
263 86 34
261 86 35
255 86 36
256 86 37
260 86 38
252 86 39
259 86 40
255 86 41
261 86 42
256 86 43
285 86 44
269 86 45
261 86 46
245 86 47
263 86 48
250 86 49
272 86 50
251 86 51
256 86 52
262 86 53
255 86 54
236 86 55
262 86 56
244 86 57
250 86 58
265 86 59
256 86 60
252 86 61
268 86 62
263 86 63
275 86 64
228 86 65
238 86 66
257 86 67
239 86 68
255 86 69
263 86 70
271 86 71
250 86 72
264 86 73
247 86 74
247 86 75
251 86 76
249 86 77
256 86 78
268 86 79
254 86 80
256 86 81
253 86 82
253 86 83
242 86 84
265 86 85
263 86 86
260 86 87
247 86 88
282 86 89
243 86 90
267 86 91
246 86 92
260 86 93
258 86 94
269 86 95
256 86 96
243 86 97
245 86 98
254 86 99
260 86 100
259 87 1
249 87 2
274 87 3
260 87 4
244 87 5
272 87 6
253 87 7
261 87 8
252 87 9
230 87 10
251 87 11
255 87 12
272 87 13
239 87 14
248 87 15
251 87 16
251 87 17
257 87 18
256 87 19
244 87 20
253 87 21
248 87 22
254 87 23
257 87 24
262 87 25
259 87 26
270 87 27
250 87 28
252 87 29
252 87 30
234 87 31
270 87 32
255 87 33
261 87 34
259 87 35
255 87 36
257 87 37
258 87 38
257 87 39
253 87 40
259 87 41
258 87 42
256 87 43
284 87 44
265 87 45
260 87 46
247 87 47
262 87 48
255 87 49
275 87 50
253 87 51
254 87 52
259 87 53
262 87 54
235 87 55
260 87 56
247 87 57
247 87 58
262 87 59
256 87 60
249 87 61
266 87 62
263 87 63
265 87 64
226 87 65
239 87 66
257 87 67
244 87 68
256 87 69
258 87 70
269 87 71
249 87 72
259 87 73
247 87 74
246 87 75
253 87 76
255 87 77
256 87 78
270 87 79
253 87 80
258 87 81
254 87 82
251 87 83
240 87 84
267 87 85
257 87 86
263 87 87
245 87 88
277 87 89
252 87 90
259 87 91
246 87 92
257 87 93
257 87 94
267 87 95
249 87 96
243 87 97
248 87 98
254 87 99
255 87 100
260 88 1
244 88 2
269 88 3
254 88 4
242 88 5
271 88 6
250 88 7
262 88 8
252 88 9
222 88 10
252 88 11
249 88 12
266 88 13
233 88 14
240 88 15
246 88 16
247 88 17
249 88 18
251 88 19
242 88 20
255 88 21
238 88 22
248 88 23
251 88 24
257 88 25
253 88 26
262 88 27
242 88 28
251 88 29
254 88 30
225 88 31
268 88 32
249 88 33
255 88 34
257 88 35
254 88 36
250 88 37
251 88 38
255 88 39
260 88 40
250 88 41
256 88 42
253 88 43
280 88 44
265 88 45
257 88 46
242 88 47
261 88 48
253 88 49
279 88 50
250 88 51
248 88 52
266 88 53
253 88 54
231 88 55
256 88 56
240 88 57
246 88 58
260 88 59
249 88 60
237 88 61
261 88 62
252 88 63
268 88 64
227 88 65
237 88 66
255 88 67
237 88 68
253 88 69
256 88 70
265 88 71
242 88 72
257 88 73
242 88 74
244 88 75
240 88 76
248 88 77
252 88 78
264 88 79
248 88 80
258 88 81
250 88 82
248 88 83
240 88 84
261 88 85
250 88 86
253 88 87
252 88 88
277 88 89
239 88 90
261 88 91
241 88 92
252 88 93
250 88 94
269 88 95
253 88 96
240 88 97
240 88 98
252 88 99
250 88 100
261 89 1
244 89 2
272 89 3
263 89 4
245 89 5
270 89 6
255 89 7
258 89 8
253 89 9
227 89 10
250 89 11
249 89 12
273 89 13
239 89 14
247 89 15
249 89 16
255 89 17
254 89 18
255 89 19
243 89 20
255 89 21
247 89 22
249 89 23
257 89 24
259 89 25
255 89 26
267 89 27
249 89 28
255 89 29
255 89 30
230 89 31
266 89 32
260 89 33
255 89 34
262 89 35
260 89 36
256 89 37
254 89 38
254 89 39
256 89 40
257 89 41
260 89 42
253 89 43
282 89 44
265 89 45
259 89 46
247 89 47
263 89 48
254 89 49
274 89 50
254 89 51
245 89 52
264 89 53
256 89 54
234 89 55
258 89 56
243 89 57
249 89 58
265 89 59
251 89 60
248 89 61
260 89 62
260 89 63
269 89 64
231 89 65
234 89 66
258 89 67
237 89 68
254 89 69
262 89 70
271 89 71
246 89 72
262 89 73
247 89 74
248 89 75
248 89 76
246 89 77
256 89 78
268 89 79
253 89 80
259 89 81
253 89 82
250 89 83
241 89 84
260 89 85
257 89 86
258 89 87
243 89 88
286 89 89
243 89 90
263 89 91
249 89 92
258 89 93
254 89 94
269 89 95
256 89 96
241 89 97
243 89 98
252 89 99
254 89 100
257 90 1
249 90 2
276 90 3
263 90 4
243 90 5
271 90 6
258 90 7
257 90 8
256 90 9
233 90 10
256 90 11
250 90 12
277 90 13
240 90 14
252 90 15
252 90 16
255 90 17
256 90 18
255 90 19
244 90 20
255 90 21
245 90 22
256 90 23
254 90 24
257 90 25
255 90 26
270 90 27
250 90 28
253 90 29
253 90 30
230 90 31
264 90 32
261 90 33
257 90 34
263 90 35
255 90 36
257 90 37
254 90 38
255 90 39
254 90 40
256 90 41
260 90 42
252 90 43
284 90 44
264 90 45
259 90 46
249 90 47
268 90 48
255 90 49
271 90 50
255 90 51
247 90 52
262 90 53
259 90 54
239 90 55
262 90 56
246 90 57
245 90 58
270 90 59
252 90 60
247 90 61
263 90 62
260 90 63
263 90 64
227 90 65
237 90 66
256 90 67
240 90 68
255 90 69
260 90 70
271 90 71
245 90 72
259 90 73
246 90 74
251 90 75
249 90 76
252 90 77
255 90 78
267 90 79
250 90 80
258 90 81
252 90 82
252 90 83
241 90 84
267 90 85
256 90 86
257 90 87
242 90 88
279 90 89
253 90 90
268 90 91
248 90 92
256 90 93
253 90 94
266 90 95
255 90 96
241 90 97
249 90 98
255 90 99
260 90 100
253 91 1
246 91 2
267 91 3
258 91 4
244 91 5
274 91 6
254 91 7
256 91 8
248 91 9
222 91 10
254 91 11
247 91 12
274 91 13
237 91 14
245 91 15
246 91 16
254 91 17
253 91 18
251 91 19
246 91 20
253 91 21
245 91 22
251 91 23
248 91 24
251 91 25
254 91 26
264 91 27
249 91 28
250 91 29
252 91 30
234 91 31
262 91 32
254 91 33
258 91 34
256 91 35
255 91 36
253 91 37
256 91 38
249 91 39
253 91 40
253 91 41
255 91 42
250 91 43
283 91 44
263 91 45
258 91 46
241 91 47
260 91 48
256 91 49
264 91 50
247 91 51
249 91 52
261 91 53
254 91 54
229 91 55
261 91 56
240 91 57
244 91 58
263 91 59
252 91 60
242 91 61
258 91 62
260 91 63
266 91 64
226 91 65
232 91 66
256 91 67
237 91 68
251 91 69
255 91 70
267 91 71
248 91 72
258 91 73
240 91 74
241 91 75
247 91 76
244 91 77
256 91 78
263 91 79
252 91 80
257 91 81
246 91 82
255 91 83
231 91 84
262 91 85
251 91 86
255 91 87
238 91 88
274 91 89
246 91 90
268 91 91
243 91 92
255 91 93
249 91 94
263 91 95
250 91 96
236 91 97
245 91 98
250 91 99
255 91 100
261 92 1
247 92 2
276 92 3
267 92 4
248 92 5
273 92 6
256 92 7
261 92 8
259 92 9
231 92 10
254 92 11
257 92 12
279 92 13
239 92 14
251 92 15
253 92 16
258 92 17
253 92 18
256 92 19
251 92 20
254 92 21
249 92 22
257 92 23
260 92 24
257 92 25
259 92 26
273 92 27
250 92 28
260 92 29
255 92 30
239 92 31
271 92 32
263 92 33
262 92 34
261 92 35
260 92 36
260 92 37
260 92 38
258 92 39
262 92 40
257 92 41
261 92 42
257 92 43
288 92 44
271 92 45
265 92 46
252 92 47
267 92 48
262 92 49
276 92 50
252 92 51
250 92 52
265 92 53
261 92 54
239 92 55
262 92 56
246 92 57
250 92 58
267 92 59
256 92 60
252 92 61
270 92 62
262 92 63
272 92 64
230 92 65
243 92 66
259 92 67
242 92 68
259 92 69
265 92 70
274 92 71
252 92 72
263 92 73
250 92 74
245 92 75
253 92 76
257 92 77
255 92 78
269 92 79
259 92 80
259 92 81
256 92 82
251 92 83
240 92 84
267 92 85
259 92 86
260 92 87
244 92 88
282 92 89
245 92 90
267 92 91
253 92 92
256 92 93
258 92 94
267 92 95
260 92 96
244 92 97
248 92 98
259 92 99
260 92 100
265 93 1
255 93 2
278 93 3
265 93 4
252 93 5
277 93 6
257 93 7
262 93 8
256 93 9
233 93 10
258 93 11
259 93 12
279 93 13
240 93 14
252 93 15
258 93 16
261 93 17
264 93 18
259 93 19
255 93 20
258 93 21
253 93 22
260 93 23
256 93 24
262 93 25
263 93 26
272 93 27
254 93 28
261 93 29
261 93 30
243 93 31
273 93 32
264 93 33
267 93 34
265 93 35
264 93 36
264 93 37
263 93 38
262 93 39
262 93 40
258 93 41
267 93 42
255 93 43
292 93 44
270 93 45
265 93 46
252 93 47
266 93 48
262 93 49
281 93 50
258 93 51
252 93 52
265 93 53
265 93 54
239 93 55
266 93 56
250 93 57
253 93 58
271 93 59
255 93 60
252 93 61
273 93 62
263 93 63
277 93 64
233 93 65
241 93 66
265 93 67
242 93 68
261 93 69
265 93 70
278 93 71
256 93 72
265 93 73
251 93 74
250 93 75
255 93 76
254 93 77
260 93 78
273 93 79
260 93 80
263 93 81
256 93 82
256 93 83
246 93 84
272 93 85
262 93 86
265 93 87
249 93 88
283 93 89
250 93 90
273 93 91
251 93 92
266 93 93
257 93 94
272 93 95
261 93 96
249 93 97
252 93 98
260 93 99
262 93 100
249 94 1
238 94 2
266 94 3
248 94 4
236 94 5
267 94 6
252 94 7
253 94 8
245 94 9
219 94 10
243 94 11
243 94 12
265 94 13
230 94 14
238 94 15
246 94 16
242 94 17
243 94 18
245 94 19
242 94 20
247 94 21
234 94 22
242 94 23
245 94 24
250 94 25
246 94 26
259 94 27
238 94 28
249 94 29
247 94 30
229 94 31
260 94 32
246 94 33
246 94 34
255 94 35
247 94 36
250 94 37
243 94 38
247 94 39
247 94 40
246 94 41
247 94 42
244 94 43
272 94 44
249 94 45
256 94 46
238 94 47
254 94 48
241 94 49
265 94 50
246 94 51
239 94 52
253 94 53
251 94 54
228 94 55
252 94 56
238 94 57
239 94 58
261 94 59
245 94 60
232 94 61
255 94 62
243 94 63
260 94 64
219 94 65
237 94 66
246 94 67
235 94 68
246 94 69
252 94 70
265 94 71
238 94 72
253 94 73
240 94 74
243 94 75
244 94 76
244 94 77
245 94 78
254 94 79
247 94 80
242 94 81
249 94 82
239 94 83
237 94 84
259 94 85
238 94 86
252 94 87
238 94 88
269 94 89
234 94 90
253 94 91
231 94 92
249 94 93
264 94 94
256 94 95
251 94 96
235 94 97
237 94 98
241 94 99
245 94 100
259 95 1
239 95 2
266 95 3
254 95 4
240 95 5
272 95 6
251 95 7
255 95 8
252 95 9
224 95 10
249 95 11
250 95 12
269 95 13
235 95 14
240 95 15
246 95 16
246 95 17
249 95 18
250 95 19
248 95 20
249 95 21
243 95 22
253 95 23
251 95 24
250 95 25
257 95 26
264 95 27
245 95 28
249 95 29
251 95 30
230 95 31
264 95 32
254 95 33
252 95 34
257 95 35
258 95 36
253 95 37
253 95 38
260 95 39
256 95 40
248 95 41
257 95 42
250 95 43
275 95 44
261 95 45
258 95 46
244 95 47
257 95 48
253 95 49
274 95 50
252 95 51
242 95 52
263 95 53
256 95 54
235 95 55
253 95 56
232 95 57
248 95 58
262 95 59
249 95 60
239 95 61
266 95 62
256 95 63
264 95 64
223 95 65
233 95 66
251 95 67
235 95 68
253 95 69
254 95 70
265 95 71
239 95 72
253 95 73
241 95 74
244 95 75
242 95 76
244 95 77
249 95 78
265 95 79
249 95 80
254 95 81
251 95 82
249 95 83
234 95 84
265 95 85
253 95 86
256 95 87
247 95 88
272 95 89
239 95 90
259 95 91
244 95 92
250 95 93
249 95 94
274 95 95
253 95 96
239 95 97
242 95 98
254 95 99
249 95 100
254 96 1
238 96 2
268 96 3
254 96 4
244 96 5
261 96 6
248 96 7
255 96 8
246 96 9
225 96 10
247 96 11
245 96 12
270 96 13
233 96 14
238 96 15
251 96 16
249 96 17
246 96 18
247 96 19
237 96 20
250 96 21
239 96 22
248 96 23
248 96 24
254 96 25
249 96 26
264 96 27
239 96 28
249 96 29
247 96 30
231 96 31
263 96 32
257 96 33
256 96 34
255 96 35
254 96 36
249 96 37
253 96 38
246 96 39
252 96 40
252 96 41
253 96 42
253 96 43
275 96 44
262 96 45
253 96 46
243 96 47
258 96 48
244 96 49
271 96 50
245 96 51
248 96 52
259 96 53
254 96 54
231 96 55
262 96 56
241 96 57
239 96 58
263 96 59
251 96 60
243 96 61
263 96 62
253 96 63
261 96 64
227 96 65
228 96 66
251 96 67
233 96 68
250 96 69
254 96 70
263 96 71
240 96 72
259 96 73
243 96 74
252 96 75
243 96 76
254 96 77
253 96 78
264 96 79
245 96 80
248 96 81
250 96 82
248 96 83
238 96 84
261 96 85
253 96 86
250 96 87
239 96 88
272 96 89
239 96 90
260 96 91
241 96 92
250 96 93
250 96 94
259 96 95
265 96 96
239 96 97
240 96 98
247 96 99
253 96 100
260 97 1
245 97 2
267 97 3
255 97 4
245 97 5
271 97 6
254 97 7
259 97 8
251 97 9
227 97 10
249 97 11
251 97 12
273 97 13
238 97 14
241 97 15
252 97 16
253 97 17
251 97 18
251 97 19
248 97 20
252 97 21
246 97 22
253 97 23
250 97 24
252 97 25
252 97 26
273 97 27
248 97 28
255 97 29
252 97 30
238 97 31
266 97 32
257 97 33
257 97 34
258 97 35
252 97 36
254 97 37
255 97 38
253 97 39
259 97 40
256 97 41
257 97 42
253 97 43
283 97 44
265 97 45
259 97 46
244 97 47
259 97 48
253 97 49
276 97 50
253 97 51
250 97 52
260 97 53
254 97 54
236 97 55
260 97 56
241 97 57
250 97 58
264 97 59
257 97 60
242 97 61
270 97 62
257 97 63
270 97 64
228 97 65
243 97 66
257 97 67
239 97 68
255 97 69
259 97 70
267 97 71
248 97 72
262 97 73
244 97 74
242 97 75
249 97 76
249 97 77
252 97 78
262 97 79
253 97 80
252 97 81
252 97 82
251 97 83
240 97 84
263 97 85
256 97 86
259 97 87
243 97 88
279 97 89
244 97 90
258 97 91
243 97 92
257 97 93
255 97 94
263 97 95
251 97 96
249 97 97
247 97 98
258 97 99
261 97 100
264 98 1
247 98 2
275 98 3
262 98 4
243 98 5
278 98 6
256 98 7
258 98 8
258 98 9
226 98 10
249 98 11
252 98 12
279 98 13
238 98 14
247 98 15
250 98 16
258 98 17
256 98 18
256 98 19
247 98 20
257 98 21
248 98 22
253 98 23
256 98 24
255 98 25
257 98 26
267 98 27
245 98 28
254 98 29
250 98 30
233 98 31
270 98 32
255 98 33
260 98 34
261 98 35
261 98 36
256 98 37
257 98 38
256 98 39
256 98 40
258 98 41
261 98 42
254 98 43
283 98 44
270 98 45
263 98 46
246 98 47
265 98 48
255 98 49
277 98 50
254 98 51
249 98 52
268 98 53
259 98 54
236 98 55
263 98 56
244 98 57
251 98 58
266 98 59
253 98 60
244 98 61
270 98 62
259 98 63
267 98 64
227 98 65
237 98 66
260 98 67
242 98 68
254 98 69
262 98 70
271 98 71
248 98 72
264 98 73
247 98 74
246 98 75
249 98 76
251 98 77
259 98 78
268 98 79
257 98 80
256 98 81
251 98 82
249 98 83
244 98 84
267 98 85
257 98 86
258 98 87
241 98 88
278 98 89
245 98 90
263 98 91
250 98 92
254 98 93
253 98 94
269 98 95
255 98 96
244 98 97
258 98 98
259 98 99
258 98 100
261 99 1
240 99 2
270 99 3
257 99 4
242 99 5
274 99 6
253 99 7
254 99 8
247 99 9
227 99 10
250 99 11
250 99 12
279 99 13
236 99 14
243 99 15
249 99 16
250 99 17
248 99 18
255 99 19
242 99 20
252 99 21
244 99 22
255 99 23
254 99 24
256 99 25
252 99 26
268 99 27
242 99 28
254 99 29
252 99 30
232 99 31
268 99 32
254 99 33
253 99 34
257 99 35
256 99 36
254 99 37
254 99 38
251 99 39
257 99 40
253 99 41
256 99 42
249 99 43
285 99 44
262 99 45
263 99 46
245 99 47
259 99 48
250 99 49
275 99 50
249 99 51
247 99 52
262 99 53
261 99 54
233 99 55
262 99 56
241 99 57
249 99 58
263 99 59
252 99 60
240 99 61
264 99 62
255 99 63
269 99 64
224 99 65
236 99 66
247 99 67
237 99 68
253 99 69
264 99 70
266 99 71
248 99 72
258 99 73
245 99 74
245 99 75
249 99 76
252 99 77
256 99 78
264 99 79
257 99 80
251 99 81
253 99 82
248 99 83
243 99 84
267 99 85
260 99 86
253 99 87
242 99 88
275 99 89
242 99 90
255 99 91
247 99 92
254 99 93
250 99 94
266 99 95
252 99 96
240 99 97
243 99 98
260 99 99
248 99 100
257 100 1
244 100 2
268 100 3
253 100 4
243 100 5
269 100 6
257 100 7
255 100 8
252 100 9
221 100 10
251 100 11
250 100 12
270 100 13
237 100 14
248 100 15
245 100 16
254 100 17
255 100 18
249 100 19
250 100 20
251 100 21
247 100 22
248 100 23
251 100 24
255 100 25
256 100 26
266 100 27
247 100 28
253 100 29
254 100 30
237 100 31
271 100 32
258 100 33
263 100 34
261 100 35
257 100 36
254 100 37
255 100 38
256 100 39
256 100 40
252 100 41
257 100 42
250 100 43
281 100 44
267 100 45
257 100 46
245 100 47
261 100 48
255 100 49
273 100 50
247 100 51
249 100 52
261 100 53
260 100 54
232 100 55
260 100 56
242 100 57
246 100 58
265 100 59
249 100 60
252 100 61
259 100 62
258 100 63
266 100 64
227 100 65
239 100 66
254 100 67
236 100 68
258 100 69
257 100 70
268 100 71
250 100 72
257 100 73
244 100 74
244 100 75
250 100 76
249 100 77
261 100 78
264 100 79
251 100 80
256 100 81
251 100 82
249 100 83
240 100 84
266 100 85
258 100 86
259 100 87
242 100 88
274 100 89
245 100 90
257 100 91
245 100 92
257 100 93
253 100 94
267 100 95
252 100 96
239 100 97
246 100 98
250 100 99
266 100 100
