128 1 1
128 1 2
119 1 3
127 1 4
125 1 5
120 1 6
120 1 7
127 1 8
128 1 9
127 1 10
121 1 11
120 1 12
119 1 13
125 1 14
126 1 15
126 1 16
122 1 17
116 1 18
124 1 19
119 1 20
122 1 21
119 1 22
118 1 23
123 1 24
125 1 25
124 1 26
120 1 27
123 1 28
125 1 29
124 1 30
124 1 31
126 1 32
120 1 33
119 1 34
120 1 35
120 1 36
120 1 37
123 1 38
125 1 39
121 1 40
126 1 41
121 1 42
124 1 43
115 1 44
117 1 45
123 1 46
123 1 47
127 1 48
125 1 49
121 1 50
126 1 51
119 1 52
126 1 53
119 1 54
127 1 55
122 1 56
125 1 57
126 1 58
126 1 59
124 1 60
120 1 61
119 1 62
121 1 63
121 1 64
125 1 65
127 1 66
122 1 67
126 1 68
124 1 69
126 1 70
125 1 71
122 1 72
120 1 73
125 1 74
126 1 75
122 1 76
127 1 77
121 1 78
122 1 79
126 1 80
127 1 81
125 1 82
123 1 83
126 1 84
124 1 85
122 1 86
128 1 87
126 1 88
120 1 89
120 1 90
121 1 91
123 1 92
121 1 93
123 1 94
117 1 95
124 1 96
125 1 97
125 1 98
125 1 99
121 1 100
128 2 1
127 2 2
121 2 3
128 2 4
125 2 5
123 2 6
122 2 7
127 2 8
127 2 9
128 2 10
122 2 11
122 2 12
120 2 13
127 2 14
126 2 15
128 2 16
122 2 17
117 2 18
125 2 19
122 2 20
125 2 21
118 2 22
120 2 23
125 2 24
126 2 25
126 2 26
121 2 27
123 2 28
126 2 29
125 2 30
124 2 31
126 2 32
122 2 33
120 2 34
120 2 35
122 2 36
120 2 37
124 2 38
126 2 39
124 2 40
126 2 41
122 2 42
125 2 43
117 2 44
120 2 45
124 2 46
125 2 47
127 2 48
125 2 49
123 2 50
127 2 51
121 2 52
127 2 53
121 2 54
126 2 55
122 2 56
126 2 57
127 2 58
127 2 59
123 2 60
121 2 61
120 2 62
120 2 63
123 2 64
126 2 65
128 2 66
123 2 67
126 2 68
124 2 69
127 2 70
126 2 71
123 2 72
121 2 73
126 2 74
126 2 75
124 2 76
128 2 77
124 2 78
123 2 79
127 2 80
127 2 81
126 2 82
124 2 83
127 2 84
125 2 85
124 2 86
127 2 87
126 2 88
121 2 89
123 2 90
123 2 91
125 2 92
122 2 93
125 2 94
119 2 95
125 2 96
126 2 97
127 2 98
126 2 99
122 2 100
128 3 1
128 3 2
127 3 3
128 3 4
128 3 5
128 3 6
128 3 7
128 3 8
128 3 9
128 3 10
127 3 11
128 3 12
127 3 13
127 3 14
128 3 15
128 3 16
127 3 17
127 3 18
128 3 19
127 3 20
128 3 21
127 3 22
127 3 23
127 3 24
127 3 25
128 3 26
128 3 27
128 3 28
127 3 29
127 3 30
127 3 31
127 3 32
127 3 33
126 3 34
126 3 35
127 3 36
128 3 37
128 3 38
128 3 39
127 3 40
127 3 41
128 3 42
127 3 43
127 3 44
127 3 45
128 3 46
128 3 47
128 3 48
128 3 49
128 3 50
128 3 51
127 3 52
127 3 53
128 3 54
127 3 55
127 3 56
128 3 57
128 3 58
128 3 59
128 3 60
127 3 61
128 3 62
127 3 63
128 3 64
128 3 65
128 3 66
128 3 67
127 3 68
128 3 69
127 3 70
128 3 71
127 3 72
127 3 73
127 3 74
127 3 75
127 3 76
128 3 77
127 3 78
128 3 79
128 3 80
128 3 81
127 3 82
128 3 83
127 3 84
128 3 85
127 3 86
128 3 87
128 3 88
128 3 89
128 3 90
128 3 91
128 3 92
128 3 93
128 3 94
127 3 95
127 3 96
128 3 97
128 3 98
128 3 99
127 3 100
128 4 1
128 4 2
121 4 3
128 4 4
128 4 5
125 4 6
126 4 7
128 4 8
128 4 9
128 4 10
124 4 11
125 4 12
122 4 13
127 4 14
128 4 15
127 4 16
126 4 17
122 4 18
128 4 19
124 4 20
127 4 21
124 4 22
121 4 23
127 4 24
128 4 25
127 4 26
123 4 27
127 4 28
128 4 29
128 4 30
127 4 31
128 4 32
125 4 33
123 4 34
124 4 35
127 4 36
123 4 37
127 4 38
128 4 39
125 4 40
128 4 41
125 4 42
127 4 43
119 4 44
122 4 45
128 4 46
128 4 47
128 4 48
127 4 49
126 4 50
128 4 51
126 4 52
128 4 53
125 4 54
128 4 55
127 4 56
128 4 57
128 4 58
128 4 59
126 4 60
127 4 61
123 4 62
124 4 63
124 4 64
128 4 65
128 4 66
128 4 67
128 4 68
126 4 69
127 4 70
127 4 71
128 4 72
123 4 73
128 4 74
128 4 75
127 4 76
128 4 77
127 4 78
126 4 79
128 4 80
128 4 81
128 4 82
128 4 83
128 4 84
127 4 85
127 4 86
128 4 87
128 4 88
122 4 89
125 4 90
125 4 91
127 4 92
125 4 93
127 4 94
123 4 95
128 4 96
127 4 97
127 4 98
127 4 99
125 4 100
128 5 1
128 5 2
124 5 3
128 5 4
127 5 5
126 5 6
126 5 7
128 5 8
128 5 9
128 5 10
125 5 11
125 5 12
123 5 13
127 5 14
127 5 15
128 5 16
126 5 17
124 5 18
127 5 19
125 5 20
127 5 21
124 5 22
125 5 23
126 5 24
127 5 25
128 5 26
125 5 27
126 5 28
127 5 29
126 5 30
127 5 31
127 5 32
125 5 33
123 5 34
123 5 35
125 5 36
125 5 37
127 5 38
127 5 39
126 5 40
127 5 41
126 5 42
127 5 43
124 5 44
123 5 45
127 5 46
127 5 47
128 5 48
127 5 49
126 5 50
128 5 51
125 5 52
127 5 53
126 5 54
127 5 55
125 5 56
127 5 57
128 5 58
128 5 59
126 5 60
126 5 61
125 5 62
126 5 63
126 5 64
127 5 65
128 5 66
127 5 67
127 5 68
127 5 69
127 5 70
128 5 71
126 5 72
125 5 73
127 5 74
127 5 75
126 5 76
128 5 77
126 5 78
126 5 79
127 5 80
128 5 81
126 5 82
127 5 83
127 5 84
127 5 85
126 5 86
128 5 87
128 5 88
126 5 89
125 5 90
127 5 91
128 5 92
126 5 93
127 5 94
124 5 95
127 5 96
127 5 97
128 5 98
127 5 99
125 5 100
127 6 1
127 6 2
125 6 3
127 6 4
128 6 5
127 6 6
127 6 7
128 6 8
128 6 9
127 6 10
127 6 11
127 6 12
126 6 13
126 6 14
128 6 15
127 6 16
127 6 17
125 6 18
127 6 19
127 6 20
127 6 21
125 6 22
124 6 23
126 6 24
127 6 25
127 6 26
126 6 27
127 6 28
126 6 29
126 6 30
126 6 31
126 6 32
126 6 33
125 6 34
124 6 35
126 6 36
127 6 37
128 6 38
127 6 39
127 6 40
127 6 41
127 6 42
127 6 43
123 6 44
125 6 45
128 6 46
127 6 47
127 6 48
127 6 49
128 6 50
127 6 51
126 6 52
127 6 53
127 6 54
127 6 55
127 6 56
128 6 57
127 6 58
128 6 59
127 6 60
126 6 61
128 6 62
125 6 63
126 6 64
128 6 65
127 6 66
127 6 67
126 6 68
127 6 69
127 6 70
127 6 71
126 6 72
125 6 73
126 6 74
127 6 75
126 6 76
128 6 77
127 6 78
127 6 79
128 6 80
127 6 81
126 6 82
128 6 83
126 6 84
128 6 85
126 6 86
127 6 87
127 6 88
125 6 89
127 6 90
127 6 91
127 6 92
127 6 93
128 6 94
125 6 95
126 6 96
127 6 97
127 6 98
128 6 99
126 6 100
128 7 1
128 7 2
123 7 3
128 7 4
128 7 5
127 7 6
128 7 7
128 7 8
128 7 9
128 7 10
125 7 11
127 7 12
124 7 13
127 7 14
128 7 15
128 7 16
126 7 17
123 7 18
128 7 19
125 7 20
128 7 21
124 7 22
123 7 23
127 7 24
127 7 25
128 7 26
125 7 27
128 7 28
127 7 29
127 7 30
127 7 31
127 7 32
125 7 33
123 7 34
124 7 35
127 7 36
125 7 37
128 7 38
128 7 39
126 7 40
127 7 41
127 7 42
127 7 43
121 7 44
123 7 45
128 7 46
128 7 47
128 7 48
128 7 49
128 7 50
128 7 51
125 7 52
127 7 53
125 7 54
127 7 55
127 7 56
128 7 57
128 7 58
128 7 59
127 7 60
126 7 61
125 7 62
124 7 63
125 7 64
128 7 65
128 7 66
128 7 67
127 7 68
128 7 69
127 7 70
128 7 71
127 7 72
124 7 73
127 7 74
127 7 75
127 7 76
128 7 77
127 7 78
127 7 79
128 7 80
128 7 81
127 7 82
128 7 83
127 7 84
128 7 85
127 7 86
128 7 87
128 7 88
124 7 89
127 7 90
126 7 91
128 7 92
127 7 93
128 7 94
124 7 95
127 7 96
128 7 97
128 7 98
128 7 99
126 7 100
128 8 1
128 8 2
119 8 3
128 8 4
128 8 5
123 8 6
124 8 7
127 8 8
128 8 9
128 8 10
122 8 11
124 8 12
120 8 13
126 8 14
128 8 15
126 8 16
125 8 17
120 8 18
128 8 19
121 8 20
126 8 21
122 8 22
119 8 23
126 8 24
128 8 25
125 8 26
120 8 27
126 8 28
128 8 29
127 8 30
124 8 31
128 8 32
123 8 33
121 8 34
122 8 35
125 8 36
122 8 37
125 8 38
127 8 39
123 8 40
127 8 41
123 8 42
125 8 43
116 8 44
120 8 45
126 8 46
127 8 47
127 8 48
125 8 49
125 8 50
128 8 51
123 8 52
128 8 53
123 8 54
128 8 55
126 8 56
127 8 57
128 8 58
127 8 59
124 8 60
124 8 61
122 8 62
121 8 63
122 8 64
128 8 65
128 8 66
126 8 67
128 8 68
124 8 69
126 8 70
125 8 71
126 8 72
121 8 73
128 8 74
128 8 75
126 8 76
128 8 77
126 8 78
124 8 79
128 8 80
128 8 81
127 8 82
126 8 83
128 8 84
125 8 85
126 8 86
128 8 87
127 8 88
120 8 89
124 8 90
123 8 91
125 8 92
122 8 93
125 8 94
122 8 95
127 8 96
126 8 97
126 8 98
127 8 99
122 8 100
127 9 1
128 9 2
116 9 3
125 9 4
124 9 5
119 9 6
120 9 7
124 9 8
127 9 9
128 9 10
119 9 11
121 9 12
117 9 13
123 9 14
124 9 15
123 9 16
120 9 17
117 9 18
124 9 19
118 9 20
121 9 21
117 9 22
116 9 23
123 9 24
125 9 25
121 9 26
117 9 27
121 9 28
124 9 29
123 9 30
121 9 31
126 9 32
118 9 33
118 9 34
118 9 35
120 9 36
118 9 37
121 9 38
124 9 39
119 9 40
124 9 41
118 9 42
121 9 43
113 9 44
118 9 45
121 9 46
122 9 47
124 9 48
121 9 49
121 9 50
126 9 51
119 9 52
126 9 53
119 9 54
128 9 55
121 9 56
123 9 57
125 9 58
123 9 59
121 9 60
120 9 61
117 9 62
117 9 63
118 9 64
124 9 65
126 9 66
123 9 67
126 9 68
120 9 69
123 9 70
122 9 71
122 9 72
118 9 73
126 9 74
127 9 75
120 9 76
128 9 77
121 9 78
119 9 79
125 9 80
127 9 81
123 9 82
122 9 83
128 9 84
121 9 85
121 9 86
126 9 87
123 9 88
116 9 89
120 9 90
119 9 91
121 9 92
117 9 93
123 9 94
117 9 95
123 9 96
123 9 97
123 9 98
122 9 99
120 9 100
128 10 1
128 10 2
118 10 3
127 10 4
126 10 5
121 10 6
122 10 7
126 10 8
128 10 9
128 10 10
121 10 11
122 10 12
119 10 13
125 10 14
127 10 15
125 10 16
122 10 17
118 10 18
126 10 19
120 10 20
123 10 21
119 10 22
118 10 23
125 10 24
127 10 25
124 10 26
119 10 27
123 10 28
127 10 29
124 10 30
123 10 31
128 10 32
120 10 33
120 10 34
120 10 35
122 10 36
119 10 37
123 10 38
126 10 39
122 10 40
126 10 41
121 10 42
124 10 43
115 10 44
119 10 45
123 10 46
124 10 47
126 10 48
123 10 49
123 10 50
128 10 51
121 10 52
127 10 53
121 10 54
128 10 55
123 10 56
126 10 57
128 10 58
125 10 59
122 10 60
122 10 61
119 10 62
119 10 63
121 10 64
126 10 65
128 10 66
124 10 67
128 10 68
122 10 69
125 10 70
124 10 71
124 10 72
120 10 73
128 10 74
128 10 75
123 10 76
128 10 77
123 10 78
121 10 79
126 10 80
128 10 81
125 10 82
124 10 83
128 10 84
123 10 85
123 10 86
128 10 87
125 10 88
118 10 89
122 10 90
121 10 91
123 10 92
119 10 93
124 10 94
119 10 95
125 10 96
124 10 97
125 10 98
124 10 99
121 10 100
126 11 1
126 11 2
126 11 3
126 11 4
126 11 5
126 11 6
127 11 7
127 11 8
126 11 9
127 11 10
127 11 11
126 11 12
126 11 13
127 11 14
128 11 15
127 11 16
126 11 17
126 11 18
127 11 19
126 11 20
126 11 21
126 11 22
125 11 23
126 11 24
126 11 25
128 11 26
127 11 27
128 11 28
126 11 29
126 11 30
127 11 31
127 11 32
127 11 33
127 11 34
127 11 35
127 11 36
127 11 37
126 11 38
128 11 39
126 11 40
126 11 41
126 11 42
126 11 43
126 11 44
127 11 45
127 11 46
126 11 47
128 11 48
127 11 49
128 11 50
127 11 51
126 11 52
127 11 53
127 11 54
127 11 55
127 11 56
126 11 57
126 11 58
127 11 59
128 11 60
126 11 61
126 11 62
126 11 63
127 11 64
126 11 65
126 11 66
126 11 67
126 11 68
126 11 69
126 11 70
127 11 71
126 11 72
126 11 73
126 11 74
127 11 75
126 11 76
126 11 77
127 11 78
127 11 79
127 11 80
126 11 81
127 11 82
127 11 83
126 11 84
127 11 85
126 11 86
126 11 87
126 11 88
126 11 89
126 11 90
126 11 91
128 11 92
126 11 93
128 11 94
126 11 95
127 11 96
128 11 97
126 11 98
126 11 99
126 11 100
128 12 1
128 12 2
128 12 3
128 12 4
128 12 5
128 12 6
128 12 7
128 12 8
128 12 9
128 12 10
128 12 11
128 12 12
128 12 13
128 12 14
128 12 15
128 12 16
128 12 17
128 12 18
128 12 19
128 12 20
128 12 21
128 12 22
128 12 23
128 12 24
128 12 25
128 12 26
128 12 27
128 12 28
128 12 29
128 12 30
128 12 31
128 12 32
128 12 33
128 12 34
128 12 35
128 12 36
128 12 37
128 12 38
128 12 39
128 12 40
128 12 41
128 12 42
128 12 43
128 12 44
128 12 45
128 12 46
128 12 47
128 12 48
128 12 49
128 12 50
128 12 51
128 12 52
128 12 53
128 12 54
128 12 55
128 12 56
128 12 57
128 12 58
128 12 59
128 12 60
128 12 61
128 12 62
128 12 63
128 12 64
128 12 65
128 12 66
128 12 67
128 12 68
128 12 69
128 12 70
128 12 71
128 12 72
128 12 73
128 12 74
128 12 75
128 12 76
128 12 77
128 12 78
128 12 79
128 12 80
128 12 81
128 12 82
128 12 83
128 12 84
128 12 85
128 12 86
128 12 87
128 12 88
128 12 89
128 12 90
128 12 91
128 12 92
128 12 93
128 12 94
128 12 95
128 12 96
128 12 97
128 12 98
128 12 99
128 12 100
128 13 1
127 13 2
128 13 3
127 13 4
128 13 5
127 13 6
128 13 7
127 13 8
127 13 9
127 13 10
127 13 11
127 13 12
128 13 13
127 13 14
127 13 15
127 13 16
128 13 17
128 13 18
127 13 19
128 13 20
128 13 21
128 13 22
127 13 23
128 13 24
127 13 25
127 13 26
127 13 27
127 13 28
128 13 29
128 13 30
127 13 31
127 13 32
127 13 33
128 13 34
127 13 35
127 13 36
127 13 37
127 13 38
127 13 39
127 13 40
127 13 41
127 13 42
127 13 43
127 13 44
128 13 45
127 13 46
127 13 47
127 13 48
127 13 49
128 13 50
127 13 51
128 13 52
127 13 53
127 13 54
127 13 55
127 13 56
127 13 57
127 13 58
127 13 59
127 13 60
128 13 61
127 13 62
128 13 63
127 13 64
127 13 65
128 13 66
127 13 67
127 13 68
127 13 69
128 13 70
127 13 71
127 13 72
128 13 73
127 13 74
127 13 75
128 13 76
128 13 77
127 13 78
127 13 79
127 13 80
128 13 81
128 13 82
127 13 83
127 13 84
127 13 85
128 13 86
127 13 87
127 13 88
127 13 89
127 13 90
128 13 91
128 13 92
128 13 93
127 13 94
127 13 95
127 13 96
128 13 97
127 13 98
127 13 99
128 13 100
128 14 1
128 14 2
122 14 3
128 14 4
128 14 5
126 14 6
127 14 7
128 14 8
128 14 9
128 14 10
125 14 11
126 14 12
123 14 13
128 14 14
128 14 15
128 14 16
127 14 17
122 14 18
128 14 19
125 14 20
128 14 21
124 14 22
122 14 23
128 14 24
128 14 25
128 14 26
124 14 27
127 14 28
128 14 29
128 14 30
128 14 31
128 14 32
126 14 33
124 14 34
124 14 35
127 14 36
124 14 37
128 14 38
128 14 39
126 14 40
128 14 41
126 14 42
128 14 43
120 14 44
123 14 45
128 14 46
128 14 47
128 14 48
128 14 49
127 14 50
128 14 51
126 14 52
128 14 53
125 14 54
128 14 55
127 14 56
128 14 57
128 14 58
128 14 59
126 14 60
127 14 61
124 14 62
124 14 63
125 14 64
128 14 65
128 14 66
128 14 67
128 14 68
127 14 69
128 14 70
128 14 71
128 14 72
124 14 73
128 14 74
128 14 75
128 14 76
128 14 77
128 14 78
126 14 79
128 14 80
128 14 81
128 14 82
128 14 83
128 14 84
128 14 85
128 14 86
128 14 87
128 14 88
123 14 89
126 14 90
125 14 91
128 14 92
126 14 93
128 14 94
124 14 95
128 14 96
128 14 97
128 14 98
128 14 99
126 14 100
127 15 1
127 15 2
122 15 3
127 15 4
128 15 5
126 15 6
126 15 7
128 15 8
128 15 9
127 15 10
126 15 11
125 15 12
124 15 13
127 15 14
128 15 15
127 15 16
128 15 17
122 15 18
127 15 19
126 15 20
127 15 21
123 15 22
122 15 23
127 15 24
128 15 25
127 15 26
124 15 27
126 15 28
127 15 29
127 15 30
127 15 31
127 15 32
126 15 33
125 15 34
123 15 35
126 15 36
125 15 37
128 15 38
127 15 39
127 15 40
128 15 41
126 15 42
128 15 43
120 15 44
123 15 45
128 15 46
127 15 47
127 15 48
127 15 49
127 15 50
127 15 51
126 15 52
128 15 53
126 15 54
128 15 55
127 15 56
128 15 57
127 15 58
128 15 59
125 15 60
127 15 61
125 15 62
124 15 63
125 15 64
128 15 65
127 15 66
127 15 67
127 15 68
126 15 69
128 15 70
127 15 71
127 15 72
123 15 73
127 15 74
128 15 75
127 15 76
128 15 77
128 15 78
126 15 79
128 15 80
127 15 81
127 15 82
128 15 83
127 15 84
128 15 85
127 15 86
127 15 87
127 15 88
123 15 89
125 15 90
125 15 91
127 15 92
126 15 93
128 15 94
124 15 95
127 15 96
127 15 97
127 15 98
128 15 99
125 15 100
128 16 1
128 16 2
118 16 3
127 16 4
127 16 5
122 16 6
123 16 7
126 16 8
128 16 9
128 16 10
121 16 11
123 16 12
120 16 13
125 16 14
128 16 15
125 16 16
123 16 17
119 16 18
127 16 19
120 16 20
124 16 21
120 16 22
119 16 23
126 16 24
127 16 25
124 16 26
119 16 27
124 16 28
127 16 29
125 16 30
123 16 31
128 16 32
121 16 33
121 16 34
120 16 35
123 16 36
120 16 37
124 16 38
127 16 39
122 16 40
126 16 41
122 16 42
124 16 43
115 16 44
120 16 45
124 16 46
125 16 47
126 16 48
124 16 49
124 16 50
128 16 51
122 16 52
127 16 53
122 16 54
128 16 55
124 16 56
127 16 57
128 16 58
125 16 59
122 16 60
123 16 61
120 16 62
119 16 63
122 16 64
127 16 65
128 16 66
125 16 67
128 16 68
122 16 69
125 16 70
124 16 71
125 16 72
120 16 73
128 16 74
128 16 75
124 16 76
128 16 77
124 16 78
122 16 79
127 16 80
128 16 81
126 16 82
125 16 83
128 16 84
124 16 85
124 16 86
128 16 87
125 16 88
119 16 89
123 16 90
121 16 91
123 16 92
120 16 93
125 16 94
120 16 95
125 16 96
125 16 97
125 16 98
125 16 99
121 16 100
127 17 1
127 17 2
127 17 3
127 17 4
127 17 5
127 17 6
127 17 7
127 17 8
127 17 9
127 17 10
128 17 11
127 17 12
127 17 13
127 17 14
127 17 15
127 17 16
128 17 17
127 17 18
127 17 19
127 17 20
127 17 21
128 17 22
127 17 23
127 17 24
128 17 25
127 17 26
127 17 27
127 17 28
127 17 29
128 17 30
128 17 31
128 17 32
128 17 33
128 17 34
128 17 35
128 17 36
127 17 37
127 17 38
127 17 39
127 17 40
128 17 41
127 17 42
128 17 43
127 17 44
128 17 45
127 17 46
127 17 47
127 17 48
127 17 49
127 17 50
127 17 51
128 17 52
127 17 53
127 17 54
127 17 55
127 17 56
127 17 57
127 17 58
127 17 59
127 17 60
127 17 61
127 17 62
127 17 63
127 17 64
127 17 65
127 17 66
127 17 67
128 17 68
127 17 69
127 17 70
127 17 71
128 17 72
128 17 73
128 17 74
128 17 75
128 17 76
127 17 77
127 17 78
127 17 79
127 17 80
127 17 81
127 17 82
127 17 83
127 17 84
127 17 85
127 17 86
127 17 87
127 17 88
127 17 89
127 17 90
127 17 91
127 17 92
127 17 93
127 17 94
127 17 95
128 17 96
127 17 97
127 17 98
127 17 99
128 17 100
127 18 1
127 18 2
126 18 3
127 18 4
126 18 5
127 18 6
126 18 7
127 18 8
126 18 9
126 18 10
126 18 11
127 18 12
125 18 13
127 18 14
126 18 15
126 18 16
126 18 17
125 18 18
127 18 19
127 18 20
127 18 21
128 18 22
124 18 23
128 18 24
126 18 25
126 18 26
125 18 27
126 18 28
127 18 29
127 18 30
128 18 31
127 18 32
127 18 33
125 18 34
125 18 35
126 18 36
126 18 37
126 18 38
128 18 39
128 18 40
126 18 41
127 18 42
127 18 43
124 18 44
127 18 45
127 18 46
126 18 47
128 18 48
128 18 49
127 18 50
126 18 51
126 18 52
127 18 53
125 18 54
126 18 55
127 18 56
126 18 57
127 18 58
127 18 59
126 18 60
126 18 61
128 18 62
126 18 63
126 18 64
126 18 65
126 18 66
128 18 67
126 18 68
128 18 69
126 18 70
127 18 71
126 18 72
128 18 73
127 18 74
128 18 75
126 18 76
126 18 77
126 18 78
127 18 79
127 18 80
127 18 81
126 18 82
126 18 83
127 18 84
128 18 85
127 18 86
127 18 87
128 18 88
125 18 89
126 18 90
127 18 91
126 18 92
126 18 93
128 18 94
126 18 95
126 18 96
128 18 97
127 18 98
126 18 99
128 18 100
128 19 1
128 19 2
127 19 3
128 19 4
128 19 5
128 19 6
128 19 7
128 19 8
128 19 9
128 19 10
127 19 11
128 19 12
127 19 13
127 19 14
128 19 15
128 19 16
127 19 17
125 19 18
128 19 19
127 19 20
128 19 21
126 19 22
125 19 23
127 19 24
127 19 25
128 19 26
128 19 27
128 19 28
127 19 29
127 19 30
127 19 31
127 19 32
127 19 33
126 19 34
126 19 35
127 19 36
128 19 37
128 19 38
128 19 39
127 19 40
127 19 41
128 19 42
127 19 43
125 19 44
127 19 45
128 19 46
128 19 47
128 19 48
128 19 49
128 19 50
128 19 51
127 19 52
127 19 53
128 19 54
127 19 55
127 19 56
128 19 57
128 19 58
128 19 59
128 19 60
127 19 61
128 19 62
127 19 63
128 19 64
128 19 65
128 19 66
128 19 67
127 19 68
128 19 69
127 19 70
128 19 71
127 19 72
126 19 73
127 19 74
127 19 75
127 19 76
128 19 77
127 19 78
128 19 79
128 19 80
128 19 81
127 19 82
128 19 83
127 19 84
128 19 85
127 19 86
128 19 87
128 19 88
126 19 89
128 19 90
128 19 91
128 19 92
128 19 93
128 19 94
127 19 95
127 19 96
128 19 97
128 19 98
128 19 99
127 19 100
126 20 1
126 20 2
125 20 3
127 20 4
127 20 5
127 20 6
127 20 7
127 20 8
127 20 9
128 20 10
127 20 11
127 20 12
124 20 13
126 20 14
126 20 15
128 20 16
126 20 17
123 20 18
128 20 19
128 20 20
126 20 21
125 20 22
123 20 23
127 20 24
127 20 25
127 20 26
125 20 27
127 20 28
126 20 29
127 20 30
127 20 31
126 20 32
127 20 33
125 20 34
125 20 35
127 20 36
125 20 37
126 20 38
127 20 39
127 20 40
126 20 41
127 20 42
127 20 43
122 20 44
126 20 45
126 20 46
127 20 47
126 20 48
126 20 49
127 20 50
128 20 51
127 20 52
126 20 53
126 20 54
126 20 55
126 20 56
126 20 57
126 20 58
127 20 59
127 20 60
127 20 61
127 20 62
124 20 63
125 20 64
126 20 65
128 20 66
127 20 67
127 20 68
126 20 69
126 20 70
126 20 71
127 20 72
126 20 73
128 20 74
128 20 75
127 20 76
128 20 77
127 20 78
127 20 79
128 20 80
126 20 81
126 20 82
127 20 83
127 20 84
126 20 85
127 20 86
126 20 87
127 20 88
124 20 89
126 20 90
126 20 91
127 20 92
126 20 93
127 20 94
125 20 95
127 20 96
128 20 97
127 20 98
126 20 99
127 20 100
128 21 1
128 21 2
122 21 3
128 21 4
128 21 5
126 21 6
127 21 7
128 21 8
128 21 9
128 21 10
125 21 11
126 21 12
123 21 13
128 21 14
128 21 15
128 21 16
127 21 17
122 21 18
128 21 19
125 21 20
128 21 21
124 21 22
122 21 23
128 21 24
128 21 25
128 21 26
124 21 27
127 21 28
128 21 29
128 21 30
128 21 31
128 21 32
126 21 33
124 21 34
124 21 35
127 21 36
124 21 37
128 21 38
128 21 39
126 21 40
128 21 41
126 21 42
128 21 43
120 21 44
123 21 45
128 21 46
128 21 47
128 21 48
128 21 49
127 21 50
128 21 51
126 21 52
128 21 53
125 21 54
128 21 55
127 21 56
128 21 57
128 21 58
128 21 59
126 21 60
127 21 61
124 21 62
124 21 63
125 21 64
128 21 65
128 21 66
128 21 67
128 21 68
127 21 69
128 21 70
128 21 71
128 21 72
124 21 73
128 21 74
128 21 75
128 21 76
128 21 77
128 21 78
126 21 79
128 21 80
128 21 81
128 21 82
128 21 83
128 21 84
128 21 85
128 21 86
128 21 87
128 21 88
123 21 89
126 21 90
125 21 91
128 21 92
126 21 93
128 21 94
124 21 95
128 21 96
128 21 97
128 21 98
128 21 99
126 21 100
127 22 1
128 22 2
125 22 3
127 22 4
127 22 5
127 22 6
127 22 7
127 22 8
128 22 9
127 22 10
128 22 11
127 22 12
126 22 13
128 22 14
128 22 15
128 22 16
127 22 17
124 22 18
128 22 19
128 22 20
127 22 21
125 22 22
123 22 23
127 22 24
128 22 25
127 22 26
127 22 27
127 22 28
128 22 29
127 22 30
128 22 31
128 22 32
128 22 33
127 22 34
126 22 35
127 22 36
127 22 37
127 22 38
128 22 39
127 22 40
127 22 41
127 22 42
127 22 43
123 22 44
127 22 45
127 22 46
128 22 47
127 22 48
128 22 49
128 22 50
127 22 51
127 22 52
127 22 53
127 22 54
127 22 55
128 22 56
127 22 57
127 22 58
127 22 59
127 22 60
127 22 61
127 22 62
125 22 63
127 22 64
127 22 65
128 22 66
127 22 67
127 22 68
128 22 69
128 22 70
127 22 71
127 22 72
125 22 73
128 22 74
128 22 75
127 22 76
127 22 77
127 22 78
128 22 79
127 22 80
128 22 81
128 22 82
127 22 83
128 22 84
128 22 85
128 22 86
128 22 87
128 22 88
124 22 89
127 22 90
127 22 91
127 22 92
127 22 93
128 22 94
127 22 95
127 22 96
127 22 97
127 22 98
128 22 99
128 22 100
126 23 1
127 23 2
125 23 3
127 23 4
127 23 5
125 23 6
127 23 7
126 23 8
126 23 9
126 23 10
126 23 11
126 23 12
125 23 13
128 23 14
126 23 15
127 23 16
126 23 17
123 23 18
126 23 19
126 23 20
127 23 21
125 23 22
122 23 23
127 23 24
127 23 25
126 23 26
125 23 27
127 23 28
127 23 29
127 23 30
127 23 31
126 23 32
125 23 33
126 23 34
127 23 35
127 23 36
125 23 37
127 23 38
127 23 39
127 23 40
127 23 41
126 23 42
126 23 43
123 23 44
124 23 45
127 23 46
127 23 47
126 23 48
127 23 49
127 23 50
127 23 51
125 23 52
126 23 53
125 23 54
127 23 55
126 23 56
127 23 57
126 23 58
128 23 59
126 23 60
125 23 61
124 23 62
124 23 63
125 23 64
127 23 65
127 23 66
128 23 67
126 23 68
127 23 69
127 23 70
127 23 71
126 23 72
125 23 73
128 23 74
127 23 75
126 23 76
127 23 77
128 23 78
126 23 79
127 23 80
127 23 81
127 23 82
127 23 83
127 23 84
127 23 85
128 23 86
127 23 87
127 23 88
122 23 89
127 23 90
124 23 91
127 23 92
127 23 93
126 23 94
124 23 95
128 23 96
126 23 97
127 23 98
127 23 99
126 23 100
126 24 1
126 24 2
117 24 3
124 24 4
123 24 5
119 24 6
122 24 7
123 24 8
125 24 9
127 24 10
118 24 11
120 24 12
116 24 13
122 24 14
124 24 15
123 24 16
120 24 17
115 24 18
124 24 19
119 24 20
121 24 21
117 24 22
116 24 23
125 24 24
126 24 25
122 24 26
117 24 27
123 24 28
125 24 29
124 24 30
120 24 31
126 24 32
117 24 33
117 24 34
118 24 35
120 24 36
116 24 37
120 24 38
126 24 39
122 24 40
123 24 41
119 24 42
122 24 43
112 24 44
116 24 45
120 24 46
122 24 47
124 24 48
120 24 49
122 24 50
126 24 51
119 24 52
125 24 53
120 24 54
125 24 55
121 24 56
124 24 57
125 24 58
123 24 59
120 24 60
120 24 61
117 24 62
116 24 63
119 24 64
123 24 65
126 24 66
124 24 67
126 24 68
119 24 69
122 24 70
122 24 71
123 24 72
118 24 73
126 24 74
127 24 75
121 24 76
126 24 77
120 24 78
121 24 79
125 24 80
126 24 81
124 24 82
123 24 83
128 24 84
121 24 85
123 24 86
125 24 87
123 24 88
117 24 89
120 24 90
118 24 91
120 24 92
116 24 93
123 24 94
116 24 95
123 24 96
123 24 97
123 24 98
122 24 99
120 24 100
127 25 1
127 25 2
122 25 3
127 25 4
126 25 5
125 25 6
124 25 7
127 25 8
127 25 9
127 25 10
125 25 11
124 25 12
122 25 13
127 25 14
127 25 15
127 25 16
127 25 17
119 25 18
126 25 19
124 25 20
125 25 21
122 25 22
122 25 23
127 25 24
128 25 25
126 25 26
123 25 27
124 25 28
127 25 29
127 25 30
127 25 31
128 25 32
126 25 33
125 25 34
122 25 35
125 25 36
122 25 37
126 25 38
127 25 39
125 25 40
128 25 41
124 25 42
127 25 43
119 25 44
123 25 45
125 25 46
125 25 47
127 25 48
127 25 49
125 25 50
127 25 51
125 25 52
127 25 53
123 25 54
127 25 55
124 25 56
127 25 57
127 25 58
126 25 59
123 25 60
125 25 61
122 25 62
122 25 63
125 25 64
127 25 65
127 25 66
125 25 67
128 25 68
124 25 69
127 25 70
127 25 71
126 25 72
124 25 73
128 25 74
128 25 75
127 25 76
127 25 77
125 25 78
124 25 79
127 25 80
127 25 81
127 25 82
125 25 83
127 25 84
126 25 85
126 25 86
127 25 87
126 25 88
122 25 89
124 25 90
123 25 91
126 25 92
124 25 93
127 25 94
122 25 95
127 25 96
127 25 97
127 25 98
126 25 99
125 25 100
128 26 1
128 26 2
120 26 3
128 26 4
128 26 5
124 26 6
124 26 7
128 26 8
128 26 9
128 26 10
122 26 11
124 26 12
121 26 13
126 26 14
128 26 15
127 26 16
124 26 17
120 26 18
128 26 19
121 26 20
126 26 21
121 26 22
120 26 23
126 26 24
127 26 25
126 26 26
121 26 27
126 26 28
127 26 29
127 26 30
124 26 31
127 26 32
123 26 33
121 26 34
122 26 35
124 26 36
122 26 37
126 26 38
128 26 39
123 26 40
127 26 41
124 26 42
125 26 43
117 26 44
120 26 45
126 26 46
127 26 47
128 26 48
126 26 49
125 26 50
128 26 51
123 26 52
127 26 53
123 26 54
127 26 55
125 26 56
128 26 57
128 26 58
128 26 59
125 26 60
124 26 61
122 26 62
122 26 63
123 26 64
128 26 65
128 26 66
126 26 67
127 26 68
125 26 69
126 26 70
126 26 71
126 26 72
121 26 73
127 26 74
127 26 75
126 26 76
128 26 77
125 26 78
125 26 79
128 26 80
128 26 81
127 26 82
127 26 83
127 26 84
126 26 85
126 26 86
128 26 87
128 26 88
121 26 89
124 26 90
124 26 91
126 26 92
123 26 93
126 26 94
121 26 95
127 26 96
127 26 97
127 26 98
127 26 99
122 26 100
128 27 1
128 27 2
128 27 3
128 27 4
128 27 5
128 27 6
128 27 7
128 27 8
128 27 9
128 27 10
128 27 11
128 27 12
128 27 13
128 27 14
128 27 15
128 27 16
128 27 17
128 27 18
128 27 19
128 27 20
128 27 21
128 27 22
128 27 23
128 27 24
128 27 25
128 27 26
128 27 27
128 27 28
128 27 29
128 27 30
128 27 31
128 27 32
128 27 33
128 27 34
128 27 35
128 27 36
128 27 37
128 27 38
128 27 39
128 27 40
128 27 41
128 27 42
128 27 43
128 27 44
128 27 45
128 27 46
128 27 47
128 27 48
128 27 49
128 27 50
128 27 51
128 27 52
128 27 53
128 27 54
128 27 55
128 27 56
128 27 57
128 27 58
128 27 59
128 27 60
128 27 61
128 27 62
128 27 63
128 27 64
128 27 65
128 27 66
128 27 67
128 27 68
128 27 69
128 27 70
128 27 71
128 27 72
128 27 73
128 27 74
128 27 75
128 27 76
128 27 77
128 27 78
128 27 79
128 27 80
128 27 81
128 27 82
128 27 83
128 27 84
128 27 85
128 27 86
128 27 87
128 27 88
128 27 89
128 27 90
128 27 91
128 27 92
128 27 93
128 27 94
128 27 95
128 27 96
128 27 97
128 27 98
128 27 99
128 27 100
128 28 1
128 28 2
121 28 3
128 28 4
128 28 5
125 28 6
125 28 7
128 28 8
128 28 9
128 28 10
124 28 11
125 28 12
122 28 13
128 28 14
128 28 15
128 28 16
126 28 17
120 28 18
128 28 19
123 28 20
127 28 21
122 28 22
121 28 23
128 28 24
128 28 25
127 28 26
122 28 27
126 28 28
128 28 29
128 28 30
126 28 31
128 28 32
125 28 33
123 28 34
123 28 35
125 28 36
123 28 37
127 28 38
128 28 39
125 28 40
128 28 41
125 28 42
127 28 43
118 28 44
122 28 45
126 28 46
127 28 47
128 28 48
127 28 49
126 28 50
128 28 51
124 28 52
128 28 53
123 28 54
128 28 55
126 28 56
128 28 57
128 28 58
128 28 59
125 28 60
125 28 61
123 28 62
122 28 63
124 28 64
128 28 65
128 28 66
126 28 67
128 28 68
126 28 69
128 28 70
127 28 71
127 28 72
123 28 73
128 28 74
128 28 75
128 28 76
128 28 77
127 28 78
125 28 79
128 28 80
128 28 81
128 28 82
127 28 83
128 28 84
127 28 85
128 28 86
128 28 87
128 28 88
122 28 89
125 28 90
124 28 91
127 28 92
124 28 93
127 28 94
123 28 95
128 28 96
128 28 97
128 28 98
128 28 99
124 28 100
128 29 1
128 29 2
121 29 3
128 29 4
128 29 5
125 29 6
126 29 7
128 29 8
128 29 9
128 29 10
125 29 11
125 29 12
123 29 13
128 29 14
128 29 15
128 29 16
126 29 17
121 29 18
128 29 19
124 29 20
128 29 21
123 29 22
121 29 23
128 29 24
128 29 25
128 29 26
123 29 27
127 29 28
128 29 29
128 29 30
127 29 31
128 29 32
125 29 33
123 29 34
124 29 35
126 29 36
124 29 37
127 29 38
128 29 39
126 29 40
128 29 41
126 29 42
128 29 43
119 29 44
123 29 45
127 29 46
128 29 47
128 29 48
127 29 49
126 29 50
128 29 51
125 29 52
128 29 53
124 29 54
128 29 55
127 29 56
128 29 57
128 29 58
128 29 59
126 29 60
126 29 61
124 29 62
123 29 63
124 29 64
128 29 65
128 29 66
127 29 67
128 29 68
127 29 69
128 29 70
127 29 71
128 29 72
123 29 73
128 29 74
128 29 75
128 29 76
128 29 77
128 29 78
126 29 79
128 29 80
128 29 81
128 29 82
128 29 83
128 29 84
128 29 85
128 29 86
128 29 87
128 29 88
123 29 89
125 29 90
125 29 91
127 29 92
125 29 93
127 29 94
124 29 95
128 29 96
128 29 97
128 29 98
128 29 99
125 29 100
127 30 1
127 30 2
126 30 3
127 30 4
127 30 5
127 30 6
127 30 7
127 30 8
127 30 9
127 30 10
128 30 11
127 30 12
126 30 13
127 30 14
127 30 15
127 30 16
128 30 17
124 30 18
127 30 19
127 30 20
127 30 21
127 30 22
124 30 23
127 30 24
128 30 25
127 30 26
127 30 27
127 30 28
127 30 29
128 30 30
128 30 31
128 30 32
128 30 33
127 30 34
127 30 35
128 30 36
127 30 37
127 30 38
127 30 39
127 30 40
128 30 41
127 30 42
128 30 43
124 30 44
128 30 45
127 30 46
127 30 47
127 30 48
127 30 49
127 30 50
127 30 51
128 30 52
127 30 53
127 30 54
127 30 55
127 30 56
127 30 57
127 30 58
127 30 59
127 30 60
127 30 61
127 30 62
126 30 63
127 30 64
127 30 65
127 30 66
127 30 67
128 30 68
127 30 69
127 30 70
127 30 71
128 30 72
127 30 73
128 30 74
128 30 75
128 30 76
127 30 77
127 30 78
127 30 79
127 30 80
127 30 81
127 30 82
127 30 83
127 30 84
127 30 85
127 30 86
127 30 87
127 30 88
125 30 89
127 30 90
127 30 91
127 30 92
127 30 93
127 30 94
127 30 95
128 30 96
127 30 97
127 30 98
127 30 99
128 30 100
117 31 1
122 31 2
113 31 3
121 31 4
121 31 5
117 31 6
117 31 7
119 31 8
122 31 9
121 31 10
119 31 11
117 31 12
116 31 13
121 31 14
119 31 15
119 31 16
122 31 17
114 31 18
119 31 19
120 31 20
117 31 21
117 31 22
115 31 23
119 31 24
119 31 25
117 31 26
117 31 27
117 31 28
117 31 29
117 31 30
127 31 31
120 31 32
124 31 33
117 31 34
121 31 35
119 31 36
119 31 37
120 31 38
116 31 39
120 31 40
120 31 41
121 31 42
122 31 43
114 31 44
117 31 45
120 31 46
120 31 47
120 31 48
120 31 49
120 31 50
118 31 51
119 31 52
121 31 53
116 31 54
121 31 55
121 31 56
118 31 57
119 31 58
118 31 59
119 31 60
117 31 61
119 31 62
117 31 63
119 31 64
120 31 65
121 31 66
119 31 67
122 31 68
120 31 69
120 31 70
121 31 71
121 31 72
118 31 73
120 31 74
121 31 75
121 31 76
119 31 77
121 31 78
120 31 79
119 31 80
118 31 81
118 31 82
118 31 83
118 31 84
119 31 85
117 31 86
122 31 87
118 31 88
118 31 89
118 31 90
119 31 91
119 31 92
121 31 93
120 31 94
120 31 95
122 31 96
117 31 97
120 31 98
120 31 99
119 31 100
127 32 1
127 32 2
119 32 3
127 32 4
128 32 5
123 32 6
123 32 7
128 32 8
127 32 9
127 32 10
123 32 11
123 32 12
121 32 13
126 32 14
128 32 15
126 32 16
124 32 17
120 32 18
127 32 19
121 32 20
125 32 21
121 32 22
119 32 23
126 32 24
127 32 25
125 32 26
120 32 27
125 32 28
128 32 29
128 32 30
124 32 31
127 32 32
124 32 33
121 32 34
122 32 35
124 32 36
122 32 37
125 32 38
127 32 39
123 32 40
128 32 41
123 32 42
125 32 43
117 32 44
120 32 45
125 32 46
126 32 47
127 32 48
125 32 49
124 32 50
127 32 51
123 32 52
128 32 53
123 32 54
127 32 55
126 32 56
127 32 57
128 32 58
127 32 59
124 32 60
125 32 61
122 32 62
122 32 63
122 32 64
127 32 65
127 32 66
125 32 67
127 32 68
124 32 69
126 32 70
125 32 71
126 32 72
121 32 73
127 32 74
127 32 75
127 32 76
127 32 77
125 32 78
125 32 79
127 32 80
127 32 81
127 32 82
126 32 83
127 32 84
125 32 85
126 32 86
127 32 87
127 32 88
121 32 89
124 32 90
124 32 91
125 32 92
122 32 93
125 32 94
121 32 95
127 32 96
127 32 97
126 32 98
126 32 99
123 32 100
128 33 1
128 33 2
127 33 3
128 33 4
128 33 5
128 33 6
128 33 7
128 33 8
128 33 9
128 33 10
128 33 11
128 33 12
128 33 13
128 33 14
128 33 15
128 33 16
128 33 17
125 33 18
128 33 19
128 33 20
128 33 21
126 33 22
124 33 23
128 33 24
128 33 25
128 33 26
128 33 27
128 33 28
128 33 29
128 33 30
128 33 31
128 33 32
128 33 33
128 33 34
128 33 35
128 33 36
127 33 37
128 33 38
128 33 39
128 33 40
128 33 41
128 33 42
128 33 43
125 33 44
127 33 45
128 33 46
128 33 47
128 33 48
128 33 49
128 33 50
128 33 51
128 33 52
128 33 53
127 33 54
128 33 55
128 33 56
128 33 57
128 33 58
128 33 59
128 33 60
128 33 61
127 33 62
127 33 63
127 33 64
128 33 65
128 33 66
128 33 67
128 33 68
128 33 69
128 33 70
128 33 71
128 33 72
126 33 73
128 33 74
128 33 75
128 33 76
128 33 77
128 33 78
128 33 79
128 33 80
128 33 81
128 33 82
128 33 83
128 33 84
128 33 85
128 33 86
128 33 87
128 33 88
125 33 89
128 33 90
127 33 91
128 33 92
128 33 93
128 33 94
127 33 95
128 33 96
128 33 97
128 33 98
128 33 99
128 33 100
127 34 1
127 34 2
127 34 3
127 34 4
127 34 5
127 34 6
127 34 7
127 34 8
127 34 9
127 34 10
128 34 11
127 34 12
127 34 13
127 34 14
127 34 15
127 34 16
128 34 17
127 34 18
127 34 19
127 34 20
127 34 21
128 34 22
127 34 23
127 34 24
128 34 25
127 34 26
127 34 27
127 34 28
127 34 29
128 34 30
128 34 31
128 34 32
128 34 33
128 34 34
128 34 35
128 34 36
127 34 37
127 34 38
127 34 39
127 34 40
128 34 41
127 34 42
128 34 43
127 34 44
128 34 45
127 34 46
127 34 47
127 34 48
127 34 49
127 34 50
127 34 51
128 34 52
127 34 53
127 34 54
127 34 55
127 34 56
127 34 57
127 34 58
127 34 59
127 34 60
127 34 61
127 34 62
127 34 63
127 34 64
127 34 65
127 34 66
127 34 67
128 34 68
127 34 69
127 34 70
127 34 71
128 34 72
128 34 73
128 34 74
128 34 75
128 34 76
127 34 77
127 34 78
127 34 79
127 34 80
127 34 81
127 34 82
127 34 83
127 34 84
127 34 85
127 34 86
127 34 87
127 34 88
127 34 89
127 34 90
127 34 91
127 34 92
127 34 93
127 34 94
127 34 95
128 34 96
127 34 97
127 34 98
127 34 99
128 34 100
128 35 1
128 35 2
123 35 3
128 35 4
126 35 5
125 35 6
125 35 7
127 35 8
127 35 9
128 35 10
125 35 11
124 35 12
123 35 13
127 35 14
128 35 15
128 35 16
126 35 17
122 35 18
126 35 19
126 35 20
126 35 21
124 35 22
124 35 23
128 35 24
127 35 25
127 35 26
125 35 27
126 35 28
127 35 29
126 35 30
127 35 31
127 35 32
125 35 33
125 35 34
122 35 35
125 35 36
124 35 37
127 35 38
127 35 39
126 35 40
128 35 41
125 35 42
127 35 43
123 35 44
124 35 45
127 35 46
127 35 47
127 35 48
127 35 49
125 35 50
127 35 51
125 35 52
127 35 53
125 35 54
128 35 55
126 35 56
127 35 57
128 35 58
126 35 59
124 35 60
126 35 61
124 35 62
125 35 63
126 35 64
127 35 65
128 35 66
126 35 67
127 35 68
126 35 69
128 35 70
127 35 71
126 35 72
125 35 73
128 35 74
127 35 75
126 35 76
127 35 77
126 35 78
125 35 79
128 35 80
128 35 81
127 35 82
126 35 83
128 35 84
127 35 85
126 35 86
128 35 87
126 35 88
125 35 89
125 35 90
126 35 91
126 35 92
125 35 93
127 35 94
124 35 95
126 35 96
127 35 97
128 35 98
126 35 99
125 35 100
128 36 1
128 36 2
125 36 3
128 36 4
128 36 5
128 36 6
128 36 7
128 36 8
128 36 9
128 36 10
127 36 11
128 36 12
126 36 13
127 36 14
128 36 15
128 36 16
127 36 17
124 36 18
128 36 19
127 36 20
128 36 21
125 36 22
124 36 23
127 36 24
127 36 25
128 36 26
127 36 27
128 36 28
127 36 29
127 36 30
127 36 31
127 36 32
127 36 33
125 36 34
125 36 35
127 36 36
126 36 37
128 36 38
128 36 39
127 36 40
127 36 41
128 36 42
127 36 43
123 36 44
125 36 45
128 36 46
128 36 47
128 36 48
128 36 49
128 36 50
128 36 51
127 36 52
127 36 53
126 36 54
127 36 55
127 36 56
128 36 57
128 36 58
128 36 59
128 36 60
127 36 61
127 36 62
125 36 63
126 36 64
128 36 65
128 36 66
128 36 67
127 36 68
128 36 69
127 36 70
128 36 71
127 36 72
125 36 73
127 36 74
127 36 75
127 36 76
128 36 77
127 36 78
128 36 79
128 36 80
128 36 81
127 36 82
128 36 83
127 36 84
128 36 85
127 36 86
128 36 87
128 36 88
125 36 89
128 36 90
127 36 91
128 36 92
128 36 93
128 36 94
125 36 95
127 36 96
128 36 97
128 36 98
128 36 99
127 36 100
127 37 1
128 37 2
125 37 3
127 37 4
127 37 5
127 37 6
128 37 7
127 37 8
127 37 9
127 37 10
126 37 11
128 37 12
127 37 13
126 37 14
128 37 15
127 37 16
126 37 17
125 37 18
127 37 19
126 37 20
128 37 21
125 37 22
125 37 23
127 37 24
126 37 25
127 37 26
128 37 27
128 37 28
127 37 29
126 37 30
126 37 31
126 37 32
126 37 33
125 37 34
125 37 35
126 37 36
127 37 37
128 37 38
128 37 39
127 37 40
126 37 41
127 37 42
126 37 43
125 37 44
125 37 45
128 37 46
128 37 47
128 37 48
128 37 49
127 37 50
127 37 51
126 37 52
126 37 53
126 37 54
127 37 55
126 37 56
127 37 57
127 37 58
127 37 59
127 37 60
127 37 61
126 37 62
126 37 63
127 37 64
128 37 65
127 37 66
128 37 67
126 37 68
128 37 69
127 37 70
128 37 71
126 37 72
125 37 73
126 37 74
126 37 75
126 37 76
127 37 77
126 37 78
128 37 79
127 37 80
128 37 81
127 37 82
128 37 83
127 37 84
128 37 85
126 37 86
128 37 87
127 37 88
126 37 89
128 37 90
127 37 91
127 37 92
128 37 93
128 37 94
125 37 95
126 37 96
127 37 97
127 37 98
127 37 99
126 37 100
128 38 1
128 38 2
125 38 3
128 38 4
128 38 5
128 38 6
128 38 7
128 38 8
128 38 9
128 38 10
128 38 11
128 38 12
126 38 13
128 38 14
128 38 15
128 38 16
128 38 17
124 38 18
128 38 19
128 38 20
128 38 21
126 38 22
124 38 23
128 38 24
128 38 25
128 38 26
127 38 27
128 38 28
128 38 29
128 38 30
128 38 31
128 38 32
128 38 33
126 38 34
126 38 35
128 38 36
126 38 37
128 38 38
128 38 39
128 38 40
128 38 41
128 38 42
128 38 43
123 38 44
126 38 45
128 38 46
128 38 47
128 38 48
128 38 49
128 38 50
128 38 51
128 38 52
128 38 53
126 38 54
128 38 55
128 38 56
128 38 57
128 38 58
128 38 59
128 38 60
128 38 61
127 38 62
125 38 63
126 38 64
128 38 65
128 38 66
128 38 67
128 38 68
128 38 69
128 38 70
128 38 71
128 38 72
126 38 73
128 38 74
128 38 75
128 38 76
128 38 77
128 38 78
128 38 79
128 38 80
128 38 81
128 38 82
128 38 83
128 38 84
128 38 85
128 38 86
128 38 87
128 38 88
125 38 89
128 38 90
127 38 91
128 38 92
128 38 93
128 38 94
126 38 95
128 38 96
128 38 97
128 38 98
128 38 99
128 38 100
126 39 1
127 39 2
119 39 3
126 39 4
125 39 5
121 39 6
123 39 7
126 39 8
126 39 9
126 39 10
120 39 11
122 39 12
120 39 13
124 39 14
127 39 15
125 39 16
122 39 17
118 39 18
125 39 19
119 39 20
125 39 21
119 39 22
119 39 23
126 39 24
126 39 25
124 39 26
121 39 27
125 39 28
127 39 29
125 39 30
122 39 31
126 39 32
120 39 33
119 39 34
119 39 35
121 39 36
120 39 37
124 39 38
128 39 39
123 39 40
125 39 41
121 39 42
123 39 43
116 39 44
118 39 45
124 39 46
125 39 47
127 39 48
125 39 49
123 39 50
126 39 51
120 39 52
126 39 53
120 39 54
126 39 55
122 39 56
126 39 57
126 39 58
125 39 59
122 39 60
122 39 61
119 39 62
120 39 63
122 39 64
127 39 65
126 39 66
125 39 67
125 39 68
123 39 69
125 39 70
125 39 71
124 39 72
119 39 73
125 39 74
125 39 75
123 39 76
126 39 77
122 39 78
124 39 79
126 39 80
128 39 81
127 39 82
126 39 83
127 39 84
125 39 85
124 39 86
127 39 87
125 39 88
121 39 89
123 39 90
122 39 91
123 39 92
121 39 93
126 39 94
118 39 95
124 39 96
125 39 97
125 39 98
124 39 99
120 39 100
123 40 1
121 40 2
120 40 3
123 40 4
122 40 5
121 40 6
122 40 7
121 40 8
123 40 9
122 40 10
127 40 11
121 40 12
122 40 13
125 40 14
122 40 15
123 40 16
124 40 17
121 40 18
122 40 19
123 40 20
123 40 21
125 40 22
119 40 23
123 40 24
125 40 25
122 40 26
121 40 27
123 40 28
124 40 29
126 40 30
123 40 31
126 40 32
125 40 33
121 40 34
125 40 35
123 40 36
123 40 37
121 40 38
122 40 39
127 40 40
124 40 41
123 40 42
123 40 43
123 40 44
125 40 45
121 40 46
121 40 47
121 40 48
125 40 49
124 40 50
123 40 51
128 40 52
122 40 53
124 40 54
122 40 55
122 40 56
122 40 57
121 40 58
125 40 59
123 40 60
122 40 61
123 40 62
122 40 63
122 40 64
122 40 65
122 40 66
122 40 67
122 40 68
123 40 69
122 40 70
121 40 71
122 40 72
126 40 73
124 40 74
124 40 75
125 40 76
123 40 77
123 40 78
126 40 79
124 40 80
124 40 81
122 40 82
123 40 83
122 40 84
125 40 85
124 40 86
123 40 87
122 40 88
123 40 89
122 40 90
121 40 91
121 40 92
123 40 93
125 40 94
122 40 95
124 40 96
122 40 97
123 40 98
122 40 99
124 40 100
128 41 1
127 41 2
119 41 3
128 41 4
127 41 5
122 41 6
122 41 7
127 41 8
128 41 9
127 41 10
123 41 11
122 41 12
120 41 13
127 41 14
128 41 15
126 41 16
123 41 17
118 41 18
126 41 19
121 41 20
125 41 21
121 41 22
120 41 23
126 41 24
127 41 25
126 41 26
120 41 27
124 41 28
127 41 29
126 41 30
124 41 31
127 41 32
122 41 33
121 41 34
121 41 35
124 41 36
121 41 37
124 41 38
127 41 39
124 41 40
127 41 41
122 41 42
125 41 43
117 41 44
121 41 45
125 41 46
126 41 47
127 41 48
125 41 49
123 41 50
127 41 51
122 41 52
127 41 53
121 41 54
127 41 55
124 41 56
128 41 57
127 41 58
126 41 59
124 41 60
123 41 61
120 41 62
121 41 63
122 41 64
127 41 65
128 41 66
125 41 67
128 41 68
124 41 69
126 41 70
125 41 71
125 41 72
121 41 73
127 41 74
127 41 75
125 41 76
127 41 77
124 41 78
123 41 79
127 41 80
127 41 81
128 41 82
126 41 83
128 41 84
125 41 85
125 41 86
127 41 87
127 41 88
121 41 89
123 41 90
122 41 91
124 41 92
121 41 93
125 41 94
121 41 95
126 41 96
126 41 97
127 41 98
125 41 99
123 41 100
128 42 1
128 42 2
125 42 3
128 42 4
128 42 5
128 42 6
128 42 7
128 42 8
128 42 9
128 42 10
128 42 11
128 42 12
126 42 13
128 42 14
128 42 15
128 42 16
128 42 17
124 42 18
128 42 19
128 42 20
128 42 21
126 42 22
124 42 23
128 42 24
128 42 25
128 42 26
127 42 27
128 42 28
128 42 29
128 42 30
128 42 31
128 42 32
128 42 33
126 42 34
126 42 35
128 42 36
126 42 37
128 42 38
128 42 39
128 42 40
128 42 41
128 42 42
128 42 43
123 42 44
126 42 45
128 42 46
128 42 47
128 42 48
128 42 49
128 42 50
128 42 51
128 42 52
128 42 53
126 42 54
128 42 55
128 42 56
128 42 57
128 42 58
128 42 59
128 42 60
128 42 61
127 42 62
125 42 63
126 42 64
128 42 65
128 42 66
128 42 67
128 42 68
128 42 69
128 42 70
128 42 71
128 42 72
126 42 73
128 42 74
128 42 75
128 42 76
128 42 77
128 42 78
128 42 79
128 42 80
128 42 81
128 42 82
128 42 83
128 42 84
128 42 85
128 42 86
128 42 87
128 42 88
125 42 89
128 42 90
127 42 91
128 42 92
128 42 93
128 42 94
126 42 95
128 42 96
128 42 97
128 42 98
128 42 99
128 42 100
127 43 1
126 43 2
118 43 3
126 43 4
126 43 5
122 43 6
122 43 7
126 43 8
127 43 9
126 43 10
121 43 11
123 43 12
119 43 13
127 43 14
126 43 15
125 43 16
123 43 17
118 43 18
126 43 19
120 43 20
125 43 21
120 43 22
119 43 23
126 43 24
126 43 25
124 43 26
119 43 27
126 43 28
127 43 29
127 43 30
123 43 31
127 43 32
124 43 33
120 43 34
121 43 35
125 43 36
121 43 37
124 43 38
128 43 39
123 43 40
127 43 41
123 43 42
126 43 43
117 43 44
119 43 45
125 43 46
126 43 47
127 43 48
124 43 49
125 43 50
127 43 51
123 43 52
126 43 53
122 43 54
126 43 55
124 43 56
127 43 57
126 43 58
127 43 59
123 43 60
124 43 61
121 43 62
122 43 63
121 43 64
128 43 65
126 43 66
126 43 67
126 43 68
123 43 69
127 43 70
125 43 71
126 43 72
122 43 73
127 43 74
127 43 75
126 43 76
126 43 77
124 43 78
123 43 79
126 43 80
127 43 81
126 43 82
125 43 83
127 43 84
124 43 85
125 43 86
126 43 87
126 43 88
120 43 89
122 43 90
122 43 91
126 43 92
122 43 93
125 43 94
120 43 95
127 43 96
127 43 97
126 43 98
125 43 99
123 43 100
126 44 1
126 44 2
127 44 3
126 44 4
126 44 5
126 44 6
127 44 7
126 44 8
126 44 9
126 44 10
127 44 11
126 44 12
126 44 13
126 44 14
126 44 15
126 44 16
128 44 17
126 44 18
126 44 19
126 44 20
127 44 21
128 44 22
126 44 23
127 44 24
128 44 25
126 44 26
127 44 27
127 44 28
127 44 29
128 44 30
127 44 31
128 44 32
127 44 33
127 44 34
127 44 35
127 44 36
126 44 37
126 44 38
127 44 39
127 44 40
127 44 41
126 44 42
127 44 43
126 44 44
127 44 45
126 44 46
126 44 47
126 44 48
126 44 49
127 44 50
126 44 51
127 44 52
127 44 53
126 44 54
126 44 55
126 44 56
126 44 57
126 44 58
126 44 59
126 44 60
126 44 61
126 44 62
126 44 63
126 44 64
126 44 65
126 44 66
127 44 67
127 44 68
126 44 69
126 44 70
126 44 71
128 44 72
127 44 73
127 44 74
127 44 75
127 44 76
126 44 77
126 44 78
127 44 79
126 44 80
127 44 81
127 44 82
127 44 83
127 44 84
126 44 85
127 44 86
126 44 87
126 44 88
127 44 89
127 44 90
126 44 91
126 44 92
126 44 93
127 44 94
126 44 95
127 44 96
126 44 97
126 44 98
126 44 99
127 44 100
124 45 1
125 45 2
125 45 3
126 45 4
126 45 5
125 45 6
124 45 7
126 45 8
126 45 9
125 45 10
128 45 11
125 45 12
124 45 13
124 45 14
125 45 15
125 45 16
125 45 17
126 45 18
126 45 19
125 45 20
125 45 21
125 45 22
124 45 23
124 45 24
126 45 25
125 45 26
125 45 27
124 45 28
124 45 29
125 45 30
127 45 31
125 45 32
126 45 33
126 45 34
126 45 35
125 45 36
124 45 37
125 45 38
124 45 39
124 45 40
126 45 41
126 45 42
126 45 43
126 45 44
128 45 45
124 45 46
125 45 47
124 45 48
124 45 49
124 45 50
125 45 51
126 45 52
124 45 53
124 45 54
124 45 55
125 45 56
125 45 57
124 45 58
124 45 59
125 45 60
125 45 61
125 45 62
124 45 63
125 45 64
126 45 65
126 45 66
124 45 67
127 45 68
125 45 69
125 45 70
125 45 71
125 45 72
127 45 73
127 45 74
126 45 75
126 45 76
126 45 77
125 45 78
124 45 79
125 45 80
125 45 81
124 45 82
125 45 83
124 45 84
124 45 85
124 45 86
124 45 87
124 45 88
124 45 89
125 45 90
125 45 91
127 45 92
124 45 93
125 45 94
126 45 95
126 45 96
125 45 97
125 45 98
125 45 99
125 45 100
128 46 1
128 46 2
125 46 3
128 46 4
128 46 5
128 46 6
128 46 7
128 46 8
128 46 9
128 46 10
128 46 11
128 46 12
126 46 13
128 46 14
128 46 15
128 46 16
128 46 17
124 46 18
128 46 19
128 46 20
128 46 21
126 46 22
124 46 23
128 46 24
128 46 25
128 46 26
127 46 27
128 46 28
128 46 29
128 46 30
128 46 31
128 46 32
128 46 33
126 46 34
126 46 35
128 46 36
126 46 37
128 46 38
128 46 39
128 46 40
128 46 41
128 46 42
128 46 43
123 46 44
126 46 45
128 46 46
128 46 47
128 46 48
128 46 49
128 46 50
128 46 51
128 46 52
128 46 53
126 46 54
128 46 55
128 46 56
128 46 57
128 46 58
128 46 59
128 46 60
128 46 61
127 46 62
125 46 63
126 46 64
128 46 65
128 46 66
128 46 67
128 46 68
128 46 69
128 46 70
128 46 71
128 46 72
126 46 73
128 46 74
128 46 75
128 46 76
128 46 77
128 46 78
128 46 79
128 46 80
128 46 81
128 46 82
128 46 83
128 46 84
128 46 85
128 46 86
128 46 87
128 46 88
125 46 89
128 46 90
127 46 91
128 46 92
128 46 93
128 46 94
126 46 95
128 46 96
128 46 97
128 46 98
128 46 99
128 46 100
128 47 1
128 47 2
123 47 3
128 47 4
128 47 5
127 47 6
128 47 7
128 47 8
128 47 9
128 47 10
126 47 11
127 47 12
124 47 13
128 47 14
128 47 15
128 47 16
127 47 17
123 47 18
128 47 19
126 47 20
128 47 21
125 47 22
123 47 23
128 47 24
128 47 25
128 47 26
125 47 27
128 47 28
128 47 29
128 47 30
128 47 31
128 47 32
126 47 33
124 47 34
125 47 35
128 47 36
125 47 37
128 47 38
128 47 39
127 47 40
128 47 41
127 47 42
128 47 43
121 47 44
124 47 45
128 47 46
128 47 47
128 47 48
128 47 49
128 47 50
128 47 51
126 47 52
128 47 53
125 47 54
128 47 55
128 47 56
128 47 57
128 47 58
128 47 59
127 47 60
127 47 61
125 47 62
124 47 63
125 47 64
128 47 65
128 47 66
128 47 67
128 47 68
128 47 69
128 47 70
128 47 71
128 47 72
125 47 73
128 47 74
128 47 75
128 47 76
128 47 77
128 47 78
127 47 79
128 47 80
128 47 81
128 47 82
128 47 83
128 47 84
128 47 85
128 47 86
128 47 87
128 47 88
124 47 89
127 47 90
126 47 91
128 47 92
127 47 93
128 47 94
125 47 95
128 47 96
128 47 97
128 47 98
128 47 99
127 47 100
128 48 1
128 48 2
127 48 3
128 48 4
128 48 5
128 48 6
128 48 7
128 48 8
128 48 9
128 48 10
128 48 11
128 48 12
127 48 13
128 48 14
128 48 15
128 48 16
128 48 17
126 48 18
128 48 19
128 48 20
128 48 21
128 48 22
126 48 23
128 48 24
128 48 25
128 48 26
128 48 27
128 48 28
128 48 29
128 48 30
128 48 31
128 48 32
128 48 33
127 48 34
127 48 35
128 48 36
128 48 37
128 48 38
128 48 39
128 48 40
128 48 41
128 48 42
128 48 43
126 48 44
128 48 45
128 48 46
128 48 47
128 48 48
128 48 49
128 48 50
128 48 51
128 48 52
128 48 53
128 48 54
128 48 55
128 48 56
128 48 57
128 48 58
128 48 59
128 48 60
128 48 61
128 48 62
127 48 63
128 48 64
128 48 65
128 48 66
128 48 67
128 48 68
128 48 69
128 48 70
128 48 71
128 48 72
128 48 73
128 48 74
128 48 75
128 48 76
128 48 77
128 48 78
128 48 79
128 48 80
128 48 81
128 48 82
128 48 83
128 48 84
128 48 85
128 48 86
128 48 87
128 48 88
127 48 89
128 48 90
128 48 91
128 48 92
128 48 93
128 48 94
128 48 95
128 48 96
128 48 97
128 48 98
128 48 99
128 48 100
128 49 1
128 49 2
128 49 3
128 49 4
128 49 5
128 49 6
128 49 7
128 49 8
128 49 9
128 49 10
128 49 11
128 49 12
128 49 13
128 49 14
128 49 15
128 49 16
128 49 17
126 49 18
128 49 19
128 49 20
128 49 21
127 49 22
125 49 23
128 49 24
128 49 25
128 49 26
128 49 27
128 49 28
128 49 29
128 49 30
128 49 31
128 49 32
128 49 33
128 49 34
128 49 35
128 49 36
128 49 37
128 49 38
128 49 39
128 49 40
128 49 41
128 49 42
128 49 43
126 49 44
128 49 45
128 49 46
128 49 47
128 49 48
128 49 49
128 49 50
128 49 51
128 49 52
128 49 53
128 49 54
128 49 55
128 49 56
128 49 57
128 49 58
128 49 59
128 49 60
128 49 61
128 49 62
128 49 63
128 49 64
128 49 65
128 49 66
128 49 67
128 49 68
128 49 69
128 49 70
128 49 71
128 49 72
127 49 73
128 49 74
128 49 75
128 49 76
128 49 77
128 49 78
128 49 79
128 49 80
128 49 81
128 49 82
128 49 83
128 49 84
128 49 85
128 49 86
128 49 87
128 49 88
126 49 89
128 49 90
128 49 91
128 49 92
128 49 93
128 49 94
128 49 95
128 49 96
128 49 97
128 49 98
128 49 99
128 49 100
127 50 1
128 50 2
128 50 3
127 50 4
127 50 5
127 50 6
128 50 7
127 50 8
127 50 9
127 50 10
127 50 11
127 50 12
127 50 13
128 50 14
127 50 15
128 50 16
127 50 17
126 50 18
127 50 19
127 50 20
127 50 21
127 50 22
125 50 23
127 50 24
128 50 25
127 50 26
127 50 27
128 50 28
127 50 29
127 50 30
128 50 31
127 50 32
127 50 33
128 50 34
128 50 35
128 50 36
127 50 37
127 50 38
127 50 39
128 50 40
127 50 41
127 50 42
127 50 43
126 50 44
127 50 45
128 50 46
128 50 47
127 50 48
127 50 49
128 50 50
128 50 51
127 50 52
127 50 53
127 50 54
127 50 55
127 50 56
128 50 57
127 50 58
128 50 59
127 50 60
127 50 61
127 50 62
127 50 63
127 50 64
128 50 65
127 50 66
128 50 67
127 50 68
127 50 69
128 50 70
127 50 71
127 50 72
127 50 73
128 50 74
127 50 75
127 50 76
128 50 77
128 50 78
127 50 79
128 50 80
127 50 81
127 50 82
127 50 83
128 50 84
127 50 85
128 50 86
128 50 87
128 50 88
126 50 89
127 50 90
127 50 91
127 50 92
128 50 93
127 50 94
127 50 95
128 50 96
127 50 97
128 50 98
127 50 99
127 50 100
128 51 1
128 51 2
122 51 3
128 51 4
128 51 5
126 51 6
127 51 7
128 51 8
128 51 9
128 51 10
124 51 11
126 51 12
123 51 13
127 51 14
128 51 15
128 51 16
126 51 17
122 51 18
128 51 19
124 51 20
128 51 21
123 51 22
122 51 23
127 51 24
127 51 25
128 51 26
124 51 27
127 51 28
127 51 29
127 51 30
127 51 31
127 51 32
125 51 33
123 51 34
123 51 35
126 51 36
124 51 37
128 51 38
128 51 39
125 51 40
127 51 41
126 51 42
127 51 43
120 51 44
122 51 45
128 51 46
128 51 47
128 51 48
128 51 49
127 51 50
128 51 51
125 51 52
127 51 53
125 51 54
127 51 55
126 51 56
128 51 57
128 51 58
128 51 59
126 51 60
126 51 61
124 51 62
124 51 63
125 51 64
128 51 65
128 51 66
128 51 67
127 51 68
127 51 69
127 51 70
128 51 71
127 51 72
123 51 73
127 51 74
127 51 75
127 51 76
128 51 77
127 51 78
126 51 79
128 51 80
128 51 81
127 51 82
128 51 83
127 51 84
128 51 85
127 51 86
128 51 87
128 51 88
123 51 89
126 51 90
125 51 91
128 51 92
126 51 93
128 51 94
123 51 95
127 51 96
128 51 97
128 51 98
128 51 99
125 51 100
127 52 1
127 52 2
127 52 3
127 52 4
127 52 5
128 52 6
128 52 7
127 52 8
127 52 9
128 52 10
127 52 11
128 52 12
126 52 13
127 52 14
127 52 15
128 52 16
127 52 17
125 52 18
128 52 19
128 52 20
127 52 21
127 52 22
125 52 23
128 52 24
128 52 25
128 52 26
127 52 27
128 52 28
127 52 29
128 52 30
127 52 31
127 52 32
127 52 33
126 52 34
126 52 35
128 52 36
127 52 37
127 52 38
128 52 39
128 52 40
127 52 41
127 52 42
127 52 43
125 52 44
127 52 45
127 52 46
128 52 47
127 52 48
127 52 49
128 52 50
128 52 51
128 52 52
127 52 53
128 52 54
127 52 55
127 52 56
127 52 57
127 52 58
128 52 59
127 52 60
128 52 61
127 52 62
126 52 63
127 52 64
127 52 65
128 52 66
128 52 67
127 52 68
127 52 69
127 52 70
127 52 71
128 52 72
127 52 73
128 52 74
128 52 75
128 52 76
128 52 77
127 52 78
128 52 79
128 52 80
127 52 81
127 52 82
128 52 83
128 52 84
127 52 85
128 52 86
127 52 87
128 52 88
126 52 89
127 52 90
127 52 91
127 52 92
127 52 93
128 52 94
127 52 95
128 52 96
128 52 97
128 52 98
127 52 99
128 52 100
128 53 1
128 53 2
122 53 3
128 53 4
128 53 5
126 53 6
127 53 7
128 53 8
128 53 9
128 53 10
125 53 11
126 53 12
123 53 13
128 53 14
128 53 15
128 53 16
127 53 17
122 53 18
128 53 19
125 53 20
128 53 21
124 53 22
122 53 23
128 53 24
128 53 25
128 53 26
124 53 27
127 53 28
128 53 29
128 53 30
128 53 31
128 53 32
126 53 33
124 53 34
124 53 35
127 53 36
124 53 37
128 53 38
128 53 39
126 53 40
128 53 41
126 53 42
128 53 43
120 53 44
123 53 45
128 53 46
128 53 47
128 53 48
128 53 49
127 53 50
128 53 51
126 53 52
128 53 53
125 53 54
128 53 55
127 53 56
128 53 57
128 53 58
128 53 59
126 53 60
127 53 61
124 53 62
124 53 63
125 53 64
128 53 65
128 53 66
128 53 67
128 53 68
127 53 69
128 53 70
128 53 71
128 53 72
124 53 73
128 53 74
128 53 75
128 53 76
128 53 77
128 53 78
126 53 79
128 53 80
128 53 81
128 53 82
128 53 83
128 53 84
128 53 85
128 53 86
128 53 87
128 53 88
123 53 89
126 53 90
125 53 91
128 53 92
126 53 93
128 53 94
124 53 95
128 53 96
128 53 97
128 53 98
128 53 99
126 53 100
127 54 1
127 54 2
127 54 3
127 54 4
127 54 5
128 54 6
128 54 7
127 54 8
127 54 9
128 54 10
126 54 11
128 54 12
126 54 13
126 54 14
127 54 15
128 54 16
126 54 17
126 54 18
128 54 19
127 54 20
127 54 21
126 54 22
126 54 23
127 54 24
127 54 25
128 54 26
127 54 27
128 54 28
126 54 29
127 54 30
126 54 31
126 54 32
126 54 33
125 54 34
125 54 35
127 54 36
127 54 37
127 54 38
128 54 39
127 54 40
126 54 41
127 54 42
126 54 43
126 54 44
126 54 45
127 54 46
128 54 47
127 54 48
127 54 49
128 54 50
128 54 51
127 54 52
126 54 53
128 54 54
126 54 55
126 54 56
127 54 57
127 54 58
128 54 59
127 54 60
127 54 61
127 54 62
126 54 63
127 54 64
127 54 65
128 54 66
128 54 67
126 54 68
127 54 69
126 54 70
127 54 71
127 54 72
126 54 73
127 54 74
127 54 75
127 54 76
128 54 77
126 54 78
128 54 79
128 54 80
127 54 81
126 54 82
128 54 83
127 54 84
127 54 85
127 54 86
127 54 87
128 54 88
127 54 89
127 54 90
127 54 91
127 54 92
127 54 93
128 54 94
126 54 95
127 54 96
128 54 97
128 54 98
127 54 99
127 54 100
127 55 1
128 55 2
117 55 3
125 55 4
124 55 5
119 55 6
121 55 7
125 55 8
127 55 9
127 55 10
120 55 11
121 55 12
118 55 13
124 55 14
126 55 15
124 55 16
121 55 17
117 55 18
124 55 19
118 55 20
122 55 21
118 55 22
117 55 23
124 55 24
125 55 25
122 55 26
119 55 27
123 55 28
126 55 29
123 55 30
122 55 31
126 55 32
118 55 33
118 55 34
118 55 35
120 55 36
119 55 37
122 55 38
125 55 39
121 55 40
125 55 41
119 55 42
122 55 43
114 55 44
117 55 45
122 55 46
123 55 47
125 55 48
123 55 49
121 55 50
126 55 51
119 55 52
126 55 53
119 55 54
128 55 55
121 55 56
124 55 57
126 55 58
124 55 59
121 55 60
121 55 61
117 55 62
119 55 63
120 55 64
125 55 65
127 55 66
123 55 67
127 55 68
122 55 69
125 55 70
123 55 71
122 55 72
119 55 73
126 55 74
127 55 75
121 55 76
127 55 77
121 55 78
121 55 79
125 55 80
128 55 81
124 55 82
123 55 83
128 55 84
122 55 85
121 55 86
128 55 87
124 55 88
118 55 89
121 55 90
120 55 91
121 55 92
119 55 93
123 55 94
117 55 95
123 55 96
123 55 97
123 55 98
123 55 99
120 55 100
128 56 1
128 56 2
124 56 3
128 56 4
128 56 5
128 56 6
128 56 7
128 56 8
128 56 9
128 56 10
127 56 11
127 56 12
125 56 13
128 56 14
128 56 15
128 56 16
128 56 17
123 56 18
128 56 19
127 56 20
128 56 21
125 56 22
124 56 23
128 56 24
128 56 25
128 56 26
126 56 27
128 56 28
128 56 29
128 56 30
128 56 31
128 56 32
127 56 33
125 56 34
125 56 35
128 56 36
126 56 37
128 56 38
128 56 39
128 56 40
128 56 41
128 56 42
128 56 43
122 56 44
125 56 45
128 56 46
128 56 47
128 56 48
128 56 49
128 56 50
128 56 51
127 56 52
128 56 53
126 56 54
128 56 55
128 56 56
128 56 57
128 56 58
128 56 59
127 56 60
128 56 61
126 56 62
125 56 63
126 56 64
128 56 65
128 56 66
128 56 67
128 56 68
128 56 69
128 56 70
128 56 71
128 56 72
125 56 73
128 56 74
128 56 75
128 56 76
128 56 77
128 56 78
128 56 79
128 56 80
128 56 81
128 56 82
128 56 83
128 56 84
128 56 85
128 56 86
128 56 87
128 56 88
125 56 89
127 56 90
127 56 91
128 56 92
128 56 93
128 56 94
126 56 95
128 56 96
128 56 97
128 56 98
128 56 99
127 56 100
126 57 1
128 57 2
119 57 3
126 57 4
125 57 5
123 57 6
123 57 7
127 57 8
128 57 9
126 57 10
122 57 11
122 57 12
119 57 13
125 57 14
126 57 15
127 57 16
123 57 17
117 57 18
125 57 19
122 57 20
124 57 21
119 57 22
118 57 23
125 57 24
125 57 25
127 57 26
120 57 27
124 57 28
126 57 29
124 57 30
123 57 31
125 57 32
121 57 33
120 57 34
120 57 35
121 57 36
121 57 37
124 57 38
126 57 39
122 57 40
125 57 41
122 57 42
124 57 43
117 57 44
120 57 45
123 57 46
125 57 47
126 57 48
125 57 49
124 57 50
126 57 51
120 57 52
126 57 53
121 57 54
125 57 55
124 57 56
127 57 57
126 57 58
127 57 59
123 57 60
122 57 61
120 57 62
121 57 63
121 57 64
125 57 65
126 57 66
123 57 67
125 57 68
124 57 69
125 57 70
126 57 71
123 57 72
121 57 73
126 57 74
125 57 75
124 57 76
126 57 77
123 57 78
124 57 79
126 57 80
127 57 81
124 57 82
125 57 83
125 57 84
126 57 85
125 57 86
126 57 87
127 57 88
120 57 89
122 57 90
122 57 91
125 57 92
121 57 93
125 57 94
120 57 95
125 57 96
125 57 97
127 57 98
126 57 99
122 57 100
128 58 1
128 58 2
120 58 3
128 58 4
128 58 5
124 58 6
124 58 7
128 58 8
128 58 9
128 58 10
122 58 11
124 58 12
121 58 13
126 58 14
128 58 15
127 58 16
124 58 17
120 58 18
128 58 19
121 58 20
126 58 21
121 58 22
120 58 23
126 58 24
127 58 25
126 58 26
121 58 27
126 58 28
127 58 29
127 58 30
124 58 31
127 58 32
123 58 33
121 58 34
122 58 35
124 58 36
122 58 37
126 58 38
128 58 39
123 58 40
127 58 41
124 58 42
125 58 43
117 58 44
120 58 45
126 58 46
127 58 47
128 58 48
126 58 49
125 58 50
128 58 51
123 58 52
127 58 53
123 58 54
127 58 55
125 58 56
128 58 57
128 58 58
128 58 59
125 58 60
124 58 61
122 58 62
122 58 63
123 58 64
128 58 65
128 58 66
126 58 67
127 58 68
125 58 69
126 58 70
126 58 71
126 58 72
121 58 73
127 58 74
127 58 75
126 58 76
128 58 77
125 58 78
125 58 79
128 58 80
128 58 81
127 58 82
127 58 83
127 58 84
126 58 85
126 58 86
128 58 87
128 58 88
121 58 89
124 58 90
124 58 91
126 58 92
123 58 93
126 58 94
121 58 95
127 58 96
127 58 97
127 58 98
127 58 99
122 58 100
128 59 1
128 59 2
124 59 3
128 59 4
128 59 5
127 59 6
128 59 7
128 59 8
128 59 9
128 59 10
127 59 11
128 59 12
125 59 13
128 59 14
128 59 15
128 59 16
127 59 17
124 59 18
128 59 19
127 59 20
128 59 21
126 59 22
123 59 23
128 59 24
128 59 25
128 59 26
126 59 27
128 59 28
128 59 29
128 59 30
128 59 31
128 59 32
127 59 33
125 59 34
126 59 35
128 59 36
125 59 37
128 59 38
128 59 39
127 59 40
128 59 41
127 59 42
128 59 43
122 59 44
125 59 45
128 59 46
128 59 47
128 59 48
128 59 49
128 59 50
128 59 51
127 59 52
128 59 53
125 59 54
128 59 55
128 59 56
128 59 57
128 59 58
128 59 59
128 59 60
127 59 61
126 59 62
124 59 63
125 59 64
128 59 65
128 59 66
128 59 67
128 59 68
128 59 69
128 59 70
128 59 71
128 59 72
126 59 73
128 59 74
128 59 75
128 59 76
128 59 77
128 59 78
127 59 79
128 59 80
128 59 81
128 59 82
128 59 83
128 59 84
128 59 85
128 59 86
128 59 87
128 59 88
124 59 89
128 59 90
126 59 91
128 59 92
127 59 93
128 59 94
125 59 95
128 59 96
128 59 97
128 59 98
128 59 99
128 59 100
128 60 1
128 60 2
124 60 3
128 60 4
128 60 5
128 60 6
128 60 7
128 60 8
128 60 9
128 60 10
126 60 11
127 60 12
125 60 13
127 60 14
128 60 15
128 60 16
127 60 17
123 60 18
128 60 19
126 60 20
128 60 21
124 60 22
124 60 23
127 60 24
127 60 25
128 60 26
126 60 27
128 60 28
127 60 29
127 60 30
127 60 31
127 60 32
126 60 33
124 60 34
124 60 35
127 60 36
126 60 37
128 60 38
128 60 39
127 60 40
127 60 41
128 60 42
127 60 43
122 60 44
124 60 45
128 60 46
128 60 47
128 60 48
128 60 49
128 60 50
128 60 51
126 60 52
127 60 53
126 60 54
127 60 55
127 60 56
128 60 57
128 60 58
128 60 59
127 60 60
127 60 61
126 60 62
125 60 63
126 60 64
128 60 65
128 60 66
128 60 67
127 60 68
128 60 69
127 60 70
128 60 71
127 60 72
124 60 73
127 60 74
127 60 75
127 60 76
128 60 77
127 60 78
128 60 79
128 60 80
128 60 81
127 60 82
128 60 83
127 60 84
128 60 85
127 60 86
128 60 87
128 60 88
125 60 89
127 60 90
127 60 91
128 60 92
128 60 93
128 60 94
125 60 95
127 60 96
128 60 97
128 60 98
128 60 99
126 60 100
128 61 1
127 61 2
124 61 3
127 61 4
127 61 5
127 61 6
127 61 7
127 61 8
127 61 9
128 61 10
127 61 11
127 61 12
126 61 13
127 61 14
127 61 15
128 61 16
127 61 17
123 61 18
127 61 19
127 61 20
128 61 21
125 61 22
123 61 23
128 61 24
127 61 25
128 61 26
126 61 27
128 61 28
127 61 29
127 61 30
128 61 31
127 61 32
128 61 33
125 61 34
126 61 35
127 61 36
126 61 37
127 61 38
128 61 39
127 61 40
127 61 41
128 61 42
128 61 43
122 61 44
126 61 45
127 61 46
127 61 47
127 61 48
128 61 49
127 61 50
127 61 51
127 61 52
127 61 53
125 61 54
128 61 55
128 61 56
127 61 57
127 61 58
127 61 59
127 61 60
128 61 61
127 61 62
124 61 63
126 61 64
128 61 65
127 61 66
127 61 67
127 61 68
127 61 69
127 61 70
128 61 71
127 61 72
126 61 73
127 61 74
127 61 75
127 61 76
128 61 77
127 61 78
128 61 79
127 61 80
128 61 81
127 61 82
128 61 83
127 61 84
127 61 85
128 61 86
127 61 87
127 61 88
125 61 89
128 61 90
126 61 91
128 61 92
127 61 93
128 61 94
126 61 95
128 61 96
127 61 97
127 61 98
128 61 99
127 61 100
128 62 1
127 62 2
126 62 3
127 62 4
127 62 5
127 62 6
127 62 7
127 62 8
127 62 9
127 62 10
128 62 11
128 62 12
127 62 13
127 62 14
127 62 15
127 62 16
127 62 17
128 62 18
128 62 19
127 62 20
128 62 21
127 62 22
128 62 23
127 62 24
127 62 25
127 62 26
126 62 27
127 62 28
127 62 29
127 62 30
127 62 31
127 62 32
127 62 33
127 62 34
126 62 35
128 62 36
126 62 37
127 62 38
127 62 39
128 62 40
127 62 41
127 62 42
128 62 43
126 62 44
126 62 45
128 62 46
128 62 47
127 62 48
127 62 49
127 62 50
128 62 51
128 62 52
127 62 53
126 62 54
128 62 55
128 62 56
128 62 57
128 62 58
127 62 59
127 62 60
127 62 61
128 62 62
126 62 63
126 62 64
127 62 65
127 62 66
128 62 67
127 62 68
128 62 69
127 62 70
127 62 71
127 62 72
128 62 73
127 62 74
127 62 75
127 62 76
127 62 77
127 62 78
128 62 79
128 62 80
127 62 81
128 62 82
127 62 83
127 62 84
127 62 85
127 62 86
127 62 87
127 62 88
127 62 89
127 62 90
127 62 91
127 62 92
127 62 93
127 62 94
126 62 95
127 62 96
127 62 97
127 62 98
127 62 99
128 62 100
128 63 1
127 63 2
125 63 3
126 63 4
127 63 5
127 63 6
126 63 7
128 63 8
127 63 9
127 63 10
127 63 11
126 63 12
125 63 13
127 63 14
126 63 15
127 63 16
126 63 17
126 63 18
126 63 19
126 63 20
126 63 21
127 63 22
126 63 23
126 63 24
126 63 25
128 63 26
125 63 27
126 63 28
128 63 29
127 63 30
127 63 31
126 63 32
126 63 33
124 63 34
125 63 35
126 63 36
126 63 37
127 63 38
127 63 39
127 63 40
126 63 41
127 63 42
126 63 43
126 63 44
126 63 45
126 63 46
126 63 47
127 63 48
128 63 49
127 63 50
126 63 51
126 63 52
126 63 53
126 63 54
127 63 55
127 63 56
127 63 57
126 63 58
127 63 59
127 63 60
126 63 61
127 63 62
125 63 63
125 63 64
126 63 65
127 63 66
128 63 67
128 63 68
127 63 69
127 63 70
126 63 71
126 63 72
127 63 73
127 63 74
128 63 75
127 63 76
126 63 77
126 63 78
126 63 79
126 63 80
126 63 81
126 63 82
126 63 83
126 63 84
127 63 85
128 63 86
127 63 87
127 63 88
126 63 89
127 63 90
127 63 91
128 63 92
127 63 93
127 63 94
126 63 95
127 63 96
126 63 97
126 63 98
126 63 99
127 63 100
127 64 1
128 64 2
123 64 3
127 64 4
127 64 5
127 64 6
128 64 7
127 64 8
127 64 9
127 64 10
125 64 11
127 64 12
125 64 13
126 64 14
128 64 15
127 64 16
126 64 17
123 64 18
127 64 19
125 64 20
128 64 21
123 64 22
124 64 23
127 64 24
126 64 25
127 64 26
126 64 27
128 64 28
127 64 29
126 64 30
126 64 31
126 64 32
125 64 33
123 64 34
123 64 35
126 64 36
126 64 37
128 64 38
128 64 39
127 64 40
126 64 41
127 64 42
126 64 43
122 64 44
123 64 45
128 64 46
128 64 47
128 64 48
128 64 49
127 64 50
127 64 51
125 64 52
126 64 53
125 64 54
127 64 55
126 64 56
127 64 57
127 64 58
127 64 59
126 64 60
127 64 61
125 64 62
125 64 63
126 64 64
128 64 65
127 64 66
128 64 67
126 64 68
128 64 69
127 64 70
128 64 71
126 64 72
123 64 73
126 64 74
126 64 75
126 64 76
127 64 77
126 64 78
128 64 79
127 64 80
128 64 81
127 64 82
128 64 83
127 64 84
128 64 85
126 64 86
128 64 87
127 64 88
125 64 89
127 64 90
127 64 91
127 64 92
128 64 93
128 64 94
124 64 95
126 64 96
127 64 97
127 64 98
127 64 99
125 64 100
128 65 1
128 65 2
126 65 3
128 65 4
128 65 5
128 65 6
128 65 7
128 65 8
128 65 9
128 65 10
128 65 11
128 65 12
127 65 13
128 65 14
128 65 15
128 65 16
128 65 17
124 65 18
128 65 19
128 65 20
128 65 21
126 65 22
124 65 23
128 65 24
128 65 25
128 65 26
128 65 27
128 65 28
128 65 29
128 65 30
128 65 31
128 65 32
128 65 33
127 65 34
127 65 35
128 65 36
127 65 37
128 65 38
128 65 39
128 65 40
128 65 41
128 65 42
128 65 43
124 65 44
127 65 45
128 65 46
128 65 47
128 65 48
128 65 49
128 65 50
128 65 51
128 65 52
128 65 53
127 65 54
128 65 55
128 65 56
128 65 57
128 65 58
128 65 59
128 65 60
128 65 61
127 65 62
126 65 63
127 65 64
128 65 65
128 65 66
128 65 67
128 65 68
128 65 69
128 65 70
128 65 71
128 65 72
126 65 73
128 65 74
128 65 75
128 65 76
128 65 77
128 65 78
128 65 79
128 65 80
128 65 81
128 65 82
128 65 83
128 65 84
128 65 85
128 65 86
128 65 87
128 65 88
125 65 89
128 65 90
127 65 91
128 65 92
128 65 93
128 65 94
127 65 95
128 65 96
128 65 97
128 65 98
128 65 99
128 65 100
128 66 1
128 66 2
119 66 3
128 66 4
126 66 5
121 66 6
122 66 7
127 66 8
128 66 9
128 66 10
122 66 11
122 66 12
119 66 13
126 66 14
127 66 15
126 66 16
123 66 17
118 66 18
126 66 19
121 66 20
124 66 21
120 66 22
118 66 23
125 66 24
128 66 25
125 66 26
120 66 27
124 66 28
128 66 29
125 66 30
124 66 31
128 66 32
121 66 33
120 66 34
121 66 35
123 66 36
120 66 37
123 66 38
126 66 39
123 66 40
127 66 41
121 66 42
125 66 43
116 66 44
119 66 45
124 66 46
125 66 47
127 66 48
124 66 49
123 66 50
128 66 51
121 66 52
128 66 53
121 66 54
128 66 55
124 66 56
126 66 57
128 66 58
126 66 59
123 66 60
122 66 61
120 66 62
120 66 63
121 66 64
127 66 65
128 66 66
124 66 67
128 66 68
123 66 69
126 66 70
125 66 71
124 66 72
121 66 73
128 66 74
128 66 75
124 66 76
128 66 77
124 66 78
122 66 79
127 66 80
128 66 81
126 66 82
124 66 83
128 66 84
124 66 85
124 66 86
128 66 87
126 66 88
119 66 89
122 66 90
122 66 91
124 66 92
120 66 93
124 66 94
120 66 95
126 66 96
125 66 97
126 66 98
125 66 99
122 66 100
128 67 1
128 67 2
123 67 3
128 67 4
128 67 5
127 67 6
127 67 7
128 67 8
128 67 9
128 67 10
125 67 11
127 67 12
123 67 13
128 67 14
128 67 15
128 67 16
127 67 17
122 67 18
128 67 19
125 67 20
127 67 21
124 67 22
123 67 23
128 67 24
128 67 25
127 67 26
124 67 27
127 67 28
128 67 29
128 67 30
127 67 31
128 67 32
126 67 33
124 67 34
124 67 35
127 67 36
124 67 37
128 67 38
128 67 39
126 67 40
128 67 41
126 67 42
127 67 43
120 67 44
123 67 45
127 67 46
127 67 47
128 67 48
128 67 49
128 67 50
128 67 51
125 67 52
128 67 53
124 67 54
128 67 55
127 67 56
128 67 57
128 67 58
128 67 59
126 67 60
126 67 61
124 67 62
123 67 63
125 67 64
128 67 65
128 67 66
127 67 67
128 67 68
127 67 69
128 67 70
128 67 71
127 67 72
125 67 73
128 67 74
128 67 75
128 67 76
128 67 77
127 67 78
126 67 79
128 67 80
128 67 81
128 67 82
127 67 83
128 67 84
127 67 85
128 67 86
128 67 87
128 67 88
123 67 89
127 67 90
125 67 91
128 67 92
126 67 93
128 67 94
124 67 95
128 67 96
128 67 97
128 67 98
128 67 99
126 67 100
128 68 1
128 68 2
120 68 3
127 68 4
126 68 5
122 68 6
122 68 7
128 68 8
128 68 9
128 68 10
123 68 11
122 68 12
119 68 13
127 68 14
126 68 15
127 68 16
124 68 17
118 68 18
126 68 19
121 68 20
124 68 21
121 68 22
118 68 23
125 68 24
127 68 25
125 68 26
121 68 27
125 68 28
127 68 29
127 68 30
125 68 31
127 68 32
122 68 33
120 68 34
122 68 35
123 68 36
121 68 37
124 68 38
126 68 39
123 68 40
128 68 41
122 68 42
125 68 43
116 68 44
119 68 45
124 68 46
125 68 47
127 68 48
125 68 49
123 68 50
127 68 51
122 68 52
128 68 53
121 68 54
128 68 55
124 68 56
126 68 57
127 68 58
128 68 59
125 68 60
123 68 61
120 68 62
122 68 63
121 68 64
126 68 65
128 68 66
124 68 67
128 68 68
125 68 69
127 68 70
125 68 71
125 68 72
122 68 73
127 68 74
128 68 75
125 68 76
128 68 77
124 68 78
124 68 79
127 68 80
128 68 81
126 68 82
125 68 83
128 68 84
124 68 85
125 68 86
128 68 87
128 68 88
120 68 89
122 68 90
123 68 91
125 68 92
122 68 93
124 68 94
120 68 95
127 68 96
126 68 97
126 68 98
126 68 99
123 68 100
127 69 1
127 69 2
122 69 3
127 69 4
127 69 5
126 69 6
126 69 7
127 69 8
128 69 9
128 69 10
124 69 11
125 69 12
123 69 13
126 69 14
128 69 15
128 69 16
126 69 17
122 69 18
127 69 19
124 69 20
127 69 21
122 69 22
123 69 23
126 69 24
127 69 25
128 69 26
125 69 27
127 69 28
126 69 29
126 69 30
126 69 31
126 69 32
125 69 33
124 69 34
123 69 35
126 69 36
124 69 37
128 69 38
127 69 39
125 69 40
126 69 41
126 69 42
126 69 43
120 69 44
122 69 45
127 69 46
127 69 47
127 69 48
127 69 49
126 69 50
128 69 51
126 69 52
126 69 53
126 69 54
127 69 55
125 69 56
128 69 57
127 69 58
127 69 59
126 69 60
127 69 61
124 69 62
124 69 63
125 69 64
127 69 65
127 69 66
127 69 67
127 69 68
126 69 69
127 69 70
127 69 71
127 69 72
122 69 73
126 69 74
126 69 75
127 69 76
128 69 77
127 69 78
126 69 79
127 69 80
127 69 81
127 69 82
128 69 83
126 69 84
127 69 85
126 69 86
127 69 87
127 69 88
124 69 89
125 69 90
125 69 91
127 69 92
127 69 93
127 69 94
123 69 95
126 69 96
127 69 97
127 69 98
127 69 99
124 69 100
126 70 1
126 70 2
121 70 3
126 70 4
128 70 5
125 70 6
126 70 7
128 70 8
127 70 9
127 70 10
125 70 11
125 70 12
124 70 13
126 70 14
128 70 15
126 70 16
126 70 17
123 70 18
126 70 19
126 70 20
126 70 21
123 70 22
121 70 23
126 70 24
128 70 25
126 70 26
123 70 27
127 70 28
126 70 29
127 70 30
126 70 31
127 70 32
124 70 33
123 70 34
123 70 35
126 70 36
125 70 37
128 70 38
127 70 39
126 70 40
128 70 41
125 70 42
128 70 43
119 70 44
122 70 45
127 70 46
127 70 47
126 70 48
127 70 49
128 70 50
126 70 51
124 70 52
127 70 53
125 70 54
127 70 55
127 70 56
127 70 57
126 70 58
127 70 59
125 70 60
125 70 61
125 70 62
123 70 63
123 70 64
127 70 65
127 70 66
126 70 67
126 70 68
126 70 69
128 70 70
127 70 71
126 70 72
123 70 73
127 70 74
127 70 75
127 70 76
127 70 77
128 70 78
125 70 79
128 70 80
126 70 81
126 70 82
127 70 83
126 70 84
128 70 85
126 70 86
126 70 87
126 70 88
122 70 89
125 70 90
124 70 91
126 70 92
125 70 93
128 70 94
123 70 95
127 70 96
126 70 97
126 70 98
128 70 99
125 70 100
128 71 1
128 71 2
125 71 3
128 71 4
128 71 5
128 71 6
128 71 7
128 71 8
128 71 9
128 71 10
127 71 11
128 71 12
126 71 13
127 71 14
128 71 15
128 71 16
127 71 17
124 71 18
128 71 19
127 71 20
128 71 21
125 71 22
124 71 23
127 71 24
127 71 25
128 71 26
127 71 27
128 71 28
127 71 29
127 71 30
127 71 31
127 71 32
127 71 33
125 71 34
125 71 35
127 71 36
126 71 37
128 71 38
128 71 39
127 71 40
127 71 41
128 71 42
127 71 43
123 71 44
125 71 45
128 71 46
128 71 47
128 71 48
128 71 49
128 71 50
128 71 51
127 71 52
127 71 53
126 71 54
127 71 55
127 71 56
128 71 57
128 71 58
128 71 59
128 71 60
127 71 61
127 71 62
125 71 63
126 71 64
128 71 65
128 71 66
128 71 67
127 71 68
128 71 69
127 71 70
128 71 71
127 71 72
125 71 73
127 71 74
127 71 75
127 71 76
128 71 77
127 71 78
128 71 79
128 71 80
128 71 81
127 71 82
128 71 83
127 71 84
128 71 85
127 71 86
128 71 87
128 71 88
125 71 89
128 71 90
127 71 91
128 71 92
128 71 93
128 71 94
125 71 95
127 71 96
128 71 97
128 71 98
128 71 99
127 71 100
127 72 1
127 72 2
124 72 3
127 72 4
127 72 5
127 72 6
127 72 7
127 72 8
127 72 9
127 72 10
128 72 11
127 72 12
125 72 13
127 72 14
127 72 15
127 72 16
128 72 17
123 72 18
127 72 19
127 72 20
127 72 21
126 72 22
123 72 23
127 72 24
128 72 25
127 72 26
126 72 27
127 72 28
127 72 29
128 72 30
128 72 31
128 72 32
128 72 33
126 72 34
126 72 35
128 72 36
125 72 37
127 72 38
127 72 39
127 72 40
128 72 41
127 72 42
128 72 43
122 72 44
126 72 45
127 72 46
127 72 47
127 72 48
127 72 49
127 72 50
127 72 51
128 72 52
127 72 53
125 72 54
127 72 55
127 72 56
127 72 57
127 72 58
127 72 59
127 72 60
127 72 61
126 72 62
124 72 63
125 72 64
127 72 65
127 72 66
127 72 67
128 72 68
127 72 69
127 72 70
127 72 71
128 72 72
126 72 73
128 72 74
128 72 75
128 72 76
127 72 77
127 72 78
127 72 79
127 72 80
127 72 81
127 72 82
127 72 83
127 72 84
127 72 85
127 72 86
127 72 87
127 72 88
124 72 89
127 72 90
126 72 91
127 72 92
127 72 93
127 72 94
125 72 95
128 72 96
127 72 97
127 72 98
127 72 99
128 72 100
124 73 1
124 73 2
124 73 3
125 73 4
126 73 5
123 73 6
124 73 7
125 73 8
126 73 9
124 73 10
127 73 11
123 73 12
124 73 13
124 73 14
124 73 15
124 73 16
125 73 17
122 73 18
125 73 19
125 73 20
123 73 21
123 73 22
121 73 23
124 73 24
124 73 25
125 73 26
123 73 27
125 73 28
124 73 29
125 73 30
127 73 31
125 73 32
125 73 33
126 73 34
126 73 35
124 73 36
124 73 37
125 73 38
124 73 39
125 73 40
125 73 41
126 73 42
126 73 43
122 73 44
128 73 45
123 73 46
123 73 47
123 73 48
124 73 49
124 73 50
124 73 51
125 73 52
124 73 53
124 73 54
123 73 55
124 73 56
124 73 57
123 73 58
124 73 59
126 73 60
123 73 61
126 73 62
125 73 63
124 73 64
124 73 65
125 73 66
123 73 67
126 73 68
125 73 69
124 73 70
124 73 71
124 73 72
127 73 73
127 73 74
126 73 75
126 73 76
124 73 77
124 73 78
124 73 79
124 73 80
124 73 81
123 73 82
123 73 83
123 73 84
124 73 85
125 73 86
124 73 87
123 73 88
122 73 89
125 73 90
124 73 91
125 73 92
125 73 93
124 73 94
124 73 95
124 73 96
124 73 97
123 73 98
124 73 99
124 73 100
126 74 1
127 74 2
123 74 3
127 74 4
126 74 5
127 74 6
126 74 7
127 74 8
126 74 9
127 74 10
126 74 11
127 74 12
124 74 13
127 74 14
127 74 15
128 74 16
127 74 17
123 74 18
126 74 19
127 74 20
128 74 21
125 74 22
123 74 23
127 74 24
127 74 25
126 74 26
127 74 27
126 74 28
126 74 29
126 74 30
127 74 31
126 74 32
126 74 33
124 74 34
125 74 35
127 74 36
124 74 37
126 74 38
126 74 39
126 74 40
126 74 41
126 74 42
126 74 43
122 74 44
124 74 45
127 74 46
127 74 47
126 74 48
126 74 49
127 74 50
126 74 51
127 74 52
127 74 53
125 74 54
127 74 55
128 74 56
127 74 57
127 74 58
126 74 59
126 74 60
127 74 61
125 74 62
123 74 63
124 74 64
127 74 65
127 74 66
127 74 67
127 74 68
126 74 69
127 74 70
127 74 71
126 74 72
124 74 73
126 74 74
126 74 75
127 74 76
126 74 77
127 74 78
127 74 79
126 74 80
127 74 81
126 74 82
127 74 83
126 74 84
127 74 85
126 74 86
127 74 87
127 74 88
124 74 89
127 74 90
126 74 91
126 74 92
126 74 93
127 74 94
125 74 95
127 74 96
127 74 97
127 74 98
126 74 99
126 74 100
128 75 1
128 75 2
118 75 3
127 75 4
128 75 5
123 75 6
124 75 7
126 75 8
128 75 9
128 75 10
121 75 11
124 75 12
120 75 13
125 75 14
128 75 15
125 75 16
124 75 17
120 75 18
128 75 19
120 75 20
125 75 21
121 75 22
119 75 23
126 75 24
127 75 25
124 75 26
119 75 27
125 75 28
127 75 29
126 75 30
123 75 31
128 75 32
122 75 33
121 75 34
121 75 35
124 75 36
121 75 37
125 75 38
127 75 39
122 75 40
126 75 41
123 75 42
124 75 43
115 75 44
120 75 45
125 75 46
126 75 47
126 75 48
124 75 49
125 75 50
128 75 51
123 75 52
127 75 53
123 75 54
128 75 55
125 75 56
127 75 57
128 75 58
126 75 59
123 75 60
124 75 61
121 75 62
120 75 63
122 75 64
127 75 65
128 75 66
126 75 67
128 75 68
123 75 69
125 75 70
124 75 71
126 75 72
120 75 73
128 75 74
128 75 75
125 75 76
128 75 77
125 75 78
123 75 79
127 75 80
128 75 81
126 75 82
126 75 83
128 75 84
124 75 85
125 75 86
128 75 87
126 75 88
119 75 89
124 75 90
122 75 91
124 75 92
121 75 93
125 75 94
121 75 95
126 75 96
125 75 97
125 75 98
126 75 99
121 75 100
128 76 1
128 76 2
124 76 3
128 76 4
128 76 5
128 76 6
128 76 7
128 76 8
128 76 9
128 76 10
127 76 11
127 76 12
125 76 13
128 76 14
128 76 15
128 76 16
128 76 17
123 76 18
128 76 19
127 76 20
128 76 21
125 76 22
124 76 23
128 76 24
128 76 25
128 76 26
126 76 27
128 76 28
128 76 29
128 76 30
128 76 31
128 76 32
127 76 33
125 76 34
125 76 35
128 76 36
126 76 37
128 76 38
128 76 39
128 76 40
128 76 41
128 76 42
128 76 43
122 76 44
125 76 45
128 76 46
128 76 47
128 76 48
128 76 49
128 76 50
128 76 51
127 76 52
128 76 53
126 76 54
128 76 55
128 76 56
128 76 57
128 76 58
128 76 59
127 76 60
128 76 61
126 76 62
125 76 63
126 76 64
128 76 65
128 76 66
128 76 67
128 76 68
128 76 69
128 76 70
128 76 71
128 76 72
125 76 73
128 76 74
128 76 75
128 76 76
128 76 77
128 76 78
128 76 79
128 76 80
128 76 81
128 76 82
128 76 83
128 76 84
128 76 85
128 76 86
128 76 87
128 76 88
125 76 89
127 76 90
127 76 91
128 76 92
128 76 93
128 76 94
126 76 95
128 76 96
128 76 97
128 76 98
128 76 99
127 76 100
125 77 1
124 77 2
116 77 3
126 77 4
126 77 5
119 77 6
122 77 7
124 77 8
125 77 9
127 77 10
118 77 11
119 77 12
117 77 13
120 77 14
124 77 15
124 77 16
121 77 17
115 77 18
125 77 19
118 77 20
121 77 21
116 77 22
117 77 23
123 77 24
124 77 25
122 77 26
116 77 27
121 77 28
123 77 29
122 77 30
119 77 31
123 77 32
118 77 33
118 77 34
118 77 35
120 77 36
116 77 37
121 77 38
123 77 39
119 77 40
121 77 41
119 77 42
121 77 43
112 77 44
116 77 45
121 77 46
122 77 47
122 77 48
121 77 49
122 77 50
126 77 51
118 77 52
122 77 53
119 77 54
123 77 55
119 77 56
122 77 57
123 77 58
122 77 59
120 77 60
120 77 61
117 77 62
117 77 63
118 77 64
124 77 65
127 77 66
121 77 67
124 77 68
119 77 69
121 77 70
120 77 71
120 77 72
117 77 73
125 77 74
125 77 75
121 77 76
127 77 77
120 77 78
120 77 79
125 77 80
124 77 81
124 77 82
122 77 83
125 77 84
121 77 85
121 77 86
123 77 87
122 77 88
115 77 89
118 77 90
119 77 91
121 77 92
118 77 93
121 77 94
115 77 95
122 77 96
125 77 97
122 77 98
123 77 99
118 77 100
128 78 1
128 78 2
123 78 3
128 78 4
128 78 5
126 78 6
127 78 7
127 78 8
128 78 9
128 78 10
126 78 11
127 78 12
124 78 13
127 78 14
128 78 15
127 78 16
128 78 17
123 78 18
128 78 19
126 78 20
128 78 21
125 78 22
122 78 23
127 78 24
128 78 25
127 78 26
125 78 27
127 78 28
128 78 29
127 78 30
127 78 31
128 78 32
127 78 33
125 78 34
124 78 35
127 78 36
125 78 37
127 78 38
127 78 39
126 78 40
127 78 41
126 78 42
127 78 43
121 78 44
124 78 45
128 78 46
128 78 47
127 78 48
127 78 49
127 78 50
128 78 51
127 78 52
128 78 53
126 78 54
128 78 55
127 78 56
127 78 57
128 78 58
127 78 59
126 78 60
127 78 61
126 78 62
124 78 63
125 78 64
128 78 65
128 78 66
128 78 67
128 78 68
126 78 69
127 78 70
127 78 71
127 78 72
124 78 73
128 78 74
128 78 75
127 78 76
128 78 77
128 78 78
126 78 79
128 78 80
128 78 81
127 78 82
127 78 83
128 78 84
127 78 85
127 78 86
128 78 87
127 78 88
123 78 89
127 78 90
125 78 91
127 78 92
126 78 93
127 78 94
125 78 95
127 78 96
127 78 97
127 78 98
128 78 99
126 78 100
127 79 1
127 79 2
126 79 3
127 79 4
127 79 5
127 79 6
128 79 7
127 79 8
127 79 9
127 79 10
125 79 11
126 79 12
125 79 13
126 79 14
127 79 15
127 79 16
127 79 17
123 79 18
127 79 19
125 79 20
128 79 21
125 79 22
124 79 23
127 79 24
127 79 25
127 79 26
127 79 27
128 79 28
127 79 29
127 79 30
126 79 31
127 79 32
125 79 33
124 79 34
124 79 35
126 79 36
127 79 37
127 79 38
128 79 39
127 79 40
126 79 41
127 79 42
126 79 43
123 79 44
125 79 45
127 79 46
127 79 47
127 79 48
127 79 49
128 79 50
127 79 51
125 79 52
127 79 53
127 79 54
126 79 55
126 79 56
127 79 57
127 79 58
127 79 59
126 79 60
126 79 61
126 79 62
126 79 63
127 79 64
127 79 65
127 79 66
128 79 67
126 79 68
127 79 69
126 79 70
127 79 71
127 79 72
124 79 73
126 79 74
126 79 75
126 79 76
127 79 77
126 79 78
128 79 79
127 79 80
128 79 81
127 79 82
128 79 83
127 79 84
127 79 85
127 79 86
127 79 87
127 79 88
126 79 89
127 79 90
127 79 91
127 79 92
127 79 93
128 79 94
126 79 95
126 79 96
127 79 97
127 79 98
127 79 99
125 79 100
128 80 1
128 80 2
123 80 3
128 80 4
128 80 5
127 80 6
126 80 7
128 80 8
128 80 9
128 80 10
124 80 11
126 80 12
123 80 13
127 80 14
128 80 15
128 80 16
127 80 17
121 80 18
128 80 19
124 80 20
127 80 21
122 80 22
123 80 23
127 80 24
127 80 25
127 80 26
124 80 27
126 80 28
127 80 29
127 80 30
126 80 31
127 80 32
126 80 33
124 80 34
122 80 35
125 80 36
124 80 37
128 80 38
128 80 39
125 80 40
127 80 41
126 80 42
126 80 43
120 80 44
122 80 45
127 80 46
127 80 47
128 80 48
128 80 49
127 80 50
128 80 51
125 80 52
127 80 53
125 80 54
127 80 55
125 80 56
128 80 57
128 80 58
128 80 59
125 80 60
126 80 61
124 80 62
124 80 63
126 80 64
128 80 65
128 80 66
127 80 67
127 80 68
126 80 69
127 80 70
128 80 71
126 80 72
123 80 73
127 80 74
127 80 75
127 80 76
128 80 77
126 80 78
126 80 79
128 80 80
128 80 81
127 80 82
127 80 83
127 80 84
127 80 85
127 80 86
128 80 87
128 80 88
123 80 89
126 80 90
125 80 91
128 80 92
126 80 93
128 80 94
123 80 95
127 80 96
128 80 97
128 80 98
128 80 99
124 80 100
128 81 1
128 81 2
119 81 3
128 81 4
127 81 5
122 81 6
123 81 7
127 81 8
128 81 9
128 81 10
122 81 11
123 81 12
120 81 13
126 81 14
128 81 15
126 81 16
124 81 17
119 81 18
127 81 19
121 81 20
125 81 21
121 81 22
119 81 23
126 81 24
128 81 25
125 81 26
120 81 27
125 81 28
128 81 29
126 81 30
124 81 31
128 81 32
122 81 33
121 81 34
121 81 35
124 81 36
121 81 37
124 81 38
127 81 39
123 81 40
127 81 41
122 81 42
125 81 43
116 81 44
120 81 45
125 81 46
126 81 47
127 81 48
125 81 49
124 81 50
128 81 51
122 81 52
128 81 53
122 81 54
128 81 55
125 81 56
127 81 57
128 81 58
126 81 59
123 81 60
123 81 61
121 81 62
120 81 63
122 81 64
128 81 65
128 81 66
125 81 67
128 81 68
123 81 69
126 81 70
125 81 71
125 81 72
121 81 73
128 81 74
128 81 75
125 81 76
128 81 77
125 81 78
123 81 79
128 81 80
128 81 81
127 81 82
125 81 83
128 81 84
125 81 85
125 81 86
128 81 87
126 81 88
120 81 89
123 81 90
122 81 91
124 81 92
121 81 93
125 81 94
121 81 95
126 81 96
126 81 97
126 81 98
126 81 99
122 81 100
128 82 1
128 82 2
122 82 3
128 82 4
128 82 5
126 82 6
126 82 7
128 82 8
128 82 9
128 82 10
124 82 11
126 82 12
122 82 13
128 82 14
128 82 15
128 82 16
127 82 17
121 82 18
128 82 19
124 82 20
127 82 21
123 82 22
122 82 23
128 82 24
128 82 25
127 82 26
123 82 27
126 82 28
128 82 29
128 82 30
127 82 31
128 82 32
126 82 33
124 82 34
123 82 35
126 82 36
123 82 37
128 82 38
128 82 39
125 82 40
128 82 41
125 82 42
127 82 43
119 82 44
122 82 45
127 82 46
127 82 47
128 82 48
128 82 49
127 82 50
128 82 51
125 82 52
128 82 53
124 82 54
128 82 55
126 82 56
128 82 57
128 82 58
128 82 59
125 82 60
126 82 61
123 82 62
123 82 63
125 82 64
128 82 65
128 82 66
127 82 67
128 82 68
126 82 69
128 82 70
128 82 71
127 82 72
124 82 73
128 82 74
128 82 75
128 82 76
128 82 77
127 82 78
125 82 79
128 82 80
128 82 81
128 82 82
127 82 83
128 82 84
127 82 85
128 82 86
128 82 87
128 82 88
122 82 89
126 82 90
124 82 91
128 82 92
125 82 93
128 82 94
123 82 95
128 82 96
128 82 97
128 82 98
128 82 99
125 82 100
128 83 1
128 83 2
122 83 3
128 83 4
128 83 5
126 83 6
126 83 7
128 83 8
128 83 9
128 83 10
124 83 11
126 83 12
122 83 13
128 83 14
128 83 15
128 83 16
127 83 17
121 83 18
128 83 19
124 83 20
127 83 21
123 83 22
122 83 23
128 83 24
128 83 25
127 83 26
123 83 27
126 83 28
128 83 29
128 83 30
127 83 31
128 83 32
126 83 33
124 83 34
123 83 35
126 83 36
123 83 37
128 83 38
128 83 39
125 83 40
128 83 41
125 83 42
127 83 43
119 83 44
122 83 45
127 83 46
127 83 47
128 83 48
128 83 49
127 83 50
128 83 51
125 83 52
128 83 53
124 83 54
128 83 55
126 83 56
128 83 57
128 83 58
128 83 59
125 83 60
126 83 61
123 83 62
123 83 63
125 83 64
128 83 65
128 83 66
127 83 67
128 83 68
126 83 69
128 83 70
128 83 71
127 83 72
124 83 73
128 83 74
128 83 75
128 83 76
128 83 77
127 83 78
125 83 79
128 83 80
128 83 81
128 83 82
127 83 83
128 83 84
127 83 85
128 83 86
128 83 87
128 83 88
122 83 89
126 83 90
124 83 91
128 83 92
125 83 93
128 83 94
123 83 95
128 83 96
128 83 97
128 83 98
128 83 99
125 83 100
128 84 1
127 84 2
118 84 3
126 84 4
126 84 5
123 84 6
123 84 7
127 84 8
128 84 9
127 84 10
122 84 11
123 84 12
121 84 13
125 84 14
127 84 15
125 84 16
122 84 17
118 84 18
126 84 19
120 84 20
123 84 21
120 84 22
119 84 23
126 84 24
127 84 25
125 84 26
119 84 27
123 84 28
127 84 29
126 84 30
123 84 31
127 84 32
121 84 33
122 84 34
120 84 35
122 84 36
119 84 37
125 84 38
128 84 39
122 84 40
126 84 41
123 84 42
124 84 43
116 84 44
121 84 45
124 84 46
124 84 47
126 84 48
124 84 49
123 84 50
127 84 51
122 84 52
126 84 53
121 84 54
127 84 55
123 84 56
128 84 57
128 84 58
126 84 59
122 84 60
124 84 61
120 84 62
120 84 63
122 84 64
127 84 65
127 84 66
125 84 67
127 84 68
123 84 69
125 84 70
124 84 71
125 84 72
120 84 73
128 84 74
128 84 75
124 84 76
127 84 77
124 84 78
122 84 79
126 84 80
127 84 81
127 84 82
126 84 83
128 84 84
124 84 85
125 84 86
127 84 87
126 84 88
119 84 89
122 84 90
122 84 91
123 84 92
120 84 93
125 84 94
119 84 95
125 84 96
126 84 97
125 84 98
124 84 99
122 84 100
126 85 1
127 85 2
126 85 3
126 85 4
126 85 5
126 85 6
127 85 7
126 85 8
126 85 9
126 85 10
125 85 11
128 85 12
127 85 13
126 85 14
127 85 15
126 85 16
125 85 17
126 85 18
126 85 19
125 85 20
128 85 21
125 85 22
125 85 23
126 85 24
125 85 25
126 85 26
127 85 27
128 85 28
127 85 29
126 85 30
125 85 31
126 85 32
126 85 33
125 85 34
125 85 35
126 85 36
128 85 37
127 85 38
128 85 39
127 85 40
125 85 41
126 85 42
126 85 43
127 85 44
125 85 45
127 85 46
128 85 47
128 85 48
127 85 49
127 85 50
127 85 51
126 85 52
125 85 53
127 85 54
126 85 55
125 85 56
126 85 57
126 85 58
126 85 59
126 85 60
126 85 61
126 85 62
128 85 63
127 85 64
128 85 65
126 85 66
128 85 67
125 85 68
127 85 69
127 85 70
128 85 71
125 85 72
126 85 73
125 85 74
125 85 75
126 85 76
126 85 77
125 85 78
127 85 79
126 85 80
127 85 81
126 85 82
127 85 83
126 85 84
127 85 85
125 85 86
127 85 87
126 85 88
127 85 89
127 85 90
127 85 91
127 85 92
128 85 93
127 85 94
125 85 95
125 85 96
127 85 97
127 85 98
126 85 99
126 85 100
128 86 1
128 86 2
126 86 3
128 86 4
128 86 5
128 86 6
128 86 7
128 86 8
128 86 9
128 86 10
128 86 11
128 86 12
126 86 13
128 86 14
128 86 15
128 86 16
128 86 17
125 86 18
128 86 19
128 86 20
128 86 21
127 86 22
125 86 23
128 86 24
128 86 25
128 86 26
127 86 27
128 86 28
128 86 29
128 86 30
128 86 31
128 86 32
128 86 33
126 86 34
126 86 35
128 86 36
127 86 37
128 86 38
128 86 39
128 86 40
128 86 41
128 86 42
128 86 43
124 86 44
127 86 45
128 86 46
128 86 47
128 86 48
128 86 49
128 86 50
128 86 51
128 86 52
128 86 53
127 86 54
128 86 55
128 86 56
128 86 57
128 86 58
128 86 59
128 86 60
128 86 61
128 86 62
126 86 63
127 86 64
128 86 65
128 86 66
128 86 67
128 86 68
128 86 69
128 86 70
128 86 71
128 86 72
127 86 73
128 86 74
128 86 75
128 86 76
128 86 77
128 86 78
128 86 79
128 86 80
128 86 81
128 86 82
128 86 83
128 86 84
128 86 85
128 86 86
128 86 87
128 86 88
126 86 89
128 86 90
128 86 91
128 86 92
128 86 93
128 86 94
127 86 95
128 86 96
128 86 97
128 86 98
128 86 99
128 86 100
125 87 1
125 87 2
121 87 3
125 87 4
126 87 5
125 87 6
124 87 7
126 87 8
124 87 9
125 87 10
125 87 11
124 87 12
123 87 13
124 87 14
126 87 15
125 87 16
127 87 17
121 87 18
126 87 19
125 87 20
124 87 21
122 87 22
122 87 23
125 87 24
126 87 25
124 87 26
123 87 27
124 87 28
124 87 29
125 87 30
125 87 31
124 87 32
123 87 33
124 87 34
122 87 35
124 87 36
121 87 37
127 87 38
124 87 39
124 87 40
126 87 41
125 87 42
125 87 43
117 87 44
122 87 45
124 87 46
124 87 47
124 87 48
126 87 49
125 87 50
125 87 51
123 87 52
125 87 53
121 87 54
126 87 55
126 87 56
126 87 57
125 87 58
125 87 59
124 87 60
124 87 61
123 87 62
121 87 63
124 87 64
125 87 65
125 87 66
124 87 67
125 87 68
125 87 69
125 87 70
124 87 71
124 87 72
122 87 73
126 87 74
126 87 75
124 87 76
124 87 77
125 87 78
125 87 79
126 87 80
125 87 81
127 87 82
124 87 83
124 87 84
126 87 85
126 87 86
125 87 87
125 87 88
121 87 89
125 87 90
124 87 91
125 87 92
123 87 93
125 87 94
122 87 95
125 87 96
125 87 97
124 87 98
125 87 99
123 87 100
128 88 1
128 88 2
119 88 3
128 88 4
127 88 5
122 88 6
123 88 7
127 88 8
128 88 9
128 88 10
122 88 11
123 88 12
120 88 13
126 88 14
128 88 15
126 88 16
124 88 17
119 88 18
127 88 19
121 88 20
125 88 21
121 88 22
119 88 23
126 88 24
128 88 25
125 88 26
120 88 27
125 88 28
128 88 29
126 88 30
124 88 31
128 88 32
122 88 33
121 88 34
121 88 35
124 88 36
121 88 37
124 88 38
127 88 39
123 88 40
127 88 41
122 88 42
125 88 43
116 88 44
120 88 45
125 88 46
126 88 47
127 88 48
125 88 49
124 88 50
128 88 51
122 88 52
128 88 53
122 88 54
128 88 55
125 88 56
127 88 57
128 88 58
126 88 59
123 88 60
123 88 61
121 88 62
120 88 63
122 88 64
128 88 65
128 88 66
125 88 67
128 88 68
123 88 69
126 88 70
125 88 71
125 88 72
121 88 73
128 88 74
128 88 75
125 88 76
128 88 77
125 88 78
123 88 79
128 88 80
128 88 81
127 88 82
125 88 83
128 88 84
125 88 85
125 88 86
128 88 87
126 88 88
120 88 89
123 88 90
122 88 91
124 88 92
121 88 93
125 88 94
121 88 95
126 88 96
126 88 97
126 88 98
126 88 99
122 88 100
128 89 1
128 89 2
126 89 3
128 89 4
128 89 5
128 89 6
128 89 7
128 89 8
128 89 9
128 89 10
128 89 11
128 89 12
127 89 13
128 89 14
128 89 15
128 89 16
128 89 17
126 89 18
128 89 19
128 89 20
128 89 21
127 89 22
126 89 23
128 89 24
128 89 25
128 89 26
128 89 27
128 89 28
128 89 29
128 89 30
128 89 31
128 89 32
128 89 33
127 89 34
127 89 35
128 89 36
127 89 37
128 89 38
128 89 39
128 89 40
128 89 41
128 89 42
128 89 43
126 89 44
127 89 45
128 89 46
128 89 47
128 89 48
128 89 49
128 89 50
128 89 51
128 89 52
128 89 53
127 89 54
128 89 55
128 89 56
128 89 57
128 89 58
128 89 59
128 89 60
128 89 61
127 89 62
126 89 63
127 89 64
128 89 65
128 89 66
128 89 67
128 89 68
128 89 69
128 89 70
128 89 71
128 89 72
127 89 73
128 89 74
128 89 75
128 89 76
128 89 77
128 89 78
128 89 79
128 89 80
128 89 81
128 89 82
128 89 83
128 89 84
128 89 85
128 89 86
128 89 87
128 89 88
127 89 89
128 89 90
127 89 91
128 89 92
128 89 93
128 89 94
127 89 95
128 89 96
128 89 97
128 89 98
128 89 99
128 89 100
125 90 1
125 90 2
122 90 3
126 90 4
124 90 5
125 90 6
126 90 7
124 90 8
125 90 9
125 90 10
124 90 11
125 90 12
123 90 13
126 90 14
125 90 15
124 90 16
125 90 17
121 90 18
124 90 19
126 90 20
124 90 21
122 90 22
122 90 23
124 90 24
125 90 25
125 90 26
126 90 27
125 90 28
126 90 29
125 90 30
127 90 31
127 90 32
126 90 33
125 90 34
123 90 35
124 90 36
124 90 37
126 90 38
126 90 39
127 90 40
124 90 41
126 90 42
126 90 43
121 90 44
123 90 45
125 90 46
126 90 47
127 90 48
125 90 49
125 90 50
124 90 51
125 90 52
128 90 53
122 90 54
125 90 55
126 90 56
125 90 57
124 90 58
125 90 59
125 90 60
126 90 61
126 90 62
122 90 63
125 90 64
126 90 65
125 90 66
125 90 67
125 90 68
127 90 69
125 90 70
126 90 71
124 90 72
124 90 73
125 90 74
126 90 75
127 90 76
124 90 77
124 90 78
125 90 79
124 90 80
126 90 81
124 90 82
125 90 83
126 90 84
127 90 85
125 90 86
126 90 87
125 90 88
122 90 89
126 90 90
125 90 91
124 90 92
125 90 93
126 90 94
122 90 95
126 90 96
125 90 97
124 90 98
127 90 99
125 90 100
127 91 1
127 91 2
123 91 3
127 91 4
127 91 5
127 91 6
128 91 7
127 91 8
128 91 9
127 91 10
126 91 11
128 91 12
124 91 13
127 91 14
127 91 15
127 91 16
126 91 17
123 91 18
128 91 19
126 91 20
128 91 21
125 91 22
123 91 23
127 91 24
128 91 25
128 91 26
125 91 27
127 91 28
127 91 29
127 91 30
127 91 31
127 91 32
126 91 33
124 91 34
126 91 35
127 91 36
125 91 37
127 91 38
127 91 39
126 91 40
127 91 41
127 91 42
128 91 43
121 91 44
124 91 45
127 91 46
127 91 47
128 91 48
128 91 49
128 91 50
127 91 51
127 91 52
127 91 53
125 91 54
127 91 55
127 91 56
128 91 57
127 91 58
127 91 59
128 91 60
126 91 61
125 91 62
123 91 63
125 91 64
127 91 65
127 91 66
127 91 67
128 91 68
127 91 69
127 91 70
128 91 71
128 91 72
126 91 73
127 91 74
128 91 75
128 91 76
128 91 77
128 91 78
127 91 79
127 91 80
127 91 81
128 91 82
127 91 83
127 91 84
127 91 85
128 91 86
127 91 87
128 91 88
123 91 89
127 91 90
125 91 91
128 91 92
127 91 93
128 91 94
124 91 95
127 91 96
128 91 97
127 91 98
127 91 99
127 91 100
128 92 1
128 92 2
126 92 3
128 92 4
128 92 5
128 92 6
128 92 7
128 92 8
128 92 9
128 92 10
127 92 11
128 92 12
127 92 13
127 92 14
128 92 15
128 92 16
127 92 17
124 92 18
128 92 19
127 92 20
128 92 21
125 92 22
124 92 23
127 92 24
127 92 25
128 92 26
128 92 27
128 92 28
127 92 29
127 92 30
127 92 31
127 92 32
127 92 33
126 92 34
126 92 35
127 92 36
127 92 37
128 92 38
128 92 39
127 92 40
127 92 41
128 92 42
127 92 43
124 92 44
126 92 45
128 92 46
128 92 47
128 92 48
128 92 49
128 92 50
128 92 51
127 92 52
127 92 53
127 92 54
127 92 55
127 92 56
128 92 57
128 92 58
128 92 59
128 92 60
127 92 61
127 92 62
126 92 63
127 92 64
128 92 65
128 92 66
128 92 67
127 92 68
128 92 69
127 92 70
128 92 71
127 92 72
125 92 73
127 92 74
127 92 75
127 92 76
128 92 77
127 92 78
128 92 79
128 92 80
128 92 81
127 92 82
128 92 83
127 92 84
128 92 85
127 92 86
128 92 87
128 92 88
125 92 89
128 92 90
127 92 91
128 92 92
128 92 93
128 92 94
126 92 95
127 92 96
128 92 97
128 92 98
128 92 99
127 92 100
128 93 1
128 93 2
125 93 3
128 93 4
128 93 5
128 93 6
128 93 7
128 93 8
128 93 9
128 93 10
128 93 11
128 93 12
126 93 13
128 93 14
128 93 15
128 93 16
128 93 17
124 93 18
128 93 19
128 93 20
128 93 21
126 93 22
124 93 23
128 93 24
128 93 25
128 93 26
127 93 27
128 93 28
128 93 29
128 93 30
128 93 31
128 93 32
128 93 33
126 93 34
126 93 35
128 93 36
126 93 37
128 93 38
128 93 39
128 93 40
128 93 41
128 93 42
128 93 43
123 93 44
126 93 45
128 93 46
128 93 47
128 93 48
128 93 49
128 93 50
128 93 51
128 93 52
128 93 53
126 93 54
128 93 55
128 93 56
128 93 57
128 93 58
128 93 59
128 93 60
128 93 61
127 93 62
125 93 63
126 93 64
128 93 65
128 93 66
128 93 67
128 93 68
128 93 69
128 93 70
128 93 71
128 93 72
126 93 73
128 93 74
128 93 75
128 93 76
128 93 77
128 93 78
128 93 79
128 93 80
128 93 81
128 93 82
128 93 83
128 93 84
128 93 85
128 93 86
128 93 87
128 93 88
125 93 89
128 93 90
127 93 91
128 93 92
128 93 93
128 93 94
126 93 95
128 93 96
128 93 97
128 93 98
128 93 99
128 93 100
128 94 1
128 94 2
121 94 3
128 94 4
128 94 5
125 94 6
125 94 7
128 94 8
128 94 9
128 94 10
124 94 11
125 94 12
122 94 13
128 94 14
128 94 15
128 94 16
126 94 17
120 94 18
128 94 19
123 94 20
127 94 21
122 94 22
121 94 23
128 94 24
128 94 25
127 94 26
122 94 27
126 94 28
128 94 29
128 94 30
126 94 31
128 94 32
125 94 33
123 94 34
123 94 35
125 94 36
123 94 37
127 94 38
128 94 39
125 94 40
128 94 41
125 94 42
127 94 43
118 94 44
122 94 45
126 94 46
127 94 47
128 94 48
127 94 49
126 94 50
128 94 51
124 94 52
128 94 53
123 94 54
128 94 55
126 94 56
128 94 57
128 94 58
128 94 59
125 94 60
125 94 61
123 94 62
122 94 63
124 94 64
128 94 65
128 94 66
126 94 67
128 94 68
126 94 69
128 94 70
127 94 71
127 94 72
123 94 73
128 94 74
128 94 75
128 94 76
128 94 77
127 94 78
125 94 79
128 94 80
128 94 81
128 94 82
127 94 83
128 94 84
127 94 85
128 94 86
128 94 87
128 94 88
122 94 89
125 94 90
124 94 91
127 94 92
124 94 93
127 94 94
123 94 95
128 94 96
128 94 97
128 94 98
128 94 99
124 94 100
128 95 1
128 95 2
128 95 3
128 95 4
128 95 5
128 95 6
128 95 7
128 95 8
128 95 9
128 95 10
128 95 11
128 95 12
128 95 13
128 95 14
128 95 15
128 95 16
128 95 17
128 95 18
128 95 19
128 95 20
128 95 21
128 95 22
127 95 23
128 95 24
128 95 25
128 95 26
128 95 27
128 95 28
128 95 29
128 95 30
128 95 31
128 95 32
128 95 33
128 95 34
128 95 35
128 95 36
128 95 37
128 95 38
128 95 39
128 95 40
128 95 41
128 95 42
128 95 43
128 95 44
128 95 45
128 95 46
128 95 47
128 95 48
128 95 49
128 95 50
128 95 51
128 95 52
128 95 53
128 95 54
128 95 55
128 95 56
128 95 57
128 95 58
128 95 59
128 95 60
128 95 61
128 95 62
128 95 63
128 95 64
128 95 65
128 95 66
128 95 67
128 95 68
128 95 69
128 95 70
128 95 71
128 95 72
128 95 73
128 95 74
128 95 75
128 95 76
128 95 77
128 95 78
128 95 79
128 95 80
128 95 81
128 95 82
128 95 83
128 95 84
128 95 85
128 95 86
128 95 87
128 95 88
128 95 89
128 95 90
128 95 91
128 95 92
128 95 93
128 95 94
128 95 95
128 95 96
128 95 97
128 95 98
128 95 99
128 95 100
128 96 1
128 96 2
126 96 3
128 96 4
127 96 5
127 96 6
127 96 7
128 96 8
128 96 9
128 96 10
128 96 11
127 96 12
126 96 13
128 96 14
127 96 15
128 96 16
127 96 17
124 96 18
127 96 19
128 96 20
127 96 21
126 96 22
124 96 23
127 96 24
128 96 25
128 96 26
128 96 27
127 96 28
128 96 29
127 96 30
128 96 31
128 96 32
127 96 33
126 96 34
127 96 35
127 96 36
126 96 37
127 96 38
127 96 39
128 96 40
128 96 41
127 96 42
128 96 43
125 96 44
126 96 45
127 96 46
127 96 47
128 96 48
127 96 49
127 96 50
128 96 51
127 96 52
128 96 53
126 96 54
128 96 55
127 96 56
127 96 57
128 96 58
128 96 59
128 96 60
127 96 61
126 96 62
126 96 63
126 96 64
127 96 65
128 96 66
127 96 67
128 96 68
128 96 69
128 96 70
128 96 71
127 96 72
127 96 73
128 96 74
128 96 75
127 96 76
128 96 77
127 96 78
127 96 79
127 96 80
128 96 81
127 96 82
127 96 83
128 96 84
127 96 85
127 96 86
128 96 87
128 96 88
125 96 89
127 96 90
127 96 91
128 96 92
127 96 93
127 96 94
126 96 95
128 96 96
127 96 97
128 96 98
127 96 99
128 96 100
128 97 1
128 97 2
121 97 3
128 97 4
128 97 5
125 97 6
125 97 7
128 97 8
128 97 9
128 97 10
124 97 11
125 97 12
122 97 13
128 97 14
128 97 15
128 97 16
126 97 17
120 97 18
128 97 19
123 97 20
127 97 21
122 97 22
121 97 23
128 97 24
128 97 25
127 97 26
122 97 27
126 97 28
128 97 29
128 97 30
126 97 31
128 97 32
125 97 33
123 97 34
123 97 35
125 97 36
123 97 37
127 97 38
128 97 39
125 97 40
128 97 41
125 97 42
127 97 43
118 97 44
122 97 45
126 97 46
127 97 47
128 97 48
127 97 49
126 97 50
128 97 51
124 97 52
128 97 53
123 97 54
128 97 55
126 97 56
128 97 57
128 97 58
128 97 59
125 97 60
125 97 61
123 97 62
122 97 63
124 97 64
128 97 65
128 97 66
126 97 67
128 97 68
126 97 69
128 97 70
127 97 71
127 97 72
123 97 73
128 97 74
128 97 75
128 97 76
128 97 77
127 97 78
125 97 79
128 97 80
128 97 81
128 97 82
127 97 83
128 97 84
127 97 85
128 97 86
128 97 87
128 97 88
122 97 89
125 97 90
124 97 91
127 97 92
124 97 93
127 97 94
123 97 95
128 97 96
128 97 97
128 97 98
128 97 99
124 97 100
128 98 1
128 98 2
124 98 3
128 98 4
128 98 5
126 98 6
127 98 7
128 98 8
128 98 9
128 98 10
127 98 11
127 98 12
125 98 13
128 98 14
128 98 15
128 98 16
126 98 17
124 98 18
128 98 19
126 98 20
128 98 21
126 98 22
123 98 23
128 98 24
128 98 25
128 98 26
125 98 27
128 98 28
128 98 29
128 98 30
127 98 31
128 98 32
126 98 33
124 98 34
126 98 35
127 98 36
126 98 37
127 98 38
128 98 39
127 98 40
128 98 41
127 98 42
128 98 43
122 98 44
126 98 45
127 98 46
128 98 47
128 98 48
127 98 49
127 98 50
128 98 51
126 98 52
128 98 53
125 98 54
128 98 55
128 98 56
128 98 57
128 98 58
128 98 59
128 98 60
126 98 61
127 98 62
124 98 63
125 98 64
128 98 65
128 98 66
127 98 67
128 98 68
128 98 69
128 98 70
127 98 71
128 98 72
126 98 73
128 98 74
128 98 75
128 98 76
128 98 77
128 98 78
127 98 79
128 98 80
128 98 81
128 98 82
128 98 83
128 98 84
128 98 85
128 98 86
128 98 87
128 98 88
125 98 89
127 98 90
127 98 91
127 98 92
126 98 93
127 98 94
126 98 95
128 98 96
128 98 97
128 98 98
128 98 99
127 98 100
123 99 1
124 99 2
126 99 3
123 99 4
123 99 5
125 99 6
125 99 7
123 99 8
124 99 9
125 99 10
124 99 11
127 99 12
123 99 13
124 99 14
123 99 15
124 99 16
126 99 17
123 99 18
125 99 19
124 99 20
125 99 21
125 99 22
122 99 23
126 99 24
126 99 25
126 99 26
125 99 27
125 99 28
125 99 29
125 99 30
125 99 31
124 99 32
125 99 33
123 99 34
122 99 35
125 99 36
123 99 37
124 99 38
125 99 39
125 99 40
123 99 41
124 99 42
124 99 43
123 99 44
124 99 45
125 99 46
125 99 47
123 99 48
124 99 49
127 99 50
124 99 51
127 99 52
124 99 53
124 99 54
124 99 55
123 99 56
123 99 57
125 99 58
124 99 59
124 99 60
126 99 61
123 99 62
124 99 63
123 99 64
125 99 65
126 99 66
126 99 67
123 99 68
123 99 69
123 99 70
124 99 71
126 99 72
123 99 73
125 99 74
125 99 75
127 99 76
126 99 77
125 99 78
126 99 79
124 99 80
125 99 81
125 99 82
126 99 83
125 99 84
123 99 85
125 99 86
123 99 87
125 99 88
125 99 89
125 99 90
124 99 91
124 99 92
125 99 93
126 99 94
125 99 95
127 99 96
124 99 97
126 99 98
123 99 99
125 99 100
126 100 1
126 100 2
125 100 3
125 100 4
126 100 5
126 100 6
127 100 7
125 100 8
125 100 9
127 100 10
125 100 11
127 100 12
124 100 13
125 100 14
125 100 15
126 100 16
125 100 17
124 100 18
127 100 19
125 100 20
125 100 21
126 100 22
124 100 23
127 100 24
127 100 25
127 100 26
124 100 27
127 100 28
125 100 29
128 100 30
127 100 31
126 100 32
126 100 33
126 100 34
126 100 35
128 100 36
124 100 37
126 100 38
127 100 39
125 100 40
127 100 41
124 100 42
126 100 43
123 100 44
125 100 45
126 100 46
126 100 47
125 100 48
125 100 49
126 100 50
126 100 51
126 100 52
125 100 53
124 100 54
125 100 55
125 100 56
125 100 57
126 100 58
126 100 59
126 100 60
125 100 61
123 100 62
123 100 63
124 100 64
126 100 65
127 100 66
127 100 67
127 100 68
125 100 69
125 100 70
126 100 71
128 100 72
125 100 73
128 100 74
127 100 75
127 100 76
126 100 77
125 100 78
125 100 79
126 100 80
125 100 81
125 100 82
127 100 83
127 100 84
125 100 85
126 100 86
125 100 87
126 100 88
123 100 89
126 100 90
124 100 91
125 100 92
124 100 93
126 100 94
123 100 95
127 100 96
126 100 97
126 100 98
125 100 99
128 100 100
