215 1 1
173 1 2
204 1 3
191 1 4
215 1 5
198 1 6
207 1 7
198 1 8
195 1 9
184 1 10
198 1 11
193 1 12
210 1 13
189 1 14
197 1 15
204 1 16
201 1 17
195 1 18
196 1 19
189 1 20
185 1 21
199 1 22
213 1 23
196 1 24
181 1 25
207 1 26
206 1 27
189 1 28
212 1 29
204 1 30
188 1 31
206 1 32
199 1 33
191 1 34
200 1 35
215 1 36
198 1 37
190 1 38
206 1 39
209 1 40
196 1 41
215 1 42
193 1 43
215 1 44
209 1 45
217 1 46
196 1 47
186 1 48
190 1 49
199 1 50
199 1 51
201 1 52
190 1 53
204 1 54
196 1 55
191 1 56
205 1 57
201 1 58
198 1 59
214 1 60
181 1 61
211 1 62
199 1 63
209 1 64
196 1 65
198 1 66
198 1 67
192 1 68
203 1 69
209 1 70
205 1 71
199 1 72
197 1 73
197 1 74
200 1 75
182 1 76
200 1 77
204 1 78
200 1 79
198 1 80
193 1 81
204 1 82
195 1 83
197 1 84
196 1 85
199 1 86
207 1 87
211 1 88
218 1 89
197 1 90
197 1 91
195 1 92
202 1 93
206 1 94
203 1 95
191 1 96
190 1 97
205 1 98
207 1 99
177 1 100
205 2 1
176 2 2
201 2 3
185 2 4
205 2 5
196 2 6
199 2 7
194 2 8
193 2 9
177 2 10
197 2 11
191 2 12
204 2 13
179 2 14
199 2 15
201 2 16
199 2 17
194 2 18
198 2 19
188 2 20
182 2 21
200 2 22
204 2 23
186 2 24
178 2 25
201 2 26
204 2 27
187 2 28
203 2 29
201 2 30
179 2 31
205 2 32
193 2 33
191 2 34
195 2 35
208 2 36
200 2 37
183 2 38
197 2 39
201 2 40
192 2 41
204 2 42
186 2 43
206 2 44
200 2 45
212 2 46
190 2 47
185 2 48
187 2 49
194 2 50
188 2 51
194 2 52
187 2 53
198 2 54
185 2 55
189 2 56
199 2 57
192 2 58
192 2 59
206 2 60
176 2 61
201 2 62
190 2 63
202 2 64
190 2 65
190 2 66
195 2 67
187 2 68
196 2 69
205 2 70
206 2 71
191 2 72
188 2 73
193 2 74
195 2 75
177 2 76
191 2 77
198 2 78
194 2 79
192 2 80
190 2 81
196 2 82
190 2 83
189 2 84
190 2 85
194 2 86
199 2 87
206 2 88
210 2 89
193 2 90
191 2 91
199 2 92
198 2 93
193 2 94
200 2 95
186 2 96
182 2 97
198 2 98
201 2 99
177 2 100
218 3 1
180 3 2
213 3 3
193 3 4
218 3 5
208 3 6
213 3 7
206 3 8
199 3 9
192 3 10
204 3 11
196 3 12
217 3 13
191 3 14
203 3 15
211 3 16
208 3 17
201 3 18
202 3 19
196 3 20
191 3 21
207 3 22
220 3 23
201 3 24
187 3 25
206 3 26
215 3 27
194 3 28
220 3 29
213 3 30
193 3 31
212 3 32
204 3 33
198 3 34
206 3 35
219 3 36
205 3 37
195 3 38
209 3 39
211 3 40
201 3 41
217 3 42
201 3 43
220 3 44
217 3 45
223 3 46
204 3 47
191 3 48
199 3 49
207 3 50
202 3 51
208 3 52
197 3 53
208 3 54
199 3 55
194 3 56
207 3 57
206 3 58
208 3 59
220 3 60
189 3 61
213 3 62
204 3 63
215 3 64
200 3 65
200 3 66
204 3 67
199 3 68
209 3 69
215 3 70
213 3 71
203 3 72
206 3 73
201 3 74
207 3 75
190 3 76
203 3 77
209 3 78
204 3 79
204 3 80
198 3 81
207 3 82
199 3 83
202 3 84
203 3 85
204 3 86
209 3 87
218 3 88
223 3 89
203 3 90
201 3 91
200 3 92
209 3 93
211 3 94
211 3 95
194 3 96
198 3 97
211 3 98
213 3 99
186 3 100
215 4 1
179 4 2
206 4 3
190 4 4
216 4 5
203 4 6
207 4 7
201 4 8
199 4 9
187 4 10
202 4 11
197 4 12
214 4 13
193 4 14
199 4 15
206 4 16
202 4 17
199 4 18
197 4 19
194 4 20
186 4 21
203 4 22
216 4 23
198 4 24
187 4 25
204 4 26
209 4 27
193 4 28
212 4 29
210 4 30
190 4 31
208 4 32
202 4 33
196 4 34
200 4 35
216 4 36
204 4 37
192 4 38
205 4 39
207 4 40
198 4 41
213 4 42
194 4 43
216 4 44
212 4 45
219 4 46
199 4 47
190 4 48
199 4 49
207 4 50
197 4 51
204 4 52
192 4 53
205 4 54
197 4 55
197 4 56
201 4 57
203 4 58
202 4 59
214 4 60
183 4 61
212 4 62
200 4 63
211 4 64
196 4 65
194 4 66
196 4 67
195 4 68
202 4 69
210 4 70
211 4 71
199 4 72
201 4 73
197 4 74
202 4 75
184 4 76
199 4 77
205 4 78
200 4 79
200 4 80
193 4 81
205 4 82
199 4 83
200 4 84
198 4 85
202 4 86
207 4 87
214 4 88
221 4 89
204 4 90
203 4 91
198 4 92
205 4 93
208 4 94
205 4 95
190 4 96
192 4 97
207 4 98
209 4 99
181 4 100
206 5 1
171 5 2
204 5 3
185 5 4
213 5 5
192 5 6
198 5 7
193 5 8
192 5 9
181 5 10
196 5 11
190 5 12
204 5 13
180 5 14
191 5 15
198 5 16
197 5 17
190 5 18
190 5 19
187 5 20
188 5 21
201 5 22
211 5 23
193 5 24
175 5 25
200 5 26
201 5 27
188 5 28
207 5 29
200 5 30
183 5 31
200 5 32
191 5 33
186 5 34
199 5 35
209 5 36
192 5 37
183 5 38
201 5 39
205 5 40
191 5 41
204 5 42
188 5 43
204 5 44
206 5 45
214 5 46
197 5 47
184 5 48
188 5 49
193 5 50
193 5 51
200 5 52
191 5 53
196 5 54
185 5 55
188 5 56
194 5 57
195 5 58
197 5 59
207 5 60
178 5 61
198 5 62
195 5 63
200 5 64
194 5 65
192 5 66
193 5 67
191 5 68
198 5 69
205 5 70
202 5 71
191 5 72
197 5 73
190 5 74
198 5 75
182 5 76
191 5 77
198 5 78
193 5 79
197 5 80
189 5 81
194 5 82
190 5 83
188 5 84
192 5 85
191 5 86
198 5 87
202 5 88
210 5 89
192 5 90
191 5 91
195 5 92
200 5 93
204 5 94
198 5 95
181 5 96
186 5 97
195 5 98
198 5 99
178 5 100
212 6 1
174 6 2
209 6 3
190 6 4
213 6 5
204 6 6
208 6 7
201 6 8
197 6 9
182 6 10
204 6 11
193 6 12
213 6 13
188 6 14
196 6 15
203 6 16
209 6 17
199 6 18
196 6 19
193 6 20
193 6 21
207 6 22
218 6 23
194 6 24
184 6 25
203 6 26
212 6 27
190 6 28
214 6 29
208 6 30
194 6 31
209 6 32
201 6 33
195 6 34
207 6 35
214 6 36
202 6 37
195 6 38
203 6 39
208 6 40
199 6 41
212 6 42
189 6 43
216 6 44
209 6 45
219 6 46
198 6 47
189 6 48
196 6 49
201 6 50
193 6 51
204 6 52
192 6 53
202 6 54
195 6 55
196 6 56
201 6 57
201 6 58
202 6 59
213 6 60
188 6 61
206 6 62
200 6 63
211 6 64
195 6 65
195 6 66
202 6 67
192 6 68
205 6 69
211 6 70
205 6 71
197 6 72
200 6 73
195 6 74
198 6 75
185 6 76
198 6 77
201 6 78
197 6 79
200 6 80
195 6 81
202 6 82
199 6 83
194 6 84
201 6 85
196 6 86
204 6 87
209 6 88
218 6 89
199 6 90
196 6 91
200 6 92
207 6 93
203 6 94
202 6 95
191 6 96
194 6 97
204 6 98
206 6 99
180 6 100
214 7 1
180 7 2
212 7 3
193 7 4
215 7 5
203 7 6
213 7 7
202 7 8
197 7 9
188 7 10
202 7 11
197 7 12
213 7 13
191 7 14
200 7 15
206 7 16
202 7 17
199 7 18
200 7 19
192 7 20
186 7 21
203 7 22
217 7 23
202 7 24
182 7 25
206 7 26
208 7 27
192 7 28
217 7 29
209 7 30
190 7 31
210 7 32
201 7 33
198 7 34
203 7 35
217 7 36
199 7 37
191 7 38
206 7 39
209 7 40
202 7 41
213 7 42
196 7 43
219 7 44
213 7 45
222 7 46
200 7 47
192 7 48
194 7 49
206 7 50
197 7 51
203 7 52
191 7 53
206 7 54
195 7 55
193 7 56
203 7 57
203 7 58
201 7 59
217 7 60
187 7 61
210 7 62
199 7 63
210 7 64
195 7 65
198 7 66
198 7 67
196 7 68
204 7 69
213 7 70
209 7 71
201 7 72
204 7 73
198 7 74
205 7 75
187 7 76
203 7 77
208 7 78
197 7 79
205 7 80
197 7 81
204 7 82
195 7 83
203 7 84
199 7 85
200 7 86
209 7 87
216 7 88
224 7 89
201 7 90
202 7 91
198 7 92
202 7 93
208 7 94
206 7 95
190 7 96
195 7 97
207 7 98
209 7 99
179 7 100
215 8 1
178 8 2
209 8 3
190 8 4
213 8 5
203 8 6
212 8 7
205 8 8
194 8 9
185 8 10
204 8 11
191 8 12
214 8 13
188 8 14
200 8 15
204 8 16
203 8 17
198 8 18
195 8 19
193 8 20
187 8 21
202 8 22
214 8 23
195 8 24
182 8 25
205 8 26
209 8 27
189 8 28
218 8 29
206 8 30
189 8 31
207 8 32
199 8 33
197 8 34
203 8 35
214 8 36
197 8 37
192 8 38
208 8 39
207 8 40
199 8 41
212 8 42
197 8 43
218 8 44
213 8 45
221 8 46
194 8 47
186 8 48
194 8 49
204 8 50
197 8 51
204 8 52
191 8 53
203 8 54
199 8 55
192 8 56
203 8 57
205 8 58
201 8 59
217 8 60
185 8 61
212 8 62
202 8 63
209 8 64
194 8 65
194 8 66
200 8 67
194 8 68
205 8 69
212 8 70
209 8 71
204 8 72
202 8 73
195 8 74
203 8 75
186 8 76
199 8 77
207 8 78
198 8 79
202 8 80
195 8 81
203 8 82
194 8 83
199 8 84
202 8 85
204 8 86
204 8 87
216 8 88
220 8 89
197 8 90
196 8 91
195 8 92
203 8 93
209 8 94
204 8 95
193 8 96
190 8 97
211 8 98
206 8 99
182 8 100
214 9 1
176 9 2
210 9 3
188 9 4
214 9 5
206 9 6
208 9 7
204 9 8
202 9 9
185 9 10
196 9 11
192 9 12
214 9 13
187 9 14
198 9 15
209 9 16
203 9 17
197 9 18
196 9 19
194 9 20
191 9 21
205 9 22
215 9 23
200 9 24
182 9 25
202 9 26
210 9 27
190 9 28
212 9 29
205 9 30
189 9 31
206 9 32
197 9 33
191 9 34
203 9 35
214 9 36
198 9 37
192 9 38
202 9 39
207 9 40
201 9 41
213 9 42
193 9 43
212 9 44
209 9 45
219 9 46
199 9 47
189 9 48
195 9 49
202 9 50
195 9 51
201 9 52
196 9 53
203 9 54
194 9 55
192 9 56
203 9 57
201 9 58
202 9 59
213 9 60
184 9 61
210 9 62
199 9 63
210 9 64
198 9 65
199 9 66
201 9 67
195 9 68
205 9 69
208 9 70
212 9 71
197 9 72
203 9 73
197 9 74
203 9 75
182 9 76
200 9 77
202 9 78
199 9 79
199 9 80
196 9 81
199 9 82
197 9 83
200 9 84
202 9 85
202 9 86
203 9 87
212 9 88
218 9 89
200 9 90
200 9 91
195 9 92
205 9 93
206 9 94
206 9 95
190 9 96
197 9 97
206 9 98
209 9 99
180 9 100
209 10 1
171 10 2
208 10 3
187 10 4
213 10 5
199 10 6
208 10 7
203 10 8
193 10 9
187 10 10
201 10 11
191 10 12
209 10 13
190 10 14
196 10 15
202 10 16
197 10 17
192 10 18
193 10 19
192 10 20
186 10 21
198 10 22
218 10 23
198 10 24
178 10 25
202 10 26
203 10 27
189 10 28
215 10 29
205 10 30
188 10 31
206 10 32
198 10 33
192 10 34
202 10 35
212 10 36
197 10 37
187 10 38
203 10 39
208 10 40
196 10 41
210 10 42
192 10 43
212 10 44
207 10 45
214 10 46
194 10 47
187 10 48
187 10 49
199 10 50
201 10 51
199 10 52
192 10 53
200 10 54
194 10 55
187 10 56
200 10 57
203 10 58
198 10 59
212 10 60
180 10 61
208 10 62
197 10 63
205 10 64
194 10 65
197 10 66
196 10 67
191 10 68
203 10 69
205 10 70
209 10 71
196 10 72
199 10 73
193 10 74
200 10 75
183 10 76
203 10 77
204 10 78
199 10 79
204 10 80
194 10 81
204 10 82
194 10 83
199 10 84
197 10 85
200 10 86
203 10 87
209 10 88
218 10 89
195 10 90
196 10 91
196 10 92
204 10 93
205 10 94
203 10 95
191 10 96
192 10 97
202 10 98
204 10 99
178 10 100
215 11 1
184 11 2
212 11 3
193 11 4
216 11 5
206 11 6
212 11 7
205 11 8
199 11 9
190 11 10
209 11 11
202 11 12
216 11 13
192 11 14
200 11 15
208 11 16
207 11 17
201 11 18
204 11 19
196 11 20
193 11 21
206 11 22
218 11 23
199 11 24
189 11 25
206 11 26
213 11 27
192 11 28
215 11 29
211 11 30
194 11 31
208 11 32
202 11 33
201 11 34
207 11 35
217 11 36
202 11 37
193 11 38
205 11 39
209 11 40
199 11 41
214 11 42
198 11 43
216 11 44
214 11 45
222 11 46
200 11 47
195 11 48
199 11 49
206 11 50
201 11 51
204 11 52
197 11 53
210 11 54
196 11 55
192 11 56
206 11 57
203 11 58
201 11 59
219 11 60
194 11 61
213 11 62
206 11 63
209 11 64
198 11 65
196 11 66
202 11 67
196 11 68
207 11 69
210 11 70
213 11 71
201 11 72
202 11 73
200 11 74
202 11 75
191 11 76
201 11 77
207 11 78
203 11 79
206 11 80
200 11 81
207 11 82
200 11 83
199 11 84
202 11 85
203 11 86
210 11 87
216 11 88
223 11 89
202 11 90
203 11 91
202 11 92
208 11 93
203 11 94
207 11 95
193 11 96
194 11 97
202 11 98
210 11 99
187 11 100
213 12 1
174 12 2
202 12 3
191 12 4
210 12 5
199 12 6
205 12 7
196 12 8
191 12 9
180 12 10
200 12 11
200 12 12
207 12 13
188 12 14
197 12 15
200 12 16
199 12 17
197 12 18
193 12 19
196 12 20
186 12 21
203 12 22
211 12 23
195 12 24
185 12 25
201 12 26
208 12 27
189 12 28
207 12 29
204 12 30
188 12 31
206 12 32
193 12 33
192 12 34
201 12 35
209 12 36
202 12 37
188 12 38
196 12 39
200 12 40
195 12 41
205 12 42
187 12 43
209 12 44
202 12 45
213 12 46
192 12 47
188 12 48
194 12 49
198 12 50
192 12 51
197 12 52
192 12 53
200 12 54
191 12 55
189 12 56
196 12 57
196 12 58
192 12 59
203 12 60
182 12 61
204 12 62
196 12 63
208 12 64
193 12 65
191 12 66
198 12 67
191 12 68
204 12 69
207 12 70
206 12 71
194 12 72
195 12 73
194 12 74
193 12 75
185 12 76
196 12 77
198 12 78
195 12 79
192 12 80
191 12 81
198 12 82
193 12 83
193 12 84
199 12 85
199 12 86
196 12 87
208 12 88
213 12 89
195 12 90
195 12 91
193 12 92
202 12 93
200 12 94
196 12 95
186 12 96
189 12 97
202 12 98
209 12 99
181 12 100
220 13 1
183 13 2
217 13 3
193 13 4
218 13 5
208 13 6
210 13 7
205 13 8
201 13 9
187 13 10
209 13 11
200 13 12
221 13 13
192 13 14
205 13 15
208 13 16
210 13 17
202 13 18
202 13 19
198 13 20
195 13 21
207 13 22
221 13 23
203 13 24
190 13 25
209 13 26
211 13 27
195 13 28
216 13 29
213 13 30
194 13 31
215 13 32
205 13 33
198 13 34
209 13 35
221 13 36
206 13 37
194 13 38
208 13 39
215 13 40
203 13 41
215 13 42
197 13 43
220 13 44
216 13 45
225 13 46
202 13 47
193 13 48
199 13 49
204 13 50
202 13 51
207 13 52
199 13 53
208 13 54
198 13 55
198 13 56
207 13 57
209 13 58
208 13 59
220 13 60
191 13 61
212 13 62
205 13 63
212 13 64
202 13 65
197 13 66
205 13 67
200 13 68
210 13 69
212 13 70
213 13 71
205 13 72
204 13 73
203 13 74
206 13 75
190 13 76
204 13 77
210 13 78
204 13 79
204 13 80
199 13 81
207 13 82
201 13 83
204 13 84
206 13 85
205 13 86
209 13 87
217 13 88
225 13 89
205 13 90
206 13 91
202 13 92
213 13 93
210 13 94
211 13 95
194 13 96
196 13 97
211 13 98
212 13 99
187 13 100
213 14 1
180 14 2
214 14 3
192 14 4
216 14 5
205 14 6
210 14 7
201 14 8
198 14 9
187 14 10
205 14 11
195 14 12
212 14 13
195 14 14
202 14 15
207 14 16
207 14 17
200 14 18
203 14 19
193 14 20
186 14 21
206 14 22
214 14 23
200 14 24
188 14 25
204 14 26
210 14 27
196 14 28
216 14 29
210 14 30
194 14 31
212 14 32
202 14 33
197 14 34
203 14 35
217 14 36
200 14 37
193 14 38
205 14 39
211 14 40
198 14 41
215 14 42
195 14 43
214 14 44
212 14 45
221 14 46
201 14 47
193 14 48
195 14 49
202 14 50
200 14 51
205 14 52
197 14 53
206 14 54
198 14 55
190 14 56
205 14 57
203 14 58
202 14 59
218 14 60
187 14 61
209 14 62
200 14 63
208 14 64
195 14 65
199 14 66
199 14 67
197 14 68
205 14 69
211 14 70
209 14 71
202 14 72
202 14 73
198 14 74
203 14 75
187 14 76
200 14 77
207 14 78
201 14 79
203 14 80
197 14 81
205 14 82
197 14 83
201 14 84
199 14 85
199 14 86
207 14 87
212 14 88
220 14 89
200 14 90
202 14 91
199 14 92
208 14 93
203 14 94
207 14 95
192 14 96
194 14 97
207 14 98
210 14 99
183 14 100
211 15 1
179 15 2
212 15 3
193 15 4
213 15 5
199 15 6
207 15 7
196 15 8
194 15 9
185 15 10
202 15 11
194 15 12
215 15 13
189 15 14
200 15 15
206 15 16
204 15 17
197 15 18
195 15 19
191 15 20
189 15 21
203 15 22
208 15 23
198 15 24
185 15 25
199 15 26
208 15 27
194 15 28
213 15 29
208 15 30
193 15 31
208 15 32
201 15 33
199 15 34
202 15 35
213 15 36
197 15 37
193 15 38
202 15 39
209 15 40
199 15 41
212 15 42
190 15 43
216 15 44
209 15 45
216 15 46
201 15 47
189 15 48
194 15 49
201 15 50
196 15 51
201 15 52
192 15 53
202 15 54
195 15 55
192 15 56
202 15 57
202 15 58
198 15 59
213 15 60
187 15 61
204 15 62
197 15 63
202 15 64
195 15 65
194 15 66
200 15 67
192 15 68
206 15 69
208 15 70
208 15 71
201 15 72
198 15 73
195 15 74
202 15 75
186 15 76
198 15 77
203 15 78
200 15 79
198 15 80
198 15 81
203 15 82
197 15 83
198 15 84
203 15 85
198 15 86
202 15 87
210 15 88
215 15 89
202 15 90
199 15 91
194 15 92
204 15 93
200 15 94
203 15 95
191 15 96
191 15 97
202 15 98
210 15 99
180 15 100
208 16 1
175 16 2
203 16 3
190 16 4
209 16 5
204 16 6
204 16 7
199 16 8
193 16 9
180 16 10
193 16 11
190 16 12
205 16 13
185 16 14
200 16 15
206 16 16
198 16 17
189 16 18
189 16 19
189 16 20
184 16 21
199 16 22
208 16 23
192 16 24
182 16 25
200 16 26
205 16 27
185 16 28
208 16 29
203 16 30
184 16 31
204 16 32
194 16 33
188 16 34
196 16 35
208 16 36
195 16 37
186 16 38
201 16 39
204 16 40
190 16 41
204 16 42
193 16 43
211 16 44
201 16 45
212 16 46
194 16 47
182 16 48
188 16 49
195 16 50
195 16 51
198 16 52
192 16 53
203 16 54
193 16 55
184 16 56
203 16 57
194 16 58
196 16 59
210 16 60
179 16 61
206 16 62
192 16 63
204 16 64
191 16 65
193 16 66
191 16 67
189 16 68
199 16 69
210 16 70
205 16 71
192 16 72
195 16 73
196 16 74
199 16 75
183 16 76
192 16 77
199 16 78
195 16 79
194 16 80
195 16 81
197 16 82
188 16 83
191 16 84
190 16 85
197 16 86
201 16 87
208 16 88
216 16 89
190 16 90
191 16 91
194 16 92
201 16 93
195 16 94
197 16 95
182 16 96
192 16 97
202 16 98
202 16 99
175 16 100
214 17 1
180 17 2
212 17 3
190 17 4
213 17 5
201 17 6
208 17 7
201 17 8
194 17 9
185 17 10
205 17 11
198 17 12
214 17 13
192 17 14
197 17 15
201 17 16
210 17 17
201 17 18
197 17 19
198 17 20
189 17 21
206 17 22
213 17 23
198 17 24
192 17 25
202 17 26
209 17 27
187 17 28
211 17 29
210 17 30
192 17 31
210 17 32
204 17 33
197 17 34
204 17 35
214 17 36
201 17 37
192 17 38
207 17 39
211 17 40
196 17 41
211 17 42
193 17 43
214 17 44
212 17 45
221 17 46
199 17 47
195 17 48
198 17 49
199 17 50
197 17 51
202 17 52
193 17 53
205 17 54
194 17 55
193 17 56
202 17 57
199 17 58
200 17 59
210 17 60
192 17 61
206 17 62
204 17 63
207 17 64
199 17 65
193 17 66
199 17 67
194 17 68
206 17 69
205 17 70
208 17 71
203 17 72
204 17 73
201 17 74
201 17 75
187 17 76
198 17 77
209 17 78
201 17 79
196 17 80
193 17 81
204 17 82
196 17 83
198 17 84
201 17 85
201 17 86
203 17 87
211 17 88
219 17 89
199 17 90
201 17 91
202 17 92
207 17 93
204 17 94
206 17 95
190 17 96
191 17 97
206 17 98
207 17 99
182 17 100
211 18 1
180 18 2
209 18 3
187 18 4
211 18 5
201 18 6
206 18 7
199 18 8
197 18 9
180 18 10
202 18 11
198 18 12
213 18 13
191 18 14
197 18 15
203 18 16
204 18 17
206 18 18
193 18 19
191 18 20
187 18 21
203 18 22
216 18 23
194 18 24
189 18 25
202 18 26
211 18 27
189 18 28
210 18 29
207 18 30
192 18 31
209 18 32
197 18 33
199 18 34
202 18 35
212 18 36
201 18 37
191 18 38
205 18 39
209 18 40
196 18 41
212 18 42
190 18 43
214 18 44
206 18 45
219 18 46
197 18 47
191 18 48
201 18 49
204 18 50
190 18 51
201 18 52
193 18 53
202 18 54
193 18 55
198 18 56
203 18 57
201 18 58
202 18 59
206 18 60
186 18 61
205 18 62
199 18 63
210 18 64
199 18 65
191 18 66
200 18 67
192 18 68
203 18 69
209 18 70
207 18 71
192 18 72
200 18 73
198 18 74
197 18 75
187 18 76
197 18 77
206 18 78
198 18 79
197 18 80
193 18 81
202 18 82
196 18 83
198 18 84
201 18 85
197 18 86
199 18 87
208 18 88
215 18 89
198 18 90
196 18 91
203 18 92
206 18 93
201 18 94
203 18 95
188 18 96
188 18 97
205 18 98
209 18 99
182 18 100
212 19 1
180 19 2
209 19 3
191 19 4
211 19 5
203 19 6
204 19 7
202 19 8
199 19 9
184 19 10
198 19 11
195 19 12
213 19 13
189 19 14
198 19 15
204 19 16
200 19 17
197 19 18
200 19 19
192 19 20
189 19 21
203 19 22
211 19 23
195 19 24
182 19 25
202 19 26
208 19 27
190 19 28
213 19 29
205 19 30
188 19 31
208 19 32
195 19 33
195 19 34
202 19 35
213 19 36
200 19 37
193 19 38
201 19 39
208 19 40
199 19 41
212 19 42
194 19 43
217 19 44
209 19 45
221 19 46
197 19 47
190 19 48
196 19 49
203 19 50
201 19 51
202 19 52
190 19 53
206 19 54
190 19 55
192 19 56
200 19 57
201 19 58
201 19 59
216 19 60
187 19 61
206 19 62
198 19 63
206 19 64
196 19 65
193 19 66
197 19 67
192 19 68
202 19 69
212 19 70
210 19 71
193 19 72
202 19 73
198 19 74
199 19 75
185 19 76
196 19 77
202 19 78
197 19 79
200 19 80
194 19 81
202 19 82
198 19 83
197 19 84
204 19 85
200 19 86
202 19 87
211 19 88
221 19 89
200 19 90
200 19 91
200 19 92
205 19 93
201 19 94
203 19 95
188 19 96
192 19 97
203 19 98
206 19 99
182 19 100
214 20 1
182 20 2
214 20 3
194 20 4
217 20 5
208 20 6
210 20 7
203 20 8
198 20 9
187 20 10
205 20 11
202 20 12
214 20 13
195 20 14
200 20 15
206 20 16
209 20 17
202 20 18
200 20 19
201 20 20
191 20 21
206 20 22
215 20 23
202 20 24
192 20 25
205 20 26
213 20 27
194 20 28
217 20 29
212 20 30
197 20 31
212 20 32
203 20 33
199 20 34
206 20 35
221 20 36
203 20 37
194 20 38
204 20 39
211 20 40
198 20 41
213 20 42
197 20 43
218 20 44
213 20 45
221 20 46
203 20 47
196 20 48
199 20 49
204 20 50
200 20 51
205 20 52
197 20 53
208 20 54
198 20 55
196 20 56
206 20 57
203 20 58
205 20 59
217 20 60
194 20 61
214 20 62
203 20 63
211 20 64
198 20 65
196 20 66
200 20 67
197 20 68
207 20 69
211 20 70
212 20 71
202 20 72
204 20 73
199 20 74
205 20 75
189 20 76
203 20 77
210 20 78
204 20 79
201 20 80
198 20 81
204 20 82
197 20 83
201 20 84
203 20 85
202 20 86
208 20 87
212 20 88
220 20 89
202 20 90
201 20 91
200 20 92
208 20 93
206 20 94
209 20 95
192 20 96
196 20 97
207 20 98
209 20 99
186 20 100
210 21 1
178 21 2
209 21 3
190 21 4
212 21 5
202 21 6
203 21 7
196 21 8
197 21 9
180 21 10
201 21 11
196 21 12
211 21 13
188 21 14
195 21 15
199 21 16
201 21 17
196 21 18
194 21 19
193 21 20
194 21 21
204 21 22
209 21 23
196 21 24
184 21 25
200 21 26
211 21 27
190 21 28
212 21 29
207 21 30
190 21 31
207 21 32
198 21 33
192 21 34
198 21 35
215 21 36
196 21 37
193 21 38
201 21 39
208 21 40
198 21 41
210 21 42
196 21 43
215 21 44
207 21 45
216 21 46
203 21 47
189 21 48
193 21 49
202 21 50
195 21 51
205 21 52
192 21 53
201 21 54
189 21 55
194 21 56
199 21 57
201 21 58
199 21 59
215 21 60
185 21 61
206 21 62
196 21 63
203 21 64
192 21 65
195 21 66
200 21 67
192 21 68
203 21 69
207 21 70
207 21 71
193 21 72
198 21 73
195 21 74
202 21 75
187 21 76
196 21 77
198 21 78
200 21 79
197 21 80
190 21 81
203 21 82
198 21 83
194 21 84
203 21 85
200 21 86
202 21 87
208 21 88
218 21 89
198 21 90
200 21 91
197 21 92
207 21 93
203 21 94
204 21 95
190 21 96
190 21 97
206 21 98
207 21 99
183 21 100
210 22 1
178 22 2
208 22 3
190 22 4
213 22 5
201 22 6
204 22 7
200 22 8
196 22 9
181 22 10
200 22 11
201 22 12
213 22 13
190 22 14
198 22 15
199 22 16
203 22 17
199 22 18
198 22 19
194 22 20
189 22 21
207 22 22
210 22 23
195 22 24
185 22 25
204 22 26
213 22 27
190 22 28
212 22 29
204 22 30
188 22 31
204 22 32
201 22 33
197 22 34
204 22 35
215 22 36
199 22 37
191 22 38
207 22 39
208 22 40
198 22 41
213 22 42
195 22 43
212 22 44
208 22 45
221 22 46
200 22 47
190 22 48
194 22 49
203 22 50
198 22 51
204 22 52
191 22 53
203 22 54
192 22 55
193 22 56
200 22 57
204 22 58
202 22 59
214 22 60
188 22 61
206 22 62
199 22 63
211 22 64
198 22 65
192 22 66
198 22 67
195 22 68
204 22 69
209 22 70
209 22 71
200 22 72
202 22 73
198 22 74
201 22 75
189 22 76
200 22 77
201 22 78
196 22 79
201 22 80
192 22 81
201 22 82
196 22 83
194 22 84
200 22 85
200 22 86
201 22 87
214 22 88
219 22 89
198 22 90
200 22 91
199 22 92
207 22 93
201 22 94
207 22 95
190 22 96
193 22 97
206 22 98
207 22 99
182 22 100
214 23 1
178 23 2
214 23 3
190 23 4
217 23 5
205 23 6
210 23 7
205 23 8
198 23 9
187 23 10
203 23 11
198 23 12
217 23 13
193 23 14
204 23 15
206 23 16
208 23 17
197 23 18
200 23 19
194 23 20
194 23 21
209 23 22
222 23 23
203 23 24
187 23 25
204 23 26
211 23 27
192 23 28
215 23 29
209 23 30
192 23 31
209 23 32
205 23 33
197 23 34
208 23 35
220 23 36
202 23 37
193 23 38
210 23 39
210 23 40
202 23 41
213 23 42
197 23 43
219 23 44
214 23 45
223 23 46
201 23 47
192 23 48
197 23 49
205 23 50
199 23 51
204 23 52
198 23 53
208 23 54
199 23 55
198 23 56
204 23 57
207 23 58
207 23 59
216 23 60
190 23 61
213 23 62
203 23 63
210 23 64
202 23 65
198 23 66
202 23 67
198 23 68
207 23 69
213 23 70
212 23 71
205 23 72
202 23 73
200 23 74
202 23 75
189 23 76
204 23 77
206 23 78
200 23 79
205 23 80
199 23 81
208 23 82
199 23 83
200 23 84
202 23 85
206 23 86
208 23 87
214 23 88
220 23 89
204 23 90
202 23 91
201 23 92
210 23 93
209 23 94
206 23 95
193 23 96
195 23 97
206 23 98
212 23 99
186 23 100
213 24 1
173 24 2
206 24 3
193 24 4
214 24 5
201 24 6
210 24 7
201 24 8
192 24 9
183 24 10
199 24 11
193 24 12
208 24 13
187 24 14
197 24 15
203 24 16
201 24 17
196 24 18
198 24 19
198 24 20
189 24 21
199 24 22
216 24 23
196 24 24
182 24 25
203 24 26
208 24 27
190 24 28
215 24 29
207 24 30
189 24 31
205 24 32
199 24 33
190 24 34
201 24 35
215 24 36
204 24 37
193 24 38
200 24 39
208 24 40
197 24 41
213 24 42
193 24 43
208 24 44
207 24 45
217 24 46
196 24 47
185 24 48
188 24 49
201 24 50
196 24 51
198 24 52
192 24 53
205 24 54
195 24 55
191 24 56
202 24 57
202 24 58
196 24 59
212 24 60
185 24 61
211 24 62
199 24 63
209 24 64
195 24 65
194 24 66
198 24 67
190 24 68
205 24 69
210 24 70
210 24 71
203 24 72
198 24 73
197 24 74
201 24 75
185 24 76
199 24 77
201 24 78
200 24 79
196 24 80
194 24 81
201 24 82
197 24 83
196 24 84
200 24 85
198 24 86
202 24 87
210 24 88
221 24 89
198 24 90
198 24 91
197 24 92
204 24 93
206 24 94
208 24 95
189 24 96
194 24 97
199 24 98
207 24 99
179 24 100
206 25 1
177 25 2
209 25 3
183 25 4
208 25 5
200 25 6
201 25 7
198 25 8
195 25 9
179 25 10
196 25 11
194 25 12
211 25 13
185 25 14
198 25 15
199 25 16
199 25 17
199 25 18
197 25 19
194 25 20
186 25 21
202 25 22
214 25 23
197 25 24
189 25 25
199 25 26
207 25 27
190 25 28
209 25 29
204 25 30
189 25 31
207 25 32
195 25 33
194 25 34
202 25 35
213 25 36
198 25 37
185 25 38
201 25 39
205 25 40
195 25 41
207 25 42
192 25 43
213 25 44
209 25 45
218 25 46
193 25 47
186 25 48
194 25 49
195 25 50
193 25 51
198 25 52
190 25 53
203 25 54
189 25 55
190 25 56
200 25 57
199 25 58
194 25 59
210 25 60
183 25 61
203 25 62
198 25 63
202 25 64
196 25 65
193 25 66
197 25 67
189 25 68
202 25 69
207 25 70
208 25 71
196 25 72
198 25 73
198 25 74
202 25 75
184 25 76
192 25 77
207 25 78
196 25 79
198 25 80
191 25 81
202 25 82
195 25 83
190 25 84
194 25 85
199 25 86
198 25 87
207 25 88
218 25 89
196 25 90
201 25 91
198 25 92
203 25 93
199 25 94
203 25 95
187 25 96
190 25 97
200 25 98
203 25 99
179 25 100
215 26 1
177 26 2
206 26 3
187 26 4
213 26 5
200 26 6
208 26 7
202 26 8
200 26 9
187 26 10
199 26 11
193 26 12
212 26 13
190 26 14
198 26 15
205 26 16
203 26 17
193 26 18
199 26 19
191 26 20
191 26 21
202 26 22
212 26 23
195 26 24
182 26 25
208 26 26
206 26 27
190 26 28
213 26 29
203 26 30
187 26 31
205 26 32
197 26 33
190 26 34
204 26 35
212 26 36
199 26 37
194 26 38
201 26 39
206 26 40
196 26 41
208 26 42
194 26 43
212 26 44
205 26 45
219 26 46
202 26 47
188 26 48
195 26 49
200 26 50
201 26 51
201 26 52
194 26 53
203 26 54
193 26 55
189 26 56
202 26 57
202 26 58
206 26 59
218 26 60
188 26 61
209 26 62
200 26 63
211 26 64
196 26 65
198 26 66
197 26 67
193 26 68
204 26 69
210 26 70
207 26 71
197 26 72
199 26 73
195 26 74
200 26 75
187 26 76
199 26 77
200 26 78
198 26 79
203 26 80
193 26 81
200 26 82
194 26 83
198 26 84
200 26 85
195 26 86
204 26 87
210 26 88
220 26 89
198 26 90
198 26 91
198 26 92
204 26 93
205 26 94
206 26 95
188 26 96
192 26 97
207 26 98
210 26 99
181 26 100
218 27 1
181 27 2
209 27 3
195 27 4
212 27 5
203 27 6
204 27 7
201 27 8
197 27 9
184 27 10
207 27 11
196 27 12
212 27 13
190 27 14
199 27 15
206 27 16
208 27 17
201 27 18
200 27 19
196 27 20
189 27 21
207 27 22
216 27 23
195 27 24
188 27 25
202 27 26
214 27 27
190 27 28
212 27 29
209 27 30
195 27 31
207 27 32
198 27 33
200 27 34
205 27 35
213 27 36
205 27 37
195 27 38
207 27 39
205 27 40
199 27 41
215 27 42
195 27 43
213 27 44
209 27 45
218 27 46
202 27 47
197 27 48
196 27 49
202 27 50
198 27 51
204 27 52
193 27 53
207 27 54
192 27 55
192 27 56
206 27 57
201 27 58
201 27 59
216 27 60
193 27 61
208 27 62
204 27 63
210 27 64
198 27 65
198 27 66
199 27 67
193 27 68
203 27 69
208 27 70
210 27 71
197 27 72
203 27 73
196 27 74
201 27 75
188 27 76
195 27 77
202 27 78
201 27 79
199 27 80
195 27 81
202 27 82
201 27 83
197 27 84
202 27 85
200 27 86
202 27 87
213 27 88
219 27 89
204 27 90
201 27 91
202 27 92
208 27 93
204 27 94
203 27 95
192 27 96
195 27 97
206 27 98
208 27 99
184 27 100
211 28 1
176 28 2
211 28 3
182 28 4
211 28 5
199 28 6
205 28 7
203 28 8
194 28 9
187 28 10
197 28 11
192 28 12
212 28 13
182 28 14
198 28 15
200 28 16
199 28 17
193 28 18
192 28 19
191 28 20
184 28 21
198 28 22
213 28 23
196 28 24
179 28 25
203 28 26
204 28 27
187 28 28
213 28 29
204 28 30
190 28 31
205 28 32
196 28 33
191 28 34
200 28 35
211 28 36
196 28 37
191 28 38
201 28 39
204 28 40
191 28 41
206 28 42
193 28 43
212 28 44
206 28 45
217 28 46
194 28 47
185 28 48
195 28 49
204 28 50
198 28 51
203 28 52
189 28 53
201 28 54
192 28 55
190 28 56
201 28 57
197 28 58
198 28 59
208 28 60
184 28 61
208 28 62
200 28 63
208 28 64
193 28 65
192 28 66
196 28 67
190 28 68
204 28 69
206 28 70
204 28 71
196 28 72
201 28 73
191 28 74
202 28 75
186 28 76
197 28 77
201 28 78
197 28 79
201 28 80
193 28 81
206 28 82
191 28 83
196 28 84
200 28 85
196 28 86
202 28 87
211 28 88
215 28 89
197 28 90
196 28 91
194 28 92
200 28 93
205 28 94
203 28 95
188 28 96
189 28 97
202 28 98
204 28 99
183 28 100
214 29 1
178 29 2
209 29 3
193 29 4
214 29 5
203 29 6
212 29 7
204 29 8
195 29 9
188 29 10
200 29 11
192 29 12
211 29 13
190 29 14
198 29 15
206 29 16
201 29 17
196 29 18
197 29 19
189 29 20
186 29 21
199 29 22
215 29 23
196 29 24
181 29 25
206 29 26
205 29 27
190 29 28
215 29 29
207 29 30
190 29 31
210 29 32
198 29 33
193 29 34
202 29 35
215 29 36
198 29 37
195 29 38
204 29 39
207 29 40
198 29 41
213 29 42
195 29 43
213 29 44
211 29 45
220 29 46
198 29 47
189 29 48
192 29 49
199 29 50
196 29 51
201 29 52
193 29 53
203 29 54
196 29 55
189 29 56
204 29 57
202 29 58
202 29 59
216 29 60
184 29 61
209 29 62
200 29 63
205 29 64
195 29 65
197 29 66
197 29 67
190 29 68
206 29 69
211 29 70
210 29 71
199 29 72
199 29 73
197 29 74
203 29 75
186 29 76
200 29 77
205 29 78
198 29 79
202 29 80
200 29 81
201 29 82
195 29 83
199 29 84
200 29 85
202 29 86
207 29 87
212 29 88
221 29 89
198 29 90
199 29 91
197 29 92
204 29 93
204 29 94
204 29 95
190 29 96
191 29 97
207 29 98
207 29 99
179 29 100
213 30 1
180 30 2
209 30 3
188 30 4
214 30 5
204 30 6
208 30 7
198 30 8
193 30 9
185 30 10
205 30 11
197 30 12
211 30 13
189 30 14
199 30 15
201 30 16
208 30 17
202 30 18
198 30 19
197 30 20
191 30 21
205 30 22
212 30 23
193 30 24
188 30 25
203 30 26
214 30 27
191 30 28
215 30 29
211 30 30
192 30 31
208 30 32
201 30 33
202 30 34
203 30 35
215 30 36
201 30 37
193 30 38
207 30 39
214 30 40
199 30 41
213 30 42
198 30 43
217 30 44
210 30 45
217 30 46
198 30 47
189 30 48
196 30 49
203 30 50
199 30 51
204 30 52
195 30 53
204 30 54
196 30 55
194 30 56
206 30 57
201 30 58
201 30 59
215 30 60
192 30 61
210 30 62
201 30 63
209 30 64
196 30 65
194 30 66
200 30 67
195 30 68
204 30 69
212 30 70
205 30 71
199 30 72
206 30 73
197 30 74
206 30 75
186 30 76
198 30 77
204 30 78
197 30 79
202 30 80
194 30 81
204 30 82
194 30 83
196 30 84
203 30 85
203 30 86
205 30 87
213 30 88
217 30 89
201 30 90
197 30 91
202 30 92
204 30 93
207 30 94
207 30 95
192 30 96
192 30 97
204 30 98
208 30 99
184 30 100
207 31 1
177 31 2
200 31 3
186 31 4
200 31 5
201 31 6
201 31 7
192 31 8
188 31 9
176 31 10
199 31 11
193 31 12
204 31 13
183 31 14
189 31 15
198 31 16
196 31 17
196 31 18
189 31 19
187 31 20
187 31 21
196 31 22
207 31 23
189 31 24
177 31 25
195 31 26
207 31 27
186 31 28
207 31 29
204 31 30
195 31 31
198 31 32
192 31 33
193 31 34
197 31 35
206 31 36
194 31 37
188 31 38
198 31 39
202 31 40
191 31 41
203 31 42
191 31 43
205 31 44
204 31 45
211 31 46
193 31 47
187 31 48
190 31 49
197 31 50
189 31 51
195 31 52
185 31 53
197 31 54
189 31 55
190 31 56
195 31 57
193 31 58
198 31 59
210 31 60
187 31 61
198 31 62
192 31 63
200 31 64
187 31 65
187 31 66
192 31 67
187 31 68
194 31 69
201 31 70
199 31 71
190 31 72
197 31 73
189 31 74
197 31 75
187 31 76
186 31 77
197 31 78
188 31 79
188 31 80
189 31 81
193 31 82
195 31 83
192 31 84
198 31 85
192 31 86
194 31 87
205 31 88
213 31 89
196 31 90
193 31 91
192 31 92
198 31 93
202 31 94
199 31 95
183 31 96
188 31 97
198 31 98
200 31 99
182 31 100
215 32 1
178 32 2
213 32 3
193 32 4
217 32 5
208 32 6
213 32 7
204 32 8
199 32 9
187 32 10
205 32 11
197 32 12
218 32 13
193 32 14
200 32 15
208 32 16
206 32 17
202 32 18
200 32 19
197 32 20
192 32 21
204 32 22
220 32 23
202 32 24
188 32 25
207 32 26
211 32 27
191 32 28
219 32 29
213 32 30
194 32 31
214 32 32
203 32 33
198 32 34
206 32 35
219 32 36
199 32 37
194 32 38
209 32 39
211 32 40
202 32 41
215 32 42
198 32 43
221 32 44
215 32 45
222 32 46
202 32 47
192 32 48
195 32 49
204 32 50
201 32 51
206 32 52
197 32 53
208 32 54
198 32 55
194 32 56
203 32 57
205 32 58
206 32 59
216 32 60
187 32 61
212 32 62
205 32 63
210 32 64
199 32 65
199 32 66
204 32 67
198 32 68
209 32 69
213 32 70
214 32 71
204 32 72
204 32 73
201 32 74
207 32 75
188 32 76
203 32 77
209 32 78
202 32 79
205 32 80
196 32 81
207 32 82
198 32 83
204 32 84
202 32 85
204 32 86
208 32 87
215 32 88
223 32 89
201 32 90
202 32 91
199 32 92
209 32 93
209 32 94
209 32 95
194 32 96
195 32 97
209 32 98
210 32 99
184 32 100
214 33 1
182 33 2
213 33 3
192 33 4
215 33 5
206 33 6
210 33 7
202 33 8
198 33 9
186 33 10
207 33 11
200 33 12
215 33 13
190 33 14
203 33 15
209 33 16
205 33 17
201 33 18
201 33 19
196 33 20
192 33 21
207 33 22
217 33 23
199 33 24
189 33 25
207 33 26
213 33 27
194 33 28
217 33 29
209 33 30
194 33 31
211 33 32
207 33 33
200 33 34
208 33 35
218 33 36
202 33 37
195 33 38
210 33 39
211 33 40
199 33 41
214 33 42
198 33 43
217 33 44
210 33 45
221 33 46
203 33 47
195 33 48
197 33 49
204 33 50
201 33 51
205 33 52
195 33 53
206 33 54
194 33 55
197 33 56
209 33 57
203 33 58
200 33 59
216 33 60
193 33 61
213 33 62
203 33 63
215 33 64
199 33 65
200 33 66
201 33 67
196 33 68
206 33 69
210 33 70
211 33 71
199 33 72
206 33 73
198 33 74
202 33 75
190 33 76
200 33 77
208 33 78
201 33 79
201 33 80
197 33 81
207 33 82
200 33 83
201 33 84
208 33 85
203 33 86
209 33 87
217 33 88
223 33 89
205 33 90
200 33 91
201 33 92
210 33 93
208 33 94
207 33 95
194 33 96
194 33 97
208 33 98
210 33 99
184 33 100
214 34 1
180 34 2
209 34 3
188 34 4
210 34 5
199 34 6
207 34 7
200 34 8
195 34 9
181 34 10
205 34 11
199 34 12
212 34 13
188 34 14
199 34 15
202 34 16
206 34 17
200 34 18
202 34 19
194 34 20
190 34 21
204 34 22
209 34 23
201 34 24
184 34 25
201 34 26
215 34 27
188 34 28
208 34 29
207 34 30
193 34 31
208 34 32
199 34 33
202 34 34
206 34 35
216 34 36
204 34 37
190 34 38
199 34 39
207 34 40
197 34 41
212 34 42
194 34 43
213 34 44
210 34 45
217 34 46
200 34 47
190 34 48
195 34 49
203 34 50
200 34 51
200 34 52
192 34 53
205 34 54
196 34 55
194 34 56
201 34 57
197 34 58
200 34 59
215 34 60
188 34 61
206 34 62
201 34 63
206 34 64
196 34 65
195 34 66
197 34 67
193 34 68
203 34 69
205 34 70
209 34 71
200 34 72
201 34 73
197 34 74
200 34 75
185 34 76
201 34 77
202 34 78
200 34 79
197 34 80
197 34 81
204 34 82
194 34 83
197 34 84
199 34 85
202 34 86
206 34 87
209 34 88
216 34 89
198 34 90
199 34 91
197 34 92
203 34 93
201 34 94
205 34 95
191 34 96
190 34 97
203 34 98
208 34 99
186 34 100
215 35 1
183 35 2
211 35 3
190 35 4
215 35 5
205 35 6
207 35 7
200 35 8
197 35 9
185 35 10
205 35 11
195 35 12
211 35 13
191 35 14
200 35 15
206 35 16
205 35 17
200 35 18
198 35 19
198 35 20
190 35 21
203 35 22
213 35 23
199 35 24
185 35 25
207 35 26
212 35 27
190 35 28
209 35 29
210 35 30
196 35 31
209 35 32
196 35 33
198 35 34
212 35 35
215 35 36
201 35 37
193 35 38
202 35 39
208 35 40
196 35 41
211 35 42
194 35 43
218 35 44
211 35 45
217 35 46
199 35 47
189 35 48
197 35 49
201 35 50
198 35 51
201 35 52
193 35 53
207 35 54
195 35 55
196 35 56
201 35 57
203 35 58
203 35 59
215 35 60
188 35 61
208 35 62
200 35 63
207 35 64
195 35 65
193 35 66
203 35 67
196 35 68
203 35 69
208 35 70
206 35 71
196 35 72
198 35 73
195 35 74
200 35 75
188 35 76
200 35 77
206 35 78
204 35 79
202 35 80
194 35 81
205 35 82
198 35 83
196 35 84
202 35 85
204 35 86
209 35 87
211 35 88
220 35 89
198 35 90
196 35 91
199 35 92
204 35 93
201 35 94
204 35 95
185 35 96
190 35 97
205 35 98
206 35 99
184 35 100
214 36 1
183 36 2
214 36 3
193 36 4
214 36 5
206 36 6
211 36 7
206 36 8
198 36 9
183 36 10
205 36 11
202 36 12
214 36 13
190 36 14
200 36 15
207 36 16
211 36 17
205 36 18
199 36 19
197 36 20
192 36 21
209 36 22
216 36 23
200 36 24
189 36 25
205 36 26
214 36 27
196 36 28
215 36 29
212 36 30
193 36 31
212 36 32
199 36 33
203 36 34
207 36 35
221 36 36
205 36 37
195 36 38
209 36 39
212 36 40
202 36 41
215 36 42
197 36 43
217 36 44
215 36 45
223 36 46
201 36 47
195 36 48
199 36 49
204 36 50
199 36 51
206 36 52
195 36 53
210 36 54
199 36 55
197 36 56
205 36 57
204 36 58
204 36 59
217 36 60
192 36 61
211 36 62
202 36 63
212 36 64
199 36 65
200 36 66
200 36 67
196 36 68
205 36 69
210 36 70
210 36 71
201 36 72
205 36 73
201 36 74
204 36 75
190 36 76
198 36 77
207 36 78
200 36 79
199 36 80
197 36 81
206 36 82
200 36 83
199 36 84
204 36 85
204 36 86
207 36 87
214 36 88
221 36 89
202 36 90
203 36 91
203 36 92
208 36 93
208 36 94
207 36 95
193 36 96
195 36 97
208 36 98
211 36 99
185 36 100
214 37 1
184 37 2
214 37 3
193 37 4
215 37 5
204 37 6
212 37 7
201 37 8
197 37 9
186 37 10
207 37 11
200 37 12
216 37 13
193 37 14
205 37 15
206 37 16
208 37 17
201 37 18
200 37 19
196 37 20
192 37 21
206 37 22
219 37 23
201 37 24
188 37 25
207 37 26
210 37 27
195 37 28
215 37 29
211 37 30
195 37 31
209 37 32
202 37 33
198 37 34
206 37 35
218 37 36
206 37 37
196 37 38
207 37 39
209 37 40
200 37 41
212 37 42
195 37 43
218 37 44
215 37 45
220 37 46
199 37 47
197 37 48
200 37 49
206 37 50
202 37 51
206 37 52
201 37 53
207 37 54
196 37 55
195 37 56
205 37 57
205 37 58
205 37 59
214 37 60
192 37 61
211 37 62
203 37 63
214 37 64
202 37 65
197 37 66
203 37 67
194 37 68
208 37 69
212 37 70
213 37 71
201 37 72
204 37 73
201 37 74
200 37 75
190 37 76
202 37 77
206 37 78
203 37 79
202 37 80
201 37 81
203 37 82
200 37 83
202 37 84
204 37 85
204 37 86
209 37 87
214 37 88
220 37 89
201 37 90
200 37 91
203 37 92
208 37 93
204 37 94
208 37 95
192 37 96
196 37 97
208 37 98
211 37 99
185 37 100
210 38 1
179 38 2
210 38 3
189 38 4
213 38 5
201 38 6
205 38 7
203 38 8
195 38 9
184 38 10
206 38 11
198 38 12
212 38 13
187 38 14
198 38 15
199 38 16
203 38 17
202 38 18
199 38 19
196 38 20
189 38 21
203 38 22
210 38 23
197 38 24
185 38 25
202 38 26
211 38 27
193 38 28
210 38 29
206 38 30
188 38 31
209 38 32
196 38 33
201 38 34
204 38 35
214 38 36
203 38 37
198 38 38
204 38 39
206 38 40
196 38 41
210 38 42
192 38 43
216 38 44
207 38 45
219 38 46
198 38 47
190 38 48
193 38 49
202 38 50
199 38 51
204 38 52
191 38 53
202 38 54
193 38 55
195 38 56
202 38 57
197 38 58
199 38 59
211 38 60
188 38 61
208 38 62
199 38 63
207 38 64
194 38 65
196 38 66
200 38 67
193 38 68
203 38 69
207 38 70
209 38 71
200 38 72
201 38 73
193 38 74
204 38 75
185 38 76
199 38 77
205 38 78
199 38 79
199 38 80
193 38 81
205 38 82
198 38 83
197 38 84
203 38 85
199 38 86
203 38 87
214 38 88
218 38 89
196 38 90
199 38 91
197 38 92
204 38 93
202 38 94
205 38 95
190 38 96
192 38 97
201 38 98
205 38 99
185 38 100
213 39 1
179 39 2
209 39 3
189 39 4
216 39 5
204 39 6
206 39 7
204 39 8
197 39 9
188 39 10
201 39 11
194 39 12
215 39 13
188 39 14
196 39 15
203 39 16
205 39 17
199 39 18
199 39 19
191 39 20
188 39 21
202 39 22
214 39 23
196 39 24
182 39 25
204 39 26
206 39 27
186 39 28
212 39 29
210 39 30
193 39 31
208 39 32
200 39 33
194 39 34
200 39 35
215 39 36
201 39 37
195 39 38
205 39 39
207 39 40
197 39 41
210 39 42
197 39 43
216 39 44
210 39 45
219 39 46
197 39 47
188 39 48
192 39 49
202 39 50
200 39 51
204 39 52
192 39 53
204 39 54
197 39 55
193 39 56
204 39 57
200 39 58
205 39 59
215 39 60
184 39 61
209 39 62
202 39 63
209 39 64
195 39 65
194 39 66
198 39 67
192 39 68
206 39 69
211 39 70
213 39 71
197 39 72
200 39 73
198 39 74
205 39 75
184 39 76
203 39 77
205 39 78
202 39 79
201 39 80
193 39 81
206 39 82
192 39 83
201 39 84
201 39 85
202 39 86
206 39 87
211 39 88
219 39 89
199 39 90
199 39 91
196 39 92
206 39 93
206 39 94
208 39 95
190 39 96
191 39 97
204 39 98
208 39 99
180 39 100
205 40 1
178 40 2
206 40 3
190 40 4
206 40 5
200 40 6
204 40 7
198 40 8
191 40 9
183 40 10
198 40 11
192 40 12
213 40 13
188 40 14
197 40 15
200 40 16
200 40 17
199 40 18
196 40 19
187 40 20
183 40 21
199 40 22
213 40 23
196 40 24
182 40 25
197 40 26
205 40 27
191 40 28
208 40 29
212 40 30
190 40 31
204 40 32
198 40 33
199 40 34
202 40 35
210 40 36
195 40 37
184 40 38
199 40 39
214 40 40
197 40 41
206 40 42
191 40 43
213 40 44
204 40 45
212 40 46
194 40 47
190 40 48
191 40 49
199 40 50
198 40 51
196 40 52
193 40 53
202 40 54
194 40 55
190 40 56
200 40 57
199 40 58
197 40 59
211 40 60
186 40 61
202 40 62
195 40 63
203 40 64
194 40 65
193 40 66
193 40 67
196 40 68
198 40 69
206 40 70
205 40 71
197 40 72
203 40 73
192 40 74
199 40 75
182 40 76
196 40 77
202 40 78
194 40 79
200 40 80
192 40 81
197 40 82
193 40 83
195 40 84
198 40 85
199 40 86
199 40 87
207 40 88
215 40 89
195 40 90
196 40 91
194 40 92
202 40 93
203 40 94
202 40 95
189 40 96
190 40 97
196 40 98
203 40 99
178 40 100
215 41 1
179 41 2
211 41 3
191 41 4
219 41 5
204 41 6
209 41 7
203 41 8
198 41 9
186 41 10
205 41 11
194 41 12
216 41 13
188 41 14
200 41 15
205 41 16
207 41 17
199 41 18
198 41 19
196 41 20
188 41 21
204 41 22
218 41 23
199 41 24
185 41 25
204 41 26
210 41 27
192 41 28
214 41 29
210 41 30
190 41 31
212 41 32
203 41 33
197 41 34
204 41 35
217 41 36
200 41 37
195 41 38
203 41 39
210 41 40
204 41 41
216 41 42
196 41 43
218 41 44
213 41 45
220 41 46
200 41 47
189 41 48
192 41 49
204 41 50
200 41 51
200 41 52
196 41 53
206 41 54
192 41 55
193 41 56
206 41 57
202 41 58
201 41 59
214 41 60
185 41 61
210 41 62
197 41 63
208 41 64
196 41 65
195 41 66
203 41 67
196 41 68
209 41 69
214 41 70
213 41 71
200 41 72
206 41 73
196 41 74
204 41 75
186 41 76
200 41 77
206 41 78
198 41 79
204 41 80
198 41 81
204 41 82
197 41 83
199 41 84
202 41 85
203 41 86
205 41 87
211 41 88
221 41 89
202 41 90
203 41 91
201 41 92
205 41 93
207 41 94
208 41 95
193 41 96
196 41 97
206 41 98
210 41 99
180 41 100
210 42 1
177 42 2
210 42 3
189 42 4
213 42 5
199 42 6
203 42 7
198 42 8
197 42 9
184 42 10
205 42 11
197 42 12
209 42 13
187 42 14
201 42 15
204 42 16
206 42 17
200 42 18
198 42 19
199 42 20
187 42 21
206 42 22
211 42 23
195 42 24
189 42 25
200 42 26
213 42 27
186 42 28
209 42 29
206 42 30
191 42 31
207 42 32
199 42 33
192 42 34
202 42 35
213 42 36
205 42 37
187 42 38
201 42 39
207 42 40
200 42 41
214 42 42
194 42 43
215 42 44
209 42 45
216 42 46
196 42 47
189 42 48
195 42 49
202 42 50
197 42 51
200 42 52
195 42 53
202 42 54
192 42 55
192 42 56
202 42 57
201 42 58
198 42 59
213 42 60
186 42 61
208 42 62
198 42 63
210 42 64
197 42 65
192 42 66
198 42 67
194 42 68
204 42 69
207 42 70
208 42 71
199 42 72
197 42 73
197 42 74
197 42 75
186 42 76
199 42 77
203 42 78
200 42 79
197 42 80
195 42 81
205 42 82
197 42 83
196 42 84
200 42 85
199 42 86
201 42 87
208 42 88
217 42 89
200 42 90
201 42 91
199 42 92
208 42 93
205 42 94
203 42 95
191 42 96
190 42 97
200 42 98
206 42 99
182 42 100
211 43 1
179 43 2
208 43 3
186 43 4
209 43 5
202 43 6
207 43 7
198 43 8
195 43 9
182 43 10
199 43 11
189 43 12
211 43 13
184 43 14
199 43 15
202 43 16
200 43 17
194 43 18
195 43 19
190 43 20
191 43 21
200 43 22
208 43 23
194 43 24
180 43 25
201 43 26
206 43 27
188 43 28
208 43 29
202 43 30
189 43 31
202 43 32
197 43 33
193 43 34
201 43 35
217 43 36
197 43 37
190 43 38
204 43 39
207 43 40
198 43 41
211 43 42
199 43 43
211 43 44
211 43 45
217 43 46
197 43 47
187 43 48
190 43 49
200 43 50
200 43 51
202 43 52
191 43 53
205 43 54
189 43 55
188 43 56
197 43 57
197 43 58
203 43 59
216 43 60
188 43 61
208 43 62
197 43 63
206 43 64
196 43 65
194 43 66
195 43 67
193 43 68
200 43 69
211 43 70
207 43 71
199 43 72
200 43 73
196 43 74
201 43 75
183 43 76
195 43 77
203 43 78
194 43 79
198 43 80
190 43 81
199 43 82
194 43 83
197 43 84
203 43 85
200 43 86
203 43 87
211 43 88
220 43 89
197 43 90
197 43 91
195 43 92
202 43 93
204 43 94
205 43 95
191 43 96
191 43 97
206 43 98
205 43 99
181 43 100
215 44 1
178 44 2
213 44 3
193 44 4
216 44 5
206 44 6
212 44 7
203 44 8
199 44 9
186 44 10
206 44 11
201 44 12
215 44 13
190 44 14
201 44 15
207 44 16
206 44 17
202 44 18
201 44 19
197 44 20
190 44 21
207 44 22
215 44 23
202 44 24
187 44 25
208 44 26
213 44 27
193 44 28
215 44 29
211 44 30
193 44 31
211 44 32
204 44 33
197 44 34
208 44 35
215 44 36
202 44 37
193 44 38
206 44 39
210 44 40
199 44 41
214 44 42
195 44 43
222 44 44
214 44 45
221 44 46
200 44 47
193 44 48
199 44 49
203 44 50
199 44 51
203 44 52
196 44 53
207 44 54
196 44 55
199 44 56
207 44 57
204 44 58
205 44 59
217 44 60
188 44 61
209 44 62
202 44 63
212 44 64
199 44 65
197 44 66
203 44 67
198 44 68
208 44 69
212 44 70
212 44 71
203 44 72
201 44 73
200 44 74
205 44 75
189 44 76
201 44 77
208 44 78
206 44 79
202 44 80
196 44 81
207 44 82
199 44 83
199 44 84
203 44 85
201 44 86
208 44 87
212 44 88
220 44 89
200 44 90
201 44 91
201 44 92
209 44 93
206 44 94
208 44 95
191 44 96
192 44 97
206 44 98
211 44 99
185 44 100
219 45 1
185 45 2
214 45 3
195 45 4
218 45 5
208 45 6
213 45 7
205 45 8
202 45 9
188 45 10
208 45 11
199 45 12
219 45 13
192 45 14
202 45 15
209 45 16
209 45 17
201 45 18
202 45 19
197 45 20
195 45 21
209 45 22
219 45 23
202 45 24
189 45 25
207 45 26
214 45 27
195 45 28
219 45 29
212 45 30
197 45 31
213 45 32
203 45 33
199 45 34
209 45 35
220 45 36
204 45 37
197 45 38
210 45 39
213 45 40
204 45 41
218 45 42
197 45 43
218 45 44
217 45 45
224 45 46
204 45 47
196 45 48
199 45 49
208 45 50
201 45 51
207 45 52
198 45 53
208 45 54
199 45 55
196 45 56
208 45 57
208 45 58
208 45 59
219 45 60
190 45 61
212 45 62
206 45 63
213 45 64
202 45 65
200 45 66
208 45 67
201 45 68
210 45 69
213 45 70
213 45 71
202 45 72
206 45 73
202 45 74
205 45 75
188 45 76
204 45 77
207 45 78
204 45 79
204 45 80
199 45 81
208 45 82
201 45 83
203 45 84
205 45 85
206 45 86
210 45 87
214 45 88
223 45 89
204 45 90
203 45 91
202 45 92
211 45 93
209 45 94
208 45 95
196 45 96
196 45 97
213 45 98
213 45 99
187 45 100
220 46 1
183 46 2
216 46 3
196 46 4
218 46 5
209 46 6
214 46 7
206 46 8
200 46 9
190 46 10
208 46 11
201 46 12
220 46 13
196 46 14
207 46 15
211 46 16
211 46 17
203 46 18
202 46 19
199 46 20
195 46 21
209 46 22
222 46 23
204 46 24
190 46 25
210 46 26
214 46 27
196 46 28
218 46 29
213 46 30
197 46 31
214 46 32
206 46 33
200 46 34
210 46 35
222 46 36
205 46 37
199 46 38
209 46 39
213 46 40
204 46 41
216 46 42
200 46 43
223 46 44
215 46 45
227 46 46
203 46 47
196 46 48
200 46 49
207 46 50
203 46 51
208 46 52
199 46 53
210 46 54
201 46 55
198 46 56
209 46 57
208 46 58
207 46 59
219 46 60
190 46 61
215 46 62
207 46 63
214 46 64
204 46 65
201 46 66
207 46 67
199 46 68
210 46 69
214 46 70
215 46 71
206 46 72
206 46 73
203 46 74
207 46 75
192 46 76
204 46 77
209 46 78
203 46 79
205 46 80
201 46 81
210 46 82
200 46 83
203 46 84
205 46 85
206 46 86
208 46 87
218 46 88
226 46 89
207 46 90
205 46 91
204 46 92
211 46 93
210 46 94
210 46 95
197 46 96
197 46 97
213 46 98
215 46 99
187 46 100
215 47 1
181 47 2
213 47 3
191 47 4
218 47 5
204 47 6
209 47 7
204 47 8
203 47 9
188 47 10
203 47 11
196 47 12
215 47 13
189 47 14
202 47 15
208 47 16
206 47 17
198 47 18
202 47 19
195 47 20
192 47 21
204 47 22
213 47 23
199 47 24
185 47 25
203 47 26
209 47 27
194 47 28
213 47 29
208 47 30
190 47 31
211 47 32
201 47 33
197 47 34
207 47 35
217 47 36
205 47 37
195 47 38
208 47 39
210 47 40
201 47 41
216 47 42
199 47 43
217 47 44
212 47 45
223 47 46
202 47 47
192 47 48
195 47 49
202 47 50
200 47 51
205 47 52
194 47 53
206 47 54
197 47 55
196 47 56
206 47 57
204 47 58
204 47 59
217 47 60
189 47 61
211 47 62
203 47 63
213 47 64
197 47 65
199 47 66
202 47 67
198 47 68
207 47 69
211 47 70
214 47 71
201 47 72
205 47 73
200 47 74
204 47 75
187 47 76
200 47 77
207 47 78
203 47 79
204 47 80
195 47 81
209 47 82
197 47 83
201 47 84
202 47 85
205 47 86
208 47 87
214 47 88
221 47 89
203 47 90
203 47 91
201 47 92
210 47 93
209 47 94
207 47 95
196 47 96
194 47 97
205 47 98
210 47 99
184 47 100
215 48 1
181 48 2
211 48 3
192 48 4
213 48 5
201 48 6
207 48 7
200 48 8
197 48 9
186 48 10
206 48 11
196 48 12
216 48 13
191 48 14
197 48 15
204 48 16
207 48 17
202 48 18
195 48 19
194 48 20
191 48 21
208 48 22
211 48 23
197 48 24
188 48 25
204 48 26
213 48 27
193 48 28
211 48 29
206 48 30
191 48 31
210 48 32
199 48 33
198 48 34
204 48 35
215 48 36
203 48 37
189 48 38
206 48 39
209 48 40
199 48 41
213 48 42
192 48 43
214 48 44
211 48 45
219 48 46
201 48 47
195 48 48
194 48 49
204 48 50
199 48 51
203 48 52
196 48 53
209 48 54
194 48 55
195 48 56
202 48 57
199 48 58
202 48 59
214 48 60
186 48 61
208 48 62
202 48 63
209 48 64
195 48 65
196 48 66
197 48 67
195 48 68
204 48 69
206 48 70
209 48 71
200 48 72
201 48 73
200 48 74
204 48 75
187 48 76
201 48 77
206 48 78
201 48 79
203 48 80
195 48 81
203 48 82
198 48 83
198 48 84
197 48 85
203 48 86
204 48 87
209 48 88
221 48 89
199 48 90
203 48 91
201 48 92
206 48 93
205 48 94
203 48 95
193 48 96
195 48 97
207 48 98
210 48 99
183 48 100
213 49 1
181 49 2
208 49 3
190 49 4
211 49 5
202 49 6
206 49 7
200 49 8
195 49 9
184 49 10
208 49 11
198 49 12
210 49 13
192 49 14
201 49 15
201 49 16
206 49 17
200 49 18
197 49 19
193 49 20
189 49 21
204 49 22
213 49 23
196 49 24
191 49 25
204 49 26
207 49 27
190 49 28
213 49 29
207 49 30
190 49 31
207 49 32
201 49 33
192 49 34
205 49 35
214 49 36
200 49 37
192 49 38
207 49 39
207 49 40
195 49 41
211 49 42
192 49 43
210 49 44
211 49 45
218 49 46
199 49 47
194 49 48
200 49 49
202 49 50
197 49 51
200 49 52
194 49 53
201 49 54
195 49 55
193 49 56
203 49 57
201 49 58
201 49 59
214 49 60
188 49 61
209 49 62
200 49 63
206 49 64
196 49 65
192 49 66
203 49 67
199 49 68
203 49 69
209 49 70
204 49 71
202 49 72
198 49 73
196 49 74
200 49 75
186 49 76
197 49 77
208 49 78
202 49 79
198 49 80
194 49 81
205 49 82
200 49 83
196 49 84
199 49 85
203 49 86
205 49 87
208 49 88
216 49 89
200 49 90
202 49 91
200 49 92
208 49 93
201 49 94
201 49 95
189 49 96
189 49 97
205 49 98
206 49 99
186 49 100
216 50 1
179 50 2
211 50 3
189 50 4
217 50 5
204 50 6
209 50 7
201 50 8
199 50 9
188 50 10
204 50 11
196 50 12
213 50 13
190 50 14
197 50 15
206 50 16
202 50 17
194 50 18
201 50 19
193 50 20
189 50 21
205 50 22
215 50 23
199 50 24
184 50 25
207 50 26
205 50 27
191 50 28
216 50 29
206 50 30
192 50 31
209 50 32
199 50 33
196 50 34
201 50 35
217 50 36
200 50 37
195 50 38
205 50 39
209 50 40
197 50 41
211 50 42
199 50 43
215 50 44
213 50 45
221 50 46
200 50 47
190 50 48
192 50 49
208 50 50
198 50 51
203 50 52
193 50 53
208 50 54
196 50 55
192 50 56
206 50 57
205 50 58
203 50 59
215 50 60
182 50 61
214 50 62
200 50 63
211 50 64
200 50 65
197 50 66
199 50 67
197 50 68
205 50 69
214 50 70
212 50 71
199 50 72
202 50 73
198 50 74
206 50 75
186 50 76
205 50 77
204 50 78
199 50 79
204 50 80
195 50 81
209 50 82
193 50 83
201 50 84
200 50 85
200 50 86
210 50 87
216 50 88
223 50 89
199 50 90
200 50 91
199 50 92
206 50 93
206 50 94
210 50 95
190 50 96
195 50 97
205 50 98
211 50 99
182 50 100
212 51 1
180 51 2
204 51 3
191 51 4
215 51 5
204 51 6
208 51 7
204 51 8
195 51 9
189 51 10
198 51 11
188 51 12
215 51 13
189 51 14
202 51 15
202 51 16
203 51 17
194 51 18
196 51 19
195 51 20
187 51 21
198 51 22
213 51 23
195 51 24
184 51 25
204 51 26
201 51 27
187 51 28
211 51 29
206 51 30
189 51 31
206 51 32
198 51 33
194 51 34
205 51 35
213 51 36
195 51 37
193 51 38
208 51 39
204 51 40
195 51 41
210 51 42
195 51 43
216 51 44
209 51 45
217 51 46
194 51 47
185 51 48
194 51 49
201 51 50
203 51 51
199 51 52
193 51 53
202 51 54
191 51 55
191 51 56
199 51 57
200 51 58
200 51 59
216 51 60
187 51 61
207 51 62
197 51 63
208 51 64
194 51 65
196 51 66
200 51 67
191 51 68
204 51 69
210 51 70
209 51 71
197 51 72
200 51 73
195 51 74
203 51 75
182 51 76
199 51 77
204 51 78
200 51 79
199 51 80
192 51 81
203 51 82
196 51 83
200 51 84
197 51 85
197 51 86
203 51 87
214 51 88
216 51 89
195 51 90
199 51 91
197 51 92
206 51 93
200 51 94
200 51 95
188 51 96
190 51 97
207 51 98
207 51 99
183 51 100
208 52 1
178 52 2
206 52 3
188 52 4
207 52 5
200 52 6
206 52 7
194 52 8
191 52 9
176 52 10
201 52 11
195 52 12
206 52 13
185 52 14
197 52 15
203 52 16
200 52 17
197 52 18
191 52 19
189 52 20
188 52 21
201 52 22
207 52 23
192 52 24
184 52 25
201 52 26
211 52 27
186 52 28
211 52 29
202 52 30
189 52 31
205 52 32
194 52 33
194 52 34
196 52 35
215 52 36
197 52 37
189 52 38
200 52 39
204 52 40
193 52 41
207 52 42
193 52 43
208 52 44
206 52 45
213 52 46
195 52 47
192 52 48
192 52 49
197 52 50
193 52 51
207 52 52
188 52 53
202 52 54
189 52 55
189 52 56
198 52 57
196 52 58
197 52 59
210 52 60
183 52 61
207 52 62
193 52 63
206 52 64
193 52 65
193 52 66
197 52 67
190 52 68
195 52 69
205 52 70
203 52 71
195 52 72
195 52 73
193 52 74
195 52 75
185 52 76
191 52 77
197 52 78
195 52 79
191 52 80
190 52 81
194 52 82
193 52 83
193 52 84
200 52 85
197 52 86
202 52 87
208 52 88
213 52 89
194 52 90
193 52 91
193 52 92
198 52 93
197 52 94
200 52 95
191 52 96
190 52 97
202 52 98
208 52 99
180 52 100
218 53 1
185 53 2
214 53 3
194 53 4
219 53 5
207 53 6
212 53 7
207 53 8
200 53 9
188 53 10
208 53 11
200 53 12
218 53 13
194 53 14
203 53 15
209 53 16
213 53 17
204 53 18
203 53 19
200 53 20
195 53 21
207 53 22
219 53 23
201 53 24
190 53 25
207 53 26
217 53 27
194 53 28
217 53 29
213 53 30
199 53 31
212 53 32
204 53 33
201 53 34
210 53 35
219 53 36
206 53 37
198 53 38
207 53 39
213 53 40
202 53 41
216 53 42
200 53 43
222 53 44
214 53 45
226 53 46
204 53 47
196 53 48
201 53 49
205 53 50
201 53 51
206 53 52
201 53 53
212 53 54
197 53 55
197 53 56
209 53 57
207 53 58
207 53 59
217 53 60
190 53 61
212 53 62
205 53 63
214 53 64
203 53 65
200 53 66
207 53 67
198 53 68
210 53 69
215 53 70
213 53 71
202 53 72
205 53 73
202 53 74
206 53 75
191 53 76
204 53 77
207 53 78
205 53 79
205 53 80
201 53 81
209 53 82
201 53 83
203 53 84
208 53 85
204 53 86
208 53 87
214 53 88
224 53 89
206 53 90
203 53 91
204 53 92
210 53 93
210 53 94
210 53 95
193 53 96
196 53 97
210 53 98
212 53 99
189 53 100
214 54 1
178 54 2
208 54 3
185 54 4
213 54 5
202 54 6
202 54 7
198 54 8
196 54 9
183 54 10
202 54 11
198 54 12
217 54 13
190 54 14
198 54 15
204 54 16
207 54 17
200 54 18
196 54 19
194 54 20
186 54 21
204 54 22
214 54 23
198 54 24
185 54 25
201 54 26
211 54 27
190 54 28
211 54 29
212 54 30
195 54 31
207 54 32
197 54 33
199 54 34
204 54 35
216 54 36
204 54 37
191 54 38
203 54 39
211 54 40
200 54 41
209 54 42
190 54 43
214 54 44
210 54 45
218 54 46
200 54 47
194 54 48
199 54 49
201 54 50
198 54 51
201 54 52
194 54 53
212 54 54
193 54 55
198 54 56
202 54 57
203 54 58
204 54 59
213 54 60
191 54 61
210 54 62
198 54 63
209 54 64
198 54 65
191 54 66
200 54 67
193 54 68
204 54 69
212 54 70
208 54 71
199 54 72
202 54 73
197 54 74
200 54 75
185 54 76
195 54 77
203 54 78
200 54 79
197 54 80
196 54 81
200 54 82
200 54 83
199 54 84
202 54 85
199 54 86
204 54 87
211 54 88
218 54 89
201 54 90
201 54 91
196 54 92
206 54 93
205 54 94
208 54 95
187 54 96
195 54 97
206 54 98
207 54 99
185 54 100
214 55 1
170 55 2
205 55 3
186 55 4
208 55 5
197 55 6
207 55 7
198 55 8
188 55 9
180 55 10
197 55 11
186 55 12
206 55 13
186 55 14
193 55 15
203 55 16
199 55 17
191 55 18
196 55 19
188 55 20
183 55 21
199 55 22
211 55 23
196 55 24
178 55 25
204 55 26
202 55 27
187 55 28
214 55 29
206 55 30
187 55 31
207 55 32
198 55 33
191 55 34
197 55 35
214 55 36
196 55 37
186 55 38
200 55 39
205 55 40
194 55 41
209 55 42
191 55 43
213 55 44
209 55 45
213 55 46
190 55 47
186 55 48
188 55 49
201 55 50
193 55 51
199 55 52
184 55 53
202 55 54
197 55 55
188 55 56
201 55 57
199 55 58
198 55 59
213 55 60
182 55 61
204 55 62
194 55 63
207 55 64
194 55 65
193 55 66
194 55 67
191 55 68
200 55 69
208 55 70
207 55 71
198 55 72
199 55 73
191 55 74
201 55 75
177 55 76
198 55 77
204 55 78
198 55 79
201 55 80
192 55 81
199 55 82
191 55 83
193 55 84
193 55 85
194 55 86
201 55 87
209 55 88
217 55 89
195 55 90
193 55 91
194 55 92
197 55 93
202 55 94
198 55 95
189 55 96
190 55 97
199 55 98
200 55 99
178 55 100
216 56 1
179 56 2
210 56 3
192 56 4
216 56 5
207 56 6
208 56 7
202 56 8
199 56 9
185 56 10
204 56 11
199 56 12
215 56 13
193 56 14
202 56 15
206 56 16
209 56 17
200 56 18
198 56 19
200 56 20
191 56 21
207 56 22
217 56 23
198 56 24
185 56 25
211 56 26
212 56 27
193 56 28
212 56 29
208 56 30
193 56 31
209 56 32
205 56 33
203 56 34
208 56 35
217 56 36
203 56 37
191 56 38
207 56 39
211 56 40
197 56 41
216 56 42
196 56 43
216 56 44
209 56 45
218 56 46
201 56 47
190 56 48
198 56 49
202 56 50
197 56 51
201 56 52
195 56 53
207 56 54
195 56 55
197 56 56
204 56 57
204 56 58
204 56 59
216 56 60
189 56 61
212 56 62
203 56 63
208 56 64
200 56 65
197 56 66
202 56 67
196 56 68
204 56 69
211 56 70
209 56 71
199 56 72
202 56 73
200 56 74
202 56 75
189 56 76
197 56 77
206 56 78
202 56 79
203 56 80
197 56 81
203 56 82
197 56 83
195 56 84
200 56 85
202 56 86
208 56 87
215 56 88
222 56 89
201 56 90
200 56 91
200 56 92
208 56 93
204 56 94
208 56 95
190 56 96
193 56 97
208 56 98
210 56 99
185 56 100
213 57 1
178 57 2
211 57 3
189 57 4
215 57 5
207 57 6
211 57 7
202 57 8
203 57 9
186 57 10
202 57 11
196 57 12
210 57 13
191 57 14
201 57 15
206 57 16
204 57 17
194 57 18
195 57 19
193 57 20
189 57 21
205 57 22
217 57 23
203 57 24
183 57 25
204 57 26
209 57 27
190 57 28
214 57 29
207 57 30
188 57 31
208 57 32
200 57 33
195 57 34
203 57 35
217 57 36
202 57 37
195 57 38
206 57 39
206 57 40
197 57 41
210 57 42
198 57 43
215 57 44
211 57 45
219 57 46
200 57 47
188 57 48
195 57 49
206 57 50
198 57 51
203 57 52
193 57 53
205 57 54
196 57 55
193 57 56
204 57 57
207 57 58
203 57 59
211 57 60
185 57 61
213 57 62
198 57 63
208 57 64
201 57 65
196 57 66
202 57 67
194 57 68
206 57 69
210 57 70
212 57 71
198 57 72
204 57 73
198 57 74
203 57 75
188 57 76
201 57 77
204 57 78
198 57 79
206 57 80
197 57 81
205 57 82
194 57 83
201 57 84
197 57 85
202 57 86
207 57 87
214 57 88
220 57 89
198 57 90
199 57 91
197 57 92
207 57 93
206 57 94
207 57 95
191 57 96
193 57 97
208 57 98
210 57 99
182 57 100
214 58 1
175 58 2
211 58 3
190 58 4
214 58 5
205 58 6
207 58 7
203 58 8
196 58 9
186 58 10
202 58 11
198 58 12
212 58 13
191 58 14
199 58 15
203 58 16
204 58 17
196 58 18
199 58 19
193 58 20
188 58 21
201 58 22
217 58 23
197 58 24
183 58 25
206 58 26
210 58 27
194 58 28
214 58 29
207 58 30
188 58 31
210 58 32
199 58 33
193 58 34
203 58 35
220 58 36
204 58 37
192 58 38
204 58 39
205 58 40
198 58 41
213 58 42
194 58 43
213 58 44
212 58 45
220 58 46
198 58 47
186 58 48
194 58 49
203 58 50
199 58 51
202 58 52
192 58 53
205 58 54
198 58 55
194 58 56
203 58 57
207 58 58
203 58 59
216 58 60
185 58 61
211 58 62
199 58 63
210 58 64
201 58 65
198 58 66
198 58 67
191 58 68
206 58 69
210 58 70
212 58 71
199 58 72
200 58 73
200 58 74
201 58 75
188 58 76
201 58 77
209 58 78
198 58 79
202 58 80
192 58 81
203 58 82
197 58 83
199 58 84
201 58 85
200 58 86
205 58 87
212 58 88
219 58 89
200 58 90
200 58 91
196 58 92
206 58 93
205 58 94
208 58 95
192 58 96
194 58 97
206 58 98
210 58 99
181 58 100
217 59 1
181 59 2
215 59 3
192 59 4
218 59 5
207 59 6
211 59 7
206 59 8
203 59 9
186 59 10
207 59 11
196 59 12
217 59 13
192 59 14
202 59 15
208 59 16
206 59 17
200 59 18
200 59 19
196 59 20
194 59 21
206 59 22
218 59 23
203 59 24
188 59 25
206 59 26
212 59 27
192 59 28
214 59 29
210 59 30
195 59 31
211 59 32
202 59 33
198 59 34
207 59 35
218 59 36
202 59 37
195 59 38
207 59 39
212 59 40
202 59 41
216 59 42
197 59 43
219 59 44
214 59 45
221 59 46
202 59 47
194 59 48
198 59 49
206 59 50
201 59 51
206 59 52
197 59 53
208 59 54
198 59 55
197 59 56
205 59 57
209 59 58
208 59 59
217 59 60
188 59 61
213 59 62
204 59 63
211 59 64
201 59 65
196 59 66
202 59 67
198 59 68
208 59 69
212 59 70
212 59 71
203 59 72
205 59 73
202 59 74
204 59 75
190 59 76
201 59 77
207 59 78
203 59 79
203 59 80
200 59 81
206 59 82
200 59 83
202 59 84
203 59 85
204 59 86
208 59 87
216 59 88
223 59 89
206 59 90
204 59 91
203 59 92
208 59 93
208 59 94
209 59 95
193 59 96
197 59 97
210 59 98
210 59 99
186 59 100
213 60 1
180 60 2
208 60 3
191 60 4
217 60 5
209 60 6
209 60 7
204 60 8
198 60 9
185 60 10
199 60 11
194 60 12
214 60 13
192 60 14
198 60 15
205 60 16
202 60 17
194 60 18
200 60 19
191 60 20
188 60 21
202 60 22
216 60 23
197 60 24
184 60 25
207 60 26
206 60 27
192 60 28
212 60 29
207 60 30
190 60 31
209 60 32
203 60 33
194 60 34
199 60 35
214 60 36
201 60 37
195 60 38
209 60 39
204 60 40
202 60 41
209 60 42
197 60 43
215 60 44
210 60 45
218 60 46
199 60 47
191 60 48
192 60 49
205 60 50
199 60 51
201 60 52
189 60 53
202 60 54
196 60 55
192 60 56
200 60 57
201 60 58
204 60 59
217 60 60
186 60 61
207 60 62
200 60 63
212 60 64
199 60 65
195 60 66
199 60 67
197 60 68
204 60 69
212 60 70
209 60 71
199 60 72
204 60 73
197 60 74
206 60 75
186 60 76
199 60 77
203 60 78
198 60 79
203 60 80
192 60 81
204 60 82
195 60 83
195 60 84
199 60 85
199 60 86
207 60 87
215 60 88
217 60 89
202 60 90
202 60 91
198 60 92
205 60 93
203 60 94
206 60 95
190 60 96
194 60 97
209 60 98
206 60 99
183 60 100
211 61 1
180 61 2
207 61 3
188 61 4
211 61 5
199 61 6
206 61 7
198 61 8
196 61 9
182 61 10
202 61 11
199 61 12
208 61 13
187 61 14
199 61 15
201 61 16
204 61 17
199 61 18
196 61 19
192 61 20
189 61 21
205 61 22
212 61 23
195 61 24
186 61 25
201 61 26
210 61 27
190 61 28
209 61 29
210 61 30
192 61 31
204 61 32
202 61 33
193 61 34
200 61 35
214 61 36
199 61 37
190 61 38
204 61 39
207 61 40
196 61 41
210 61 42
195 61 43
212 61 44
207 61 45
219 61 46
200 61 47
192 61 48
197 61 49
200 61 50
197 61 51
208 61 52
193 61 53
204 61 54
190 61 55
192 61 56
203 61 57
201 61 58
202 61 59
217 61 60
194 61 61
207 61 62
202 61 63
207 61 64
194 61 65
195 61 66
198 61 67
191 61 68
205 61 69
207 61 70
205 61 71
194 61 72
202 61 73
197 61 74
200 61 75
185 61 76
199 61 77
201 61 78
196 61 79
198 61 80
196 61 81
200 61 82
197 61 83
196 61 84
205 61 85
198 61 86
203 61 87
209 61 88
216 61 89
200 61 90
199 61 91
199 61 92
201 61 93
206 61 94
202 61 95
191 61 96
189 61 97
204 61 98
205 61 99
181 61 100
215 62 1
181 62 2
209 62 3
192 62 4
214 62 5
205 62 6
209 62 7
201 62 8
197 62 9
190 62 10
208 62 11
201 62 12
215 62 13
191 62 14
202 62 15
206 62 16
205 62 17
201 62 18
201 62 19
197 62 20
194 62 21
205 62 22
214 62 23
199 62 24
186 62 25
204 62 26
211 62 27
191 62 28
216 62 29
211 62 30
196 62 31
207 62 32
201 62 33
198 62 34
204 62 35
220 62 36
202 62 37
194 62 38
206 62 39
209 62 40
201 62 41
212 62 42
197 62 43
214 62 44
212 62 45
219 62 46
200 62 47
191 62 48
197 62 49
203 62 50
200 62 51
204 62 52
194 62 53
210 62 54
196 62 55
193 62 56
202 62 57
205 62 58
201 62 59
217 62 60
190 62 61
214 62 62
204 62 63
210 62 64
196 62 65
195 62 66
199 62 67
194 62 68
205 62 69
212 62 70
210 62 71
199 62 72
202 62 73
199 62 74
201 62 75
189 62 76
200 62 77
205 62 78
200 62 79
200 62 80
195 62 81
205 62 82
198 62 83
201 62 84
204 62 85
202 62 86
207 62 87
216 62 88
219 62 89
199 62 90
198 62 91
196 62 92
208 62 93
205 62 94
206 62 95
194 62 96
194 62 97
206 62 98
213 62 99
186 62 100
216 63 1
182 63 2
215 63 3
195 63 4
219 63 5
207 63 6
209 63 7
206 63 8
201 63 9
189 63 10
209 63 11
203 63 12
216 63 13
192 63 14
201 63 15
205 63 16
209 63 17
207 63 18
203 63 19
199 63 20
194 63 21
206 63 22
216 63 23
203 63 24
190 63 25
206 63 26
213 63 27
195 63 28
214 63 29
212 63 30
201 63 31
209 63 32
201 63 33
204 63 34
206 63 35
219 63 36
202 63 37
193 63 38
206 63 39
210 63 40
200 63 41
214 63 42
194 63 43
217 63 44
215 63 45
224 63 46
201 63 47
195 63 48
200 63 49
203 63 50
204 63 51
204 63 52
198 63 53
207 63 54
195 63 55
197 63 56
202 63 57
208 63 58
205 63 59
219 63 60
192 63 61
213 63 62
208 63 63
211 63 64
199 63 65
196 63 66
203 63 67
196 63 68
207 63 69
213 63 70
211 63 71
202 63 72
203 63 73
199 63 74
201 63 75
190 63 76
200 63 77
205 63 78
205 63 79
198 63 80
197 63 81
205 63 82
203 63 83
205 63 84
206 63 85
203 63 86
207 63 87
215 63 88
219 63 89
203 63 90
205 63 91
198 63 92
207 63 93
206 63 94
210 63 95
191 63 96
194 63 97
207 63 98
209 63 99
186 63 100
217 64 1
177 64 2
209 64 3
189 64 4
215 64 5
205 64 6
208 64 7
201 64 8
197 64 9
186 64 10
206 64 11
198 64 12
213 64 13
191 64 14
199 64 15
205 64 16
210 64 17
196 64 18
197 64 19
196 64 20
189 64 21
206 64 22
217 64 23
202 64 24
188 64 25
205 64 26
212 64 27
190 64 28
215 64 29
212 64 30
192 64 31
208 64 32
200 64 33
193 64 34
206 64 35
217 64 36
204 64 37
191 64 38
204 64 39
210 64 40
200 64 41
212 64 42
193 64 43
215 64 44
212 64 45
221 64 46
201 64 47
193 64 48
197 64 49
204 64 50
198 64 51
201 64 52
197 64 53
207 64 54
196 64 55
194 64 56
203 64 57
202 64 58
204 64 59
214 64 60
187 64 61
207 64 62
200 64 63
212 64 64
199 64 65
196 64 66
201 64 67
193 64 68
206 64 69
208 64 70
213 64 71
202 64 72
204 64 73
199 64 74
201 64 75
187 64 76
201 64 77
207 64 78
203 64 79
202 64 80
197 64 81
204 64 82
199 64 83
201 64 84
203 64 85
201 64 86
207 64 87
210 64 88
217 64 89
200 64 90
202 64 91
199 64 92
208 64 93
207 64 94
209 64 95
197 64 96
195 64 97
206 64 98
211 64 99
181 64 100
215 65 1
177 65 2
212 65 3
193 65 4
213 65 5
206 65 6
209 65 7
204 65 8
197 65 9
186 65 10
207 65 11
204 65 12
214 65 13
190 65 14
200 65 15
204 65 16
209 65 17
204 65 18
197 65 19
195 65 20
192 65 21
206 65 22
218 65 23
199 65 24
191 65 25
203 65 26
216 65 27
192 65 28
215 65 29
211 65 30
196 65 31
209 65 32
199 65 33
202 65 34
207 65 35
218 65 36
204 65 37
196 65 38
206 65 39
209 65 40
198 65 41
213 65 42
192 65 43
216 65 44
211 65 45
220 65 46
200 65 47
195 65 48
197 65 49
203 65 50
197 65 51
205 65 52
197 65 53
210 65 54
195 65 55
198 65 56
202 65 57
204 65 58
202 65 59
215 65 60
188 65 61
210 65 62
205 65 63
209 65 64
201 65 65
197 65 66
206 65 67
196 65 68
207 65 69
210 65 70
209 65 71
201 65 72
203 65 73
198 65 74
202 65 75
186 65 76
198 65 77
204 65 78
201 65 79
197 65 80
190 65 81
206 65 82
199 65 83
200 65 84
204 65 85
199 65 86
205 65 87
210 65 88
220 65 89
199 65 90
203 65 91
201 65 92
207 65 93
207 65 94
206 65 95
193 65 96
195 65 97
204 65 98
208 65 99
187 65 100
209 66 1
169 66 2
202 66 3
181 66 4
208 66 5
194 66 6
202 66 7
192 66 8
197 66 9
176 66 10
199 66 11
192 66 12
207 66 13
185 66 14
199 66 15
199 66 16
201 66 17
189 66 18
192 66 19
186 66 20
180 66 21
193 66 22
210 66 23
194 66 24
177 66 25
201 66 26
199 66 27
188 66 28
209 66 29
201 66 30
183 66 31
201 66 32
194 66 33
187 66 34
200 66 35
210 66 36
190 66 37
186 66 38
194 66 39
206 66 40
186 66 41
207 66 42
191 66 43
209 66 44
204 66 45
210 66 46
194 66 47
184 66 48
185 66 49
195 66 50
196 66 51
198 66 52
185 66 53
195 66 54
190 66 55
186 66 56
199 66 57
202 66 58
193 66 59
206 66 60
183 66 61
200 66 62
191 66 63
198 66 64
190 66 65
197 66 66
195 66 67
188 66 68
201 66 69
200 66 70
203 66 71
196 66 72
199 66 73
192 66 74
198 66 75
181 66 76
193 66 77
197 66 78
197 66 79
198 66 80
188 66 81
200 66 82
188 66 83
196 66 84
192 66 85
191 66 86
199 66 87
206 66 88
214 66 89
198 66 90
197 66 91
187 66 92
198 66 93
197 66 94
196 66 95
182 66 96
187 66 97
202 66 98
198 66 99
178 66 100
215 67 1
178 67 2
212 67 3
191 67 4
215 67 5
204 67 6
212 67 7
205 67 8
197 67 9
189 67 10
206 67 11
196 67 12
214 67 13
188 67 14
199 67 15
206 67 16
206 67 17
199 67 18
198 67 19
196 67 20
192 67 21
207 67 22
218 67 23
199 67 24
188 67 25
205 67 26
209 67 27
191 67 28
215 67 29
208 67 30
189 67 31
211 67 32
200 67 33
195 67 34
205 67 35
218 67 36
201 67 37
195 67 38
205 67 39
209 67 40
200 67 41
213 67 42
195 67 43
213 67 44
213 67 45
221 67 46
198 67 47
189 67 48
197 67 49
202 67 50
199 67 51
204 67 52
196 67 53
207 67 54
194 67 55
191 67 56
203 67 57
206 67 58
204 67 59
214 67 60
188 67 61
212 67 62
203 67 63
212 67 64
197 67 65
195 67 66
201 67 67
198 67 68
205 67 69
209 67 70
211 67 71
202 67 72
200 67 73
196 67 74
203 67 75
187 67 76
202 67 77
206 67 78
201 67 79
201 67 80
194 67 81
204 67 82
195 67 83
203 67 84
203 67 85
200 67 86
205 67 87
215 67 88
218 67 89
198 67 90
201 67 91
200 67 92
206 67 93
208 67 94
207 67 95
193 67 96
192 67 97
207 67 98
211 67 99
180 67 100
213 68 1
176 68 2
208 68 3
188 68 4
216 68 5
204 68 6
208 68 7
201 68 8
198 68 9
187 68 10
199 68 11
194 68 12
212 68 13
191 68 14
197 68 15
205 68 16
204 68 17
194 68 18
197 68 19
193 68 20
186 68 21
202 68 22
214 68 23
197 68 24
185 68 25
206 68 26
205 68 27
190 68 28
218 68 29
211 68 30
188 68 31
211 68 32
203 68 33
193 68 34
202 68 35
219 68 36
199 68 37
191 68 38
204 68 39
208 68 40
196 68 41
213 68 42
193 68 43
216 68 44
212 68 45
219 68 46
196 68 47
189 68 48
195 68 49
202 68 50
200 68 51
204 68 52
193 68 53
201 68 54
199 68 55
189 68 56
205 68 57
200 68 58
199 68 59
216 68 60
185 68 61
209 68 62
200 68 63
209 68 64
197 68 65
197 68 66
198 68 67
194 68 68
207 68 69
208 68 70
212 68 71
201 68 72
202 68 73
196 68 74
204 68 75
184 68 76
202 68 77
204 68 78
199 68 79
202 68 80
195 68 81
204 68 82
195 68 83
201 68 84
197 68 85
198 68 86
207 68 87
211 68 88
219 68 89
197 68 90
197 68 91
197 68 92
204 68 93
207 68 94
205 68 95
194 68 96
191 68 97
208 68 98
208 68 99
180 68 100
206 69 1
174 69 2
208 69 3
183 69 4
209 69 5
194 69 6
202 69 7
194 69 8
193 69 9
181 69 10
194 69 11
187 69 12
204 69 13
181 69 14
190 69 15
198 69 16
198 69 17
190 69 18
189 69 19
190 69 20
184 69 21
196 69 22
209 69 23
188 69 24
179 69 25
194 69 26
202 69 27
187 69 28
204 69 29
199 69 30
183 69 31
201 69 32
194 69 33
190 69 34
202 69 35
210 69 36
192 69 37
188 69 38
193 69 39
203 69 40
190 69 41
211 69 42
190 69 43
208 69 44
206 69 45
210 69 46
193 69 47
181 69 48
185 69 49
194 69 50
195 69 51
196 69 52
186 69 53
196 69 54
187 69 55
187 69 56
199 69 57
200 69 58
188 69 59
210 69 60
181 69 61
199 69 62
189 69 63
203 69 64
193 69 65
188 69 66
195 69 67
185 69 68
203 69 69
207 69 70
201 69 71
192 69 72
198 69 73
191 69 74
198 69 75
182 69 76
191 69 77
199 69 78
188 69 79
198 69 80
190 69 81
198 69 82
190 69 83
188 69 84
200 69 85
190 69 86
199 69 87
209 69 88
216 69 89
193 69 90
195 69 91
193 69 92
194 69 93
204 69 94
197 69 95
185 69 96
185 69 97
196 69 98
200 69 99
175 69 100
217 70 1
184 70 2
214 70 3
195 70 4
218 70 5
205 70 6
210 70 7
204 70 8
199 70 9
187 70 10
205 70 11
195 70 12
215 70 13
192 70 14
202 70 15
208 70 16
209 70 17
198 70 18
200 70 19
194 70 20
191 70 21
205 70 22
218 70 23
202 70 24
188 70 25
206 70 26
212 70 27
194 70 28
217 70 29
210 70 30
194 70 31
211 70 32
202 70 33
199 70 34
208 70 35
220 70 36
202 70 37
198 70 38
206 70 39
211 70 40
201 70 41
215 70 42
198 70 43
216 70 44
216 70 45
222 70 46
204 70 47
191 70 48
195 70 49
206 70 50
201 70 51
205 70 52
197 70 53
204 70 54
197 70 55
196 70 56
209 70 57
205 70 58
206 70 59
215 70 60
187 70 61
215 70 62
202 70 63
210 70 64
200 70 65
197 70 66
203 70 67
196 70 68
210 70 69
214 70 70
212 70 71
203 70 72
206 70 73
199 70 74
206 70 75
186 70 76
203 70 77
207 70 78
202 70 79
204 70 80
199 70 81
207 70 82
199 70 83
202 70 84
203 70 85
203 70 86
209 70 87
217 70 88
222 70 89
203 70 90
203 70 91
202 70 92
210 70 93
206 70 94
209 70 95
195 70 96
196 70 97
211 70 98
214 70 99
183 70 100
216 71 1
183 71 2
216 71 3
194 71 4
216 71 5
207 71 6
211 71 7
205 71 8
198 71 9
189 71 10
205 71 11
202 71 12
215 71 13
193 71 14
201 71 15
208 71 16
206 71 17
204 71 18
201 71 19
195 71 20
194 71 21
208 71 22
216 71 23
200 71 24
191 71 25
205 71 26
214 71 27
194 71 28
217 71 29
210 71 30
197 71 31
212 71 32
201 71 33
199 71 34
206 71 35
220 71 36
200 71 37
196 71 38
207 71 39
213 71 40
203 71 41
215 71 42
195 71 43
219 71 44
215 71 45
221 71 46
202 71 47
196 71 48
197 71 49
207 71 50
199 71 51
206 71 52
196 71 53
208 71 54
197 71 55
197 71 56
209 71 57
206 71 58
204 71 59
216 71 60
188 71 61
212 71 62
206 71 63
210 71 64
198 71 65
196 71 66
207 71 67
198 71 68
207 71 69
212 71 70
215 71 71
201 71 72
208 71 73
202 71 74
207 71 75
192 71 76
201 71 77
209 71 78
203 71 79
205 71 80
199 71 81
206 71 82
198 71 83
202 71 84
203 71 85
205 71 86
208 71 87
218 71 88
223 71 89
203 71 90
202 71 91
199 71 92
208 71 93
206 71 94
208 71 95
193 71 96
197 71 97
209 71 98
212 71 99
184 71 100
211 72 1
176 72 2
209 72 3
190 72 4
210 72 5
198 72 6
209 72 7
199 72 8
196 72 9
179 72 10
200 72 11
189 72 12
213 72 13
186 72 14
199 72 15
203 72 16
205 72 17
193 72 18
196 72 19
189 72 20
187 72 21
203 72 22
212 72 23
196 72 24
183 72 25
199 72 26
205 72 27
189 72 28
210 72 29
204 72 30
188 72 31
206 72 32
195 72 33
196 72 34
202 72 35
212 72 36
198 72 37
193 72 38
199 72 39
204 72 40
198 72 41
207 72 42
192 72 43
213 72 44
209 72 45
217 72 46
194 72 47
186 72 48
192 72 49
197 72 50
194 72 51
199 72 52
188 72 53
202 72 54
197 72 55
189 72 56
200 72 57
201 72 58
200 72 59
211 72 60
182 72 61
203 72 62
198 72 63
206 72 64
197 72 65
194 72 66
198 72 67
192 72 68
202 72 69
208 72 70
203 72 71
205 72 72
202 72 73
197 72 74
199 72 75
183 72 76
193 72 77
200 72 78
194 72 79
196 72 80
193 72 81
202 72 82
191 72 83
195 72 84
197 72 85
198 72 86
198 72 87
208 72 88
218 72 89
198 72 90
199 72 91
195 72 92
201 72 93
203 72 94
203 72 95
188 72 96
188 72 97
204 72 98
207 72 99
181 72 100
212 73 1
176 73 2
205 73 3
186 73 4
210 73 5
198 73 6
210 73 7
198 73 8
193 73 9
183 73 10
198 73 11
194 73 12
210 73 13
186 73 14
196 73 15
197 73 16
209 73 17
194 73 18
195 73 19
194 73 20
189 73 21
198 73 22
211 73 23
196 73 24
182 73 25
202 73 26
205 73 27
186 73 28
210 73 29
206 73 30
188 73 31
207 73 32
199 73 33
195 73 34
201 73 35
211 73 36
200 73 37
190 73 38
198 73 39
208 73 40
199 73 41
214 73 42
189 73 43
212 73 44
209 73 45
219 73 46
199 73 47
184 73 48
189 73 49
200 73 50
194 73 51
197 73 52
193 73 53
205 73 54
192 73 55
189 73 56
203 73 57
200 73 58
200 73 59
210 73 60
184 73 61
203 73 62
196 73 63
207 73 64
197 73 65
195 73 66
197 73 67
194 73 68
205 73 69
205 73 70
206 73 71
198 73 72
208 73 73
193 73 74
199 73 75
183 73 76
202 73 77
200 73 78
195 73 79
197 73 80
192 73 81
204 73 82
196 73 83
198 73 84
201 73 85
200 73 86
202 73 87
209 73 88
219 73 89
199 73 90
199 73 91
199 73 92
205 73 93
203 73 94
204 73 95
192 73 96
192 73 97
204 73 98
207 73 99
174 73 100
209 74 1
180 74 2
208 74 3
187 74 4
207 74 5
196 74 6
200 74 7
196 74 8
195 74 9
178 74 10
200 74 11
197 74 12
207 74 13
186 74 14
194 74 15
200 74 16
202 74 17
194 74 18
201 74 19
187 74 20
188 74 21
204 74 22
211 74 23
191 74 24
184 74 25
199 74 26
205 74 27
188 74 28
206 74 29
204 74 30
183 74 31
203 74 32
197 74 33
195 74 34
198 74 35
212 74 36
197 74 37
184 74 38
201 74 39
206 74 40
197 74 41
207 74 42
187 74 43
209 74 44
205 74 45
220 74 46
195 74 47
187 74 48
191 74 49
197 74 50
190 74 51
198 74 52
188 74 53
203 74 54
189 74 55
192 74 56
197 74 57
199 74 58
199 74 59
208 74 60
182 74 61
203 74 62
203 74 63
202 74 64
191 74 65
188 74 66
192 74 67
188 74 68
199 74 69
205 74 70
206 74 71
200 74 72
194 74 73
201 74 74
196 74 75
187 74 76
195 74 77
200 74 78
195 74 79
195 74 80
190 74 81
199 74 82
190 74 83
188 74 84
195 74 85
195 74 86
201 74 87
207 74 88
217 74 89
196 74 90
199 74 91
195 74 92
200 74 93
199 74 94
202 74 95
186 74 96
186 74 97
206 74 98
203 74 99
178 74 100
215 75 1
177 75 2
209 75 3
191 75 4
216 75 5
206 75 6
211 75 7
205 75 8
193 75 9
186 75 10
203 75 11
195 75 12
213 75 13
192 75 14
199 75 15
202 75 16
206 75 17
197 75 18
199 75 19
191 75 20
187 75 21
199 75 22
215 75 23
199 75 24
182 75 25
204 75 26
208 75 27
189 75 28
217 75 29
210 75 30
190 75 31
210 75 32
200 75 33
191 75 34
205 75 35
216 75 36
197 75 37
193 75 38
205 75 39
209 75 40
198 75 41
212 75 42
197 75 43
218 75 44
213 75 45
218 75 46
198 75 47
189 75 48
192 75 49
204 75 50
197 75 51
203 75 52
193 75 53
203 75 54
197 75 55
191 75 56
204 75 57
202 75 58
201 75 59
217 75 60
187 75 61
208 75 62
201 75 63
208 75 64
196 75 65
197 75 66
198 75 67
196 75 68
207 75 69
211 75 70
209 75 71
201 75 72
205 75 73
198 75 74
204 75 75
187 75 76
200 75 77
209 75 78
198 75 79
201 75 80
197 75 81
208 75 82
197 75 83
199 75 84
198 75 85
200 75 86
204 75 87
211 75 88
220 75 89
198 75 90
198 75 91
198 75 92
202 75 93
209 75 94
202 75 95
191 75 96
190 75 97
208 75 98
208 75 99
178 75 100
212 76 1
183 76 2
214 76 3
191 76 4
217 76 5
204 76 6
209 76 7
203 76 8
198 76 9
184 76 10
205 76 11
199 76 12
214 76 13
189 76 14
202 76 15
205 76 16
207 76 17
201 76 18
198 76 19
196 76 20
194 76 21
206 76 22
215 76 23
200 76 24
189 76 25
205 76 26
213 76 27
196 76 28
213 76 29
211 76 30
192 76 31
209 76 32
202 76 33
198 76 34
207 76 35
218 76 36
204 76 37
197 76 38
208 76 39
215 76 40
199 76 41
214 76 42
196 76 43
217 76 44
215 76 45
219 76 46
204 76 47
190 76 48
197 76 49
204 76 50
198 76 51
205 76 52
197 76 53
208 76 54
197 76 55
194 76 56
205 76 57
203 76 58
202 76 59
214 76 60
190 76 61
212 76 62
200 76 63
212 76 64
198 76 65
197 76 66
201 76 67
196 76 68
210 76 69
213 76 70
212 76 71
202 76 72
205 76 73
200 76 74
204 76 75
187 76 76
200 76 77
207 76 78
202 76 79
200 76 80
198 76 81
206 76 82
199 76 83
198 76 84
204 76 85
204 76 86
207 76 87
212 76 88
220 76 89
204 76 90
202 76 91
202 76 92
205 76 93
206 76 94
207 76 95
193 76 96
194 76 97
205 76 98
211 76 99
185 76 100
213 77 1
177 77 2
208 77 3
188 77 4
214 77 5
202 77 6
210 77 7
205 77 8
199 77 9
187 77 10
200 77 11
191 77 12
214 77 13
191 77 14
201 77 15
207 77 16
201 77 17
195 77 18
195 77 19
196 77 20
190 77 21
202 77 22
219 77 23
197 77 24
181 77 25
203 77 26
208 77 27
190 77 28
215 77 29
208 77 30
189 77 31
207 77 32
201 77 33
196 77 34
201 77 35
213 77 36
199 77 37
194 77 38
205 77 39
205 77 40
195 77 41
209 77 42
194 77 43
217 77 44
211 77 45
215 77 46
201 77 47
184 77 48
195 77 49
202 77 50
201 77 51
202 77 52
194 77 53
207 77 54
195 77 55
195 77 56
202 77 57
203 77 58
199 77 59
216 77 60
187 77 61
211 77 62
197 77 63
209 77 64
195 77 65
196 77 66
199 77 67
192 77 68
207 77 69
210 77 70
208 77 71
201 77 72
202 77 73
198 77 74
203 77 75
188 77 76
202 77 77
205 77 78
197 77 79
200 77 80
193 77 81
206 77 82
199 77 83
203 77 84
199 77 85
200 77 86
204 77 87
215 77 88
216 77 89
196 77 90
198 77 91
200 77 92
199 77 93
207 77 94
204 77 95
190 77 96
195 77 97
206 77 98
209 77 99
181 77 100
212 78 1
177 78 2
205 78 3
186 78 4
212 78 5
202 78 6
206 78 7
199 78 8
196 78 9
184 78 10
199 78 11
191 78 12
211 78 13
182 78 14
201 78 15
203 78 16
203 78 17
197 78 18
192 78 19
193 78 20
187 78 21
197 78 22
214 78 23
194 78 24
179 78 25
206 78 26
204 78 27
187 78 28
211 78 29
199 78 30
188 78 31
207 78 32
200 78 33
193 78 34
206 78 35
213 78 36
195 78 37
193 78 38
203 78 39
203 78 40
194 78 41
211 78 42
189 78 43
209 78 44
209 78 45
212 78 46
197 78 47
186 78 48
192 78 49
196 78 50
194 78 51
200 78 52
193 78 53
198 78 54
188 78 55
193 78 56
200 78 57
199 78 58
199 78 59
211 78 60
184 78 61
203 78 62
197 78 63
207 78 64
197 78 65
192 78 66
198 78 67
194 78 68
207 78 69
208 78 70
205 78 71
196 78 72
196 78 73
195 78 74
199 78 75
187 78 76
197 78 77
208 78 78
193 78 79
198 78 80
193 78 81
199 78 82
196 78 83
196 78 84
197 78 85
196 78 86
197 78 87
211 78 88
214 78 89
196 78 90
195 78 91
195 78 92
207 78 93
201 78 94
199 78 95
191 78 96
192 78 97
202 78 98
204 78 99
181 78 100
216 79 1
183 79 2
216 79 3
196 79 4
217 79 5
209 79 6
215 79 7
206 79 8
200 79 9
190 79 10
208 79 11
199 79 12
217 79 13
191 79 14
203 79 15
211 79 16
209 79 17
200 79 18
203 79 19
196 79 20
192 79 21
208 79 22
217 79 23
201 79 24
188 79 25
208 79 26
213 79 27
195 79 28
217 79 29
210 79 30
195 79 31
213 79 32
205 79 33
201 79 34
207 79 35
221 79 36
205 79 37
198 79 38
209 79 39
212 79 40
204 79 41
215 79 42
198 79 43
221 79 44
215 79 45
223 79 46
203 79 47
192 79 48
198 79 49
208 79 50
203 79 51
208 79 52
200 79 53
207 79 54
200 79 55
196 79 56
208 79 57
207 79 58
207 79 59
217 79 60
188 79 61
213 79 62
203 79 63
215 79 64
203 79 65
199 79 66
204 79 67
197 79 68
212 79 69
215 79 70
216 79 71
203 79 72
205 79 73
203 79 74
207 79 75
188 79 76
205 79 77
206 79 78
206 79 79
204 79 80
201 79 81
208 79 82
201 79 83
204 79 84
204 79 85
204 79 86
211 79 87
216 79 88
221 79 89
203 79 90
204 79 91
205 79 92
211 79 93
210 79 94
211 79 95
197 79 96
198 79 97
210 79 98
212 79 99
185 79 100
211 80 1
182 80 2
212 80 3
189 80 4
214 80 5
203 80 6
206 80 7
202 80 8
196 80 9
185 80 10
204 80 11
191 80 12
212 80 13
187 80 14
201 80 15
207 80 16
205 80 17
197 80 18
198 80 19
191 80 20
188 80 21
201 80 22
218 80 23
199 80 24
183 80 25
208 80 26
208 80 27
194 80 28
214 80 29
207 80 30
191 80 31
209 80 32
202 80 33
192 80 34
204 80 35
213 80 36
200 80 37
190 80 38
204 80 39
204 80 40
198 80 41
208 80 42
194 80 43
214 80 44
212 80 45
216 80 46
200 80 47
192 80 48
190 80 49
200 80 50
198 80 51
201 80 52
193 80 53
203 80 54
191 80 55
193 80 56
203 80 57
203 80 58
201 80 59
213 80 60
183 80 61
206 80 62
199 80 63
207 80 64
192 80 65
197 80 66
200 80 67
194 80 68
207 80 69
210 80 70
208 80 71
200 80 72
203 80 73
195 80 74
203 80 75
186 80 76
197 80 77
205 80 78
198 80 79
201 80 80
196 80 81
202 80 82
198 80 83
201 80 84
197 80 85
200 80 86
205 80 87
209 80 88
221 80 89
201 80 90
200 80 91
196 80 92
206 80 93
206 80 94
203 80 95
191 80 96
196 80 97
204 80 98
208 80 99
180 80 100
216 81 1
180 81 2
209 81 3
191 81 4
217 81 5
205 81 6
211 81 7
202 81 8
202 81 9
189 81 10
207 81 11
196 81 12
213 81 13
191 81 14
200 81 15
206 81 16
208 81 17
199 81 18
201 81 19
193 81 20
195 81 21
207 81 22
216 81 23
197 81 24
185 81 25
205 81 26
210 81 27
194 81 28
218 81 29
208 81 30
195 81 31
212 81 32
202 81 33
198 81 34
203 81 35
218 81 36
201 81 37
195 81 38
207 81 39
208 81 40
202 81 41
215 81 42
195 81 43
218 81 44
211 81 45
220 81 46
202 81 47
191 81 48
194 81 49
203 81 50
198 81 51
206 81 52
197 81 53
206 81 54
196 81 55
196 81 56
209 81 57
203 81 58
204 81 59
214 81 60
186 81 61
212 81 62
205 81 63
210 81 64
199 81 65
197 81 66
204 81 67
197 81 68
206 81 69
210 81 70
209 81 71
200 81 72
202 81 73
201 81 74
202 81 75
187 81 76
199 81 77
205 81 78
201 81 79
199 81 80
195 81 81
209 81 82
198 81 83
200 81 84
201 81 85
203 81 86
205 81 87
213 81 88
222 81 89
201 81 90
199 81 91
199 81 92
208 81 93
207 81 94
207 81 95
195 81 96
194 81 97
211 81 98
211 81 99
184 81 100
214 82 1
178 82 2
207 82 3
190 82 4
210 82 5
203 82 6
210 82 7
199 82 8
197 82 9
181 82 10
206 82 11
194 82 12
210 82 13
187 82 14
199 82 15
206 82 16
206 82 17
196 82 18
200 82 19
197 82 20
190 82 21
204 82 22
213 82 23
198 82 24
185 82 25
204 82 26
211 82 27
194 82 28
210 82 29
208 82 30
194 82 31
208 82 32
197 82 33
195 82 34
206 82 35
215 82 36
201 82 37
193 82 38
203 82 39
209 82 40
203 82 41
210 82 42
196 82 43
216 82 44
213 82 45
218 82 46
199 82 47
191 82 48
196 82 49
201 82 50
200 82 51
201 82 52
192 82 53
204 82 54
193 82 55
192 82 56
206 82 57
206 82 58
202 82 59
211 82 60
190 82 61
211 82 62
200 82 63
207 82 64
193 82 65
196 82 66
202 82 67
195 82 68
202 82 69
209 82 70
208 82 71
201 82 72
200 82 73
197 82 74
204 82 75
183 82 76
195 82 77
204 82 78
200 82 79
198 82 80
195 82 81
208 82 82
199 82 83
199 82 84
199 82 85
204 82 86
200 82 87
211 82 88
219 82 89
200 82 90
198 82 91
198 82 92
207 82 93
205 82 94
203 82 95
190 82 96
193 82 97
203 82 98
209 82 99
183 82 100
215 83 1
180 83 2
209 83 3
193 83 4
215 83 5
205 83 6
208 83 7
200 83 8
202 83 9
184 83 10
202 83 11
196 83 12
214 83 13
190 83 14
198 83 15
206 83 16
203 83 17
200 83 18
196 83 19
197 83 20
189 83 21
203 83 22
212 83 23
202 83 24
185 83 25
203 83 26
211 83 27
192 83 28
212 83 29
208 83 30
194 83 31
207 83 32
197 83 33
194 83 34
205 83 35
217 83 36
198 83 37
193 83 38
206 83 39
212 83 40
198 83 41
212 83 42
195 83 43
213 83 44
209 83 45
216 83 46
201 83 47
192 83 48
196 83 49
203 83 50
201 83 51
203 83 52
196 83 53
205 83 54
195 83 55
193 83 56
204 83 57
204 83 58
203 83 59
214 83 60
187 83 61
209 83 62
202 83 63
207 83 64
195 83 65
196 83 66
202 83 67
197 83 68
203 83 69
209 83 70
211 83 71
201 83 72
201 83 73
196 83 74
205 83 75
188 83 76
200 83 77
203 83 78
197 83 79
199 83 80
195 83 81
202 83 82
204 83 83
198 83 84
202 83 85
203 83 86
203 83 87
213 83 88
221 83 89
201 83 90
202 83 91
197 83 92
206 83 93
209 83 94
208 83 95
189 83 96
193 83 97
204 83 98
208 83 99
180 83 100
217 84 1
187 84 2
215 84 3
196 84 4
219 84 5
208 84 6
213 84 7
206 84 8
202 84 9
190 84 10
208 84 11
203 84 12
217 84 13
194 84 14
204 84 15
212 84 16
212 84 17
203 84 18
202 84 19
201 84 20
194 84 21
208 84 22
219 84 23
203 84 24
189 84 25
207 84 26
216 84 27
198 84 28
219 84 29
215 84 30
195 84 31
212 84 32
204 84 33
200 84 34
209 84 35
219 84 36
206 84 37
197 84 38
208 84 39
214 84 40
202 84 41
217 84 42
198 84 43
222 84 44
215 84 45
223 84 46
203 84 47
195 84 48
200 84 49
206 84 50
204 84 51
207 84 52
199 84 53
210 84 54
198 84 55
196 84 56
208 84 57
206 84 58
208 84 59
219 84 60
191 84 61
217 84 62
207 84 63
213 84 64
200 84 65
200 84 66
204 84 67
199 84 68
208 84 69
215 84 70
215 84 71
202 84 72
208 84 73
202 84 74
207 84 75
189 84 76
203 84 77
209 84 78
206 84 79
207 84 80
199 84 81
209 84 82
203 84 83
204 84 84
207 84 85
206 84 86
211 84 87
218 84 88
224 84 89
205 84 90
202 84 91
202 84 92
211 84 93
211 84 94
210 84 95
197 84 96
196 84 97
209 84 98
212 84 99
185 84 100
215 85 1
181 85 2
211 85 3
194 85 4
216 85 5
202 85 6
208 85 7
204 85 8
198 85 9
188 85 10
207 85 11
202 85 12
214 85 13
190 85 14
202 85 15
204 85 16
206 85 17
201 85 18
201 85 19
197 85 20
191 85 21
201 85 22
218 85 23
201 85 24
185 85 25
206 85 26
210 85 27
190 85 28
213 85 29
212 85 30
191 85 31
208 85 32
204 85 33
197 85 34
209 85 35
217 85 36
202 85 37
193 85 38
202 85 39
211 85 40
200 85 41
213 85 42
196 85 43
216 85 44
214 85 45
223 85 46
201 85 47
189 85 48
197 85 49
205 85 50
199 85 51
203 85 52
197 85 53
207 85 54
196 85 55
194 85 56
205 85 57
205 85 58
203 85 59
216 85 60
184 85 61
210 85 62
202 85 63
210 85 64
197 85 65
199 85 66
201 85 67
197 85 68
205 85 69
209 85 70
213 85 71
198 85 72
203 85 73
199 85 74
201 85 75
190 85 76
203 85 77
209 85 78
202 85 79
207 85 80
198 85 81
207 85 82
201 85 83
199 85 84
205 85 85
202 85 86
209 85 87
210 85 88
221 85 89
203 85 90
201 85 91
199 85 92
209 85 93
206 85 94
206 85 95
195 85 96
191 85 97
205 85 98
209 85 99
182 85 100
217 86 1
185 86 2
214 86 3
193 86 4
219 86 5
207 86 6
213 86 7
205 86 8
202 86 9
187 86 10
207 86 11
202 86 12
217 86 13
194 86 14
204 86 15
209 86 16
211 86 17
206 86 18
202 86 19
201 86 20
194 86 21
209 86 22
218 86 23
204 86 24
191 86 25
207 86 26
216 86 27
196 86 28
217 86 29
214 86 30
196 86 31
212 86 32
205 86 33
203 86 34
208 86 35
220 86 36
206 86 37
198 86 38
207 86 39
215 86 40
205 86 41
216 86 42
200 86 43
221 86 44
216 86 45
224 86 46
203 86 47
194 86 48
201 86 49
208 86 50
202 86 51
207 86 52
199 86 53
209 86 54
198 86 55
197 86 56
207 86 57
206 86 58
204 86 59
220 86 60
193 86 61
213 86 62
206 86 63
213 86 64
202 86 65
200 86 66
205 86 67
198 86 68
211 86 69
213 86 70
214 86 71
204 86 72
209 86 73
201 86 74
209 86 75
192 86 76
205 86 77
207 86 78
204 86 79
204 86 80
199 86 81
209 86 82
200 86 83
202 86 84
207 86 85
209 86 86
209 86 87
217 86 88
224 86 89
206 86 90
205 86 91
203 86 92
210 86 93
208 86 94
209 86 95
196 86 96
196 86 97
208 86 98
211 86 99
187 86 100
216 87 1
182 87 2
212 87 3
192 87 4
218 87 5
205 87 6
210 87 7
201 87 8
199 87 9
185 87 10
208 87 11
201 87 12
216 87 13
188 87 14
200 87 15
207 87 16
211 87 17
201 87 18
201 87 19
199 87 20
194 87 21
204 87 22
214 87 23
201 87 24
191 87 25
208 87 26
216 87 27
194 87 28
217 87 29
210 87 30
198 87 31
210 87 32
206 87 33
199 87 34
210 87 35
219 87 36
207 87 37
194 87 38
204 87 39
213 87 40
199 87 41
215 87 42
198 87 43
216 87 44
212 87 45
221 87 46
202 87 47
194 87 48
197 87 49
206 87 50
204 87 51
207 87 52
198 87 53
208 87 54
198 87 55
195 87 56
208 87 57
204 87 58
202 87 59
219 87 60
193 87 61
211 87 62
204 87 63
213 87 64
197 87 65
198 87 66
201 87 67
195 87 68
208 87 69
211 87 70
210 87 71
202 87 72
203 87 73
201 87 74
204 87 75
191 87 76
202 87 77
205 87 78
204 87 79
205 87 80
199 87 81
204 87 82
199 87 83
202 87 84
207 87 85
203 87 86
210 87 87
215 87 88
219 87 89
204 87 90
202 87 91
202 87 92
209 87 93
210 87 94
208 87 95
197 87 96
195 87 97
208 87 98
209 87 99
184 87 100
215 88 1
180 88 2
210 88 3
191 88 4
216 88 5
206 88 6
209 88 7
204 88 8
198 88 9
189 88 10
205 88 11
196 88 12
214 88 13
189 88 14
199 88 15
206 88 16
206 88 17
199 88 18
198 88 19
193 88 20
192 88 21
203 88 22
218 88 23
200 88 24
182 88 25
206 88 26
211 88 27
191 88 28
218 88 29
206 88 30
194 88 31
213 88 32
200 88 33
200 88 34
206 88 35
217 88 36
199 88 37
196 88 38
205 88 39
207 88 40
200 88 41
212 88 42
197 88 43
217 88 44
216 88 45
220 88 46
203 88 47
188 88 48
197 88 49
201 88 50
201 88 51
206 88 52
195 88 53
207 88 54
196 88 55
195 88 56
205 88 57
204 88 58
203 88 59
217 88 60
189 88 61
213 88 62
202 88 63
211 88 64
198 88 65
199 88 66
204 88 67
196 88 68
207 88 69
210 88 70
210 88 71
202 88 72
202 88 73
200 88 74
206 88 75
190 88 76
200 88 77
210 88 78
198 88 79
201 88 80
199 88 81
207 88 82
200 88 83
202 88 84
203 88 85
204 88 86
206 88 87
218 88 88
223 88 89
200 88 90
199 88 91
199 88 92
207 88 93
207 88 94
210 88 95
196 88 96
198 88 97
208 88 98
210 88 99
183 88 100
218 89 1
183 89 2
217 89 3
197 89 4
220 89 5
209 89 6
215 89 7
209 89 8
202 89 9
189 89 10
211 89 11
203 89 12
218 89 13
194 89 14
205 89 15
210 89 16
209 89 17
203 89 18
203 89 19
199 89 20
195 89 21
209 89 22
220 89 23
204 89 24
191 89 25
210 89 26
217 89 27
196 89 28
220 89 29
213 89 30
196 89 31
213 89 32
206 89 33
201 89 34
210 89 35
222 89 36
204 89 37
197 89 38
210 89 39
216 89 40
204 89 41
217 89 42
199 89 43
222 89 44
216 89 45
224 89 46
204 89 47
196 89 48
200 89 49
208 89 50
204 89 51
209 89 52
200 89 53
210 89 54
202 89 55
199 89 56
210 89 57
208 89 58
207 89 59
219 89 60
192 89 61
215 89 62
205 89 63
213 89 64
202 89 65
200 89 66
207 89 67
200 89 68
212 89 69
214 89 70
216 89 71
207 89 72
207 89 73
205 89 74
209 89 75
192 89 76
205 89 77
210 89 78
206 89 79
205 89 80
202 89 81
209 89 82
203 89 83
205 89 84
205 89 85
208 89 86
209 89 87
219 89 88
226 89 89
205 89 90
204 89 91
204 89 92
211 89 93
210 89 94
210 89 95
198 89 96
199 89 97
212 89 98
214 89 99
186 89 100
214 90 1
182 90 2
209 90 3
186 90 4
215 90 5
202 90 6
204 90 7
198 90 8
200 90 9
183 90 10
200 90 11
194 90 12
210 90 13
188 90 14
200 90 15
205 90 16
203 90 17
198 90 18
197 90 19
193 90 20
185 90 21
201 90 22
212 90 23
196 90 24
186 90 25
201 90 26
210 90 27
190 90 28
211 90 29
204 90 30
190 90 31
207 90 32
199 90 33
193 90 34
200 90 35
212 90 36
200 90 37
188 90 38
200 90 39
204 90 40
198 90 41
210 90 42
191 90 43
215 90 44
211 90 45
216 90 46
200 90 47
193 90 48
198 90 49
202 90 50
197 90 51
203 90 52
193 90 53
203 90 54
191 90 55
194 90 56
201 90 57
203 90 58
201 90 59
214 90 60
184 90 61
203 90 62
196 90 63
206 90 64
196 90 65
190 90 66
195 90 67
191 90 68
204 90 69
211 90 70
206 90 71
196 90 72
200 90 73
195 90 74
200 90 75
184 90 76
200 90 77
202 90 78
200 90 79
197 90 80
192 90 81
202 90 82
199 90 83
197 90 84
199 90 85
198 90 86
205 90 87
210 90 88
218 90 89
206 90 90
201 90 91
202 90 92
204 90 93
203 90 94
201 90 95
189 90 96
193 90 97
204 90 98
205 90 99
182 90 100
211 91 1
178 91 2
209 91 3
185 91 4
212 91 5
203 91 6
201 91 7
200 91 8
195 91 9
180 91 10
205 91 11
191 91 12
210 91 13
189 91 14
198 91 15
201 91 16
205 91 17
201 91 18
196 91 19
195 91 20
185 91 21
203 91 22
214 91 23
195 91 24
188 91 25
200 91 26
207 91 27
186 91 28
209 91 29
204 91 30
188 91 31
209 91 32
199 91 33
193 91 34
204 91 35
214 91 36
198 91 37
189 91 38
202 91 39
209 91 40
194 91 41
212 91 42
193 91 43
216 91 44
212 91 45
212 91 46
196 91 47
190 91 48
193 91 49
199 91 50
193 91 51
200 91 52
190 91 53
201 91 54
192 91 55
187 91 56
202 91 57
200 91 58
200 91 59
213 91 60
180 91 61
206 91 62
200 91 63
205 91 64
197 91 65
189 91 66
200 91 67
191 91 68
206 91 69
207 91 70
209 91 71
197 91 72
200 91 73
199 91 74
198 91 75
183 91 76
192 91 77
204 91 78
196 91 79
201 91 80
191 91 81
202 91 82
193 91 83
195 91 84
196 91 85
197 91 86
202 91 87
212 91 88
218 91 89
199 91 90
200 91 91
200 91 92
202 91 93
199 91 94
204 91 95
187 91 96
187 91 97
204 91 98
204 91 99
181 91 100
214 92 1
180 92 2
214 92 3
192 92 4
218 92 5
204 92 6
212 92 7
200 92 8
197 92 9
188 92 10
204 92 11
196 92 12
213 92 13
189 92 14
203 92 15
207 92 16
202 92 17
200 92 18
203 92 19
195 92 20
188 92 21
201 92 22
216 92 23
200 92 24
185 92 25
204 92 26
207 92 27
194 92 28
213 92 29
208 92 30
192 92 31
207 92 32
201 92 33
198 92 34
206 92 35
217 92 36
199 92 37
192 92 38
203 92 39
210 92 40
200 92 41
211 92 42
191 92 43
215 92 44
211 92 45
218 92 46
195 92 47
190 92 48
196 92 49
201 92 50
201 92 51
206 92 52
197 92 53
203 92 54
194 92 55
188 92 56
204 92 57
205 92 58
204 92 59
215 92 60
185 92 61
208 92 62
203 92 63
209 92 64
201 92 65
197 92 66
200 92 67
196 92 68
211 92 69
214 92 70
212 92 71
199 92 72
204 92 73
198 92 74
205 92 75
189 92 76
205 92 77
205 92 78
201 92 79
202 92 80
197 92 81
207 92 82
196 92 83
201 92 84
199 92 85
199 92 86
208 92 87
214 92 88
219 92 89
202 92 90
199 92 91
205 92 92
205 92 93
207 92 94
207 92 95
193 92 96
195 92 97
204 92 98
205 92 99
182 92 100
215 93 1
183 93 2
211 93 3
189 93 4
215 93 5
206 93 6
212 93 7
203 93 8
200 93 9
186 93 10
206 93 11
204 93 12
213 93 13
193 93 14
200 93 15
207 93 16
208 93 17
204 93 18
198 93 19
200 93 20
191 93 21
204 93 22
217 93 23
198 93 24
192 93 25
203 93 26
215 93 27
191 93 28
215 93 29
208 93 30
194 93 31
207 93 32
201 93 33
200 93 34
206 93 35
221 93 36
202 93 37
194 93 38
206 93 39
209 93 40
202 93 41
215 93 42
195 93 43
220 93 44
212 93 45
224 93 46
199 93 47
195 93 48
200 93 49
203 93 50
198 93 51
202 93 52
196 93 53
207 93 54
194 93 55
195 93 56
204 93 57
204 93 58
203 93 59
218 93 60
186 93 61
207 93 62
205 93 63
210 93 64
203 93 65
193 93 66
206 93 67
194 93 68
212 93 69
209 93 70
210 93 71
201 93 72
204 93 73
198 93 74
202 93 75
189 93 76
203 93 77
207 93 78
201 93 79
202 93 80
198 93 81
207 93 82
200 93 83
201 93 84
206 93 85
201 93 86
208 93 87
213 93 88
223 93 89
202 93 90
199 93 91
202 93 92
212 93 93
205 93 94
207 93 95
192 93 96
192 93 97
206 93 98
208 93 99
186 93 100
217 94 1
177 94 2
213 94 3
193 94 4
218 94 5
208 94 6
210 94 7
205 94 8
195 94 9
188 94 10
202 94 11
195 94 12
216 94 13
190 94 14
201 94 15
206 94 16
206 94 17
197 94 18
201 94 19
193 94 20
191 94 21
203 94 22
218 94 23
202 94 24
185 94 25
203 94 26
210 94 27
192 94 28
216 94 29
208 94 30
192 94 31
211 94 32
203 94 33
199 94 34
206 94 35
216 94 36
202 94 37
193 94 38
206 94 39
212 94 40
200 94 41
213 94 42
200 94 43
217 94 44
214 94 45
223 94 46
201 94 47
190 94 48
198 94 49
207 94 50
201 94 51
205 94 52
194 94 53
206 94 54
197 94 55
193 94 56
205 94 57
206 94 58
205 94 59
216 94 60
187 94 61
212 94 62
203 94 63
211 94 64
201 94 65
197 94 66
201 94 67
197 94 68
210 94 69
213 94 70
212 94 71
204 94 72
204 94 73
203 94 74
206 94 75
185 94 76
203 94 77
208 94 78
202 94 79
202 94 80
200 94 81
209 94 82
198 94 83
201 94 84
203 94 85
201 94 86
205 94 87
216 94 88
221 94 89
203 94 90
202 94 91
201 94 92
205 94 93
211 94 94
205 94 95
194 94 96
191 94 97
208 94 98
211 94 99
182 94 100
219 95 1
183 95 2
215 95 3
194 95 4
219 95 5
209 95 6
214 95 7
205 95 8
201 95 9
189 95 10
209 95 11
202 95 12
218 95 13
197 95 14
203 95 15
208 95 16
211 95 17
203 95 18
203 95 19
200 95 20
195 95 21
209 95 22
221 95 23
205 95 24
190 95 25
210 95 26
214 95 27
196 95 28
219 95 29
213 95 30
197 95 31
212 95 32
206 95 33
202 95 34
211 95 35
223 95 36
205 95 37
197 95 38
209 95 39
216 95 40
203 95 41
216 95 42
200 95 43
218 95 44
218 95 45
223 95 46
203 95 47
194 95 48
201 95 49
208 95 50
203 95 51
208 95 52
199 95 53
212 95 54
200 95 55
198 95 56
206 95 57
208 95 58
208 95 59
220 95 60
191 95 61
214 95 62
205 95 63
213 95 64
202 95 65
199 95 66
205 95 67
199 95 68
209 95 69
214 95 70
216 95 71
206 95 72
208 95 73
203 95 74
207 95 75
193 95 76
203 95 77
209 95 78
204 95 79
205 95 80
201 95 81
209 95 82
204 95 83
204 95 84
208 95 85
205 95 86
211 95 87
220 95 88
226 95 89
206 95 90
203 95 91
203 95 92
210 95 93
210 95 94
213 95 95
197 95 96
197 95 97
211 95 98
214 95 99
187 95 100
216 96 1
181 96 2
210 96 3
192 96 4
215 96 5
207 96 6
209 96 7
201 96 8
197 96 9
189 96 10
204 96 11
198 96 12
214 96 13
193 96 14
201 96 15
208 96 16
207 96 17
199 96 18
198 96 19
195 96 20
194 96 21
204 96 22
215 96 23
197 96 24
186 96 25
204 96 26
212 96 27
193 96 28
217 96 29
211 96 30
196 96 31
208 96 32
203 96 33
197 96 34
207 96 35
220 96 36
199 96 37
197 96 38
205 96 39
208 96 40
198 96 41
214 96 42
199 96 43
216 96 44
213 96 45
219 96 46
198 96 47
189 96 48
197 96 49
203 96 50
199 96 51
207 96 52
195 96 53
206 96 54
198 96 55
196 96 56
206 96 57
205 96 58
201 96 59
217 96 60
190 96 61
211 96 62
202 96 63
210 96 64
200 96 65
197 96 66
203 96 67
195 96 68
206 96 69
212 96 70
210 96 71
204 96 72
203 96 73
200 96 74
204 96 75
188 96 76
200 96 77
207 96 78
200 96 79
205 96 80
200 96 81
206 96 82
198 96 83
200 96 84
206 96 85
204 96 86
208 96 87
216 96 88
220 96 89
203 96 90
200 96 91
199 96 92
207 96 93
206 96 94
205 96 95
195 96 96
195 96 97
208 96 98
212 96 99
185 96 100
212 97 1
179 97 2
213 97 3
186 97 4
210 97 5
203 97 6
207 97 7
201 97 8
199 97 9
185 97 10
204 97 11
198 97 12
213 97 13
186 97 14
199 97 15
204 97 16
202 97 17
197 97 18
199 97 19
193 97 20
190 97 21
203 97 22
210 97 23
200 97 24
183 97 25
201 97 26
209 97 27
190 97 28
210 97 29
207 97 30
193 97 31
204 97 32
198 97 33
195 97 34
202 97 35
213 97 36
196 97 37
195 97 38
201 97 39
207 97 40
199 97 41
208 97 42
191 97 43
212 97 44
208 97 45
215 97 46
200 97 47
192 97 48
196 97 49
204 97 50
203 97 51
199 97 52
197 97 53
205 97 54
195 97 55
190 97 56
204 97 57
205 97 58
200 97 59
211 97 60
186 97 61
208 97 62
200 97 63
208 97 64
197 97 65
196 97 66
200 97 67
194 97 68
207 97 69
207 97 70
210 97 71
199 97 72
201 97 73
194 97 74
200 97 75
183 97 76
198 97 77
198 97 78
202 97 79
201 97 80
193 97 81
203 97 82
198 97 83
203 97 84
200 97 85
201 97 86
201 97 87
210 97 88
217 97 89
202 97 90
199 97 91
199 97 92
204 97 93
204 97 94
204 97 95
190 97 96
196 97 97
204 97 98
207 97 99
180 97 100
209 98 1
178 98 2
208 98 3
187 98 4
211 98 5
199 98 6
203 98 7
197 98 8
197 98 9
178 98 10
202 98 11
191 98 12
211 98 13
185 98 14
198 98 15
202 98 16
203 98 17
193 98 18
198 98 19
191 98 20
186 98 21
203 98 22
209 98 23
195 98 24
181 98 25
200 98 26
209 98 27
188 98 28
206 98 29
205 98 30
192 98 31
205 98 32
198 98 33
191 98 34
202 98 35
211 98 36
198 98 37
189 98 38
199 98 39
202 98 40
198 98 41
208 98 42
193 98 43
211 98 44
205 98 45
212 98 46
198 98 47
189 98 48
192 98 49
195 98 50
197 98 51
201 98 52
187 98 53
201 98 54
186 98 55
187 98 56
200 98 57
198 98 58
201 98 59
211 98 60
183 98 61
207 98 62
195 98 63
204 98 64
190 98 65
189 98 66
197 98 67
192 98 68
201 98 69
209 98 70
207 98 71
200 98 72
198 98 73
193 98 74
197 98 75
184 98 76
195 98 77
202 98 78
198 98 79
195 98 80
197 98 81
194 98 82
191 98 83
196 98 84
195 98 85
193 98 86
203 98 87
209 98 88
216 98 89
198 98 90
196 98 91
195 98 92
206 98 93
201 98 94
200 98 95
187 98 96
187 98 97
211 98 98
205 98 99
181 98 100
217 99 1
180 99 2
214 99 3
194 99 4
217 99 5
208 99 6
211 99 7
205 99 8
200 99 9
190 99 10
207 99 11
200 99 12
216 99 13
195 99 14
202 99 15
208 99 16
207 99 17
199 99 18
201 99 19
198 99 20
192 99 21
205 99 22
217 99 23
201 99 24
188 99 25
207 99 26
211 99 27
195 99 28
219 99 29
211 99 30
196 99 31
211 99 32
202 99 33
200 99 34
206 99 35
222 99 36
203 99 37
196 99 38
207 99 39
210 99 40
201 99 41
213 99 42
197 99 43
219 99 44
216 99 45
222 99 46
200 99 47
191 99 48
199 99 49
206 99 50
202 99 51
207 99 52
197 99 53
210 99 54
200 99 55
197 99 56
205 99 57
206 99 58
204 99 59
218 99 60
191 99 61
214 99 62
204 99 63
213 99 64
200 99 65
197 99 66
202 99 67
196 99 68
207 99 69
213 99 70
213 99 71
202 99 72
205 99 73
201 99 74
205 99 75
191 99 76
202 99 77
208 99 78
203 99 79
204 99 80
197 99 81
208 99 82
198 99 83
201 99 84
204 99 85
205 99 86
209 99 87
218 99 88
222 99 89
200 99 90
202 99 91
202 99 92
209 99 93
206 99 94
211 99 95
195 99 96
196 99 97
207 99 98
214 99 99
186 99 100
217 100 1
180 100 2
214 100 3
193 100 4
216 100 5
207 100 6
211 100 7
204 100 8
201 100 9
187 100 10
208 100 11
200 100 12
220 100 13
191 100 14
203 100 15
209 100 16
210 100 17
204 100 18
198 100 19
198 100 20
194 100 21
205 100 22
221 100 23
202 100 24
191 100 25
206 100 26
215 100 27
195 100 28
217 100 29
212 100 30
195 100 31
213 100 32
205 100 33
201 100 34
208 100 35
222 100 36
206 100 37
196 100 38
208 100 39
212 100 40
203 100 41
215 100 42
198 100 43
223 100 44
213 100 45
225 100 46
204 100 47
194 100 48
199 100 49
204 100 50
199 100 51
205 100 52
197 100 53
211 100 54
198 100 55
198 100 56
205 100 57
205 100 58
205 100 59
219 100 60
190 100 61
213 100 62
207 100 63
214 100 64
204 100 65
199 100 66
204 100 67
199 100 68
211 100 69
212 100 70
213 100 71
203 100 72
204 100 73
201 100 74
203 100 75
188 100 76
202 100 77
207 100 78
203 100 79
202 100 80
200 100 81
207 100 82
199 100 83
201 100 84
204 100 85
205 100 86
209 100 87
217 100 88
224 100 89
205 100 90
204 100 91
203 100 92
212 100 93
208 100 94
209 100 95
195 100 96
198 100 97
210 100 98
212 100 99
188 100 100
