304 1 1
244 1 2
264 1 3
246 1 4
250 1 5
278 1 6
260 1 7
259 1 8
252 1 9
237 1 10
269 1 11
271 1 12
288 1 13
253 1 14
255 1 15
254 1 16
274 1 17
283 1 18
262 1 19
268 1 20
281 1 21
265 1 22
279 1 23
258 1 24
259 1 25
277 1 26
280 1 27
272 1 28
248 1 29
262 1 30
253 1 31
259 1 32
271 1 33
284 1 34
278 1 35
280 1 36
283 1 37
272 1 38
276 1 39
260 1 40
256 1 41
273 1 42
271 1 43
277 1 44
276 1 45
273 1 46
256 1 47
265 1 48
279 1 49
279 1 50
250 1 51
283 1 52
261 1 53
270 1 54
242 1 55
274 1 56
266 1 57
272 1 58
271 1 59
277 1 60
295 1 61
280 1 62
265 1 63
269 1 64
264 1 65
250 1 66
285 1 67
236 1 68
257 1 69
264 1 70
255 1 71
256 1 72
263 1 73
264 1 74
251 1 75
276 1 76
256 1 77
266 1 78
284 1 79
251 1 80
266 1 81
246 1 82
266 1 83
238 1 84
291 1 85
273 1 86
273 1 87
274 1 88
276 1 89
251 1 90
263 1 91
263 1 92
267 1 93
253 1 94
286 1 95
262 1 96
249 1 97
282 1 98
280 1 99
264 1 100
241 2 1
300 2 2
275 2 3
265 2 4
264 2 5
259 2 6
257 2 7
250 2 8
255 2 9
241 2 10
274 2 11
284 2 12
271 2 13
253 2 14
261 2 15
254 2 16
277 2 17
286 2 18
267 2 19
272 2 20
255 2 21
273 2 22
277 2 23
255 2 24
277 2 25
264 2 26
267 2 27
252 2 28
250 2 29
265 2 30
265 2 31
270 2 32
264 2 33
273 2 34
280 2 35
274 2 36
283 2 37
260 2 38
254 2 39
261 2 40
268 2 41
281 2 42
246 2 43
286 2 44
267 2 45
273 2 46
265 2 47
270 2 48
265 2 49
259 2 50
244 2 51
259 2 52
247 2 53
282 2 54
231 2 55
273 2 56
261 2 57
261 2 58
273 2 59
254 2 60
261 2 61
277 2 62
279 2 63
282 2 64
260 2 65
239 2 66
262 2 67
245 2 68
281 2 69
263 2 70
281 2 71
268 2 72
268 2 73
270 2 74
251 2 75
258 2 76
247 2 77
277 2 78
273 2 79
249 2 80
245 2 81
257 2 82
258 2 83
241 2 84
258 2 85
262 2 86
262 2 87
254 2 88
276 2 89
259 2 90
272 2 91
264 2 92
276 2 93
252 2 94
264 2 95
257 2 96
250 2 97
253 2 98
269 2 99
266 2 100
264 3 1
266 3 2
334 3 3
273 3 4
282 3 5
292 3 6
290 3 7
275 3 8
269 3 9
250 3 10
280 3 11
287 3 12
290 3 13
286 3 14
280 3 15
274 3 16
276 3 17
283 3 18
280 3 19
286 3 20
285 3 21
283 3 22
290 3 23
273 3 24
269 3 25
260 3 26
304 3 27
271 3 28
284 3 29
272 3 30
272 3 31
294 3 32
268 3 33
288 3 34
273 3 35
279 3 36
279 3 37
278 3 38
259 3 39
274 3 40
282 3 41
273 3 42
249 3 43
286 3 44
281 3 45
284 3 46
279 3 47
284 3 48
274 3 49
279 3 50
277 3 51
277 3 52
279 3 53
286 3 54
248 3 55
262 3 56
258 3 57
268 3 58
275 3 59
278 3 60
281 3 61
285 3 62
299 3 63
268 3 64
271 3 65
267 3 66
278 3 67
260 3 68
282 3 69
271 3 70
272 3 71
290 3 72
283 3 73
279 3 74
269 3 75
267 3 76
266 3 77
282 3 78
275 3 79
264 3 80
273 3 81
284 3 82
274 3 83
257 3 84
278 3 85
279 3 86
278 3 87
279 3 88
295 3 89
280 3 90
288 3 91
289 3 92
267 3 93
287 3 94
291 3 95
260 3 96
264 3 97
268 3 98
282 3 99
280 3 100
249 4 1
261 4 2
279 4 3
310 4 4
297 4 5
250 4 6
263 4 7
260 4 8
259 4 9
248 4 10
259 4 11
262 4 12
267 4 13
275 4 14
275 4 15
283 4 16
273 4 17
267 4 18
299 4 19
258 4 20
254 4 21
249 4 22
284 4 23
263 4 24
252 4 25
250 4 26
281 4 27
246 4 28
258 4 29
251 4 30
265 4 31
256 4 32
264 4 33
272 4 34
275 4 35
262 4 36
266 4 37
245 4 38
244 4 39
256 4 40
299 4 41
260 4 42
239 4 43
259 4 44
272 4 45
262 4 46
283 4 47
261 4 48
251 4 49
261 4 50
281 4 51
257 4 52
282 4 53
268 4 54
237 4 55
257 4 56
252 4 57
252 4 58
274 4 59
247 4 60
261 4 61
262 4 62
294 4 63
259 4 64
250 4 65
260 4 66
257 4 67
247 4 68
261 4 69
286 4 70
285 4 71
273 4 72
267 4 73
254 4 74
255 4 75
233 4 76
256 4 77
278 4 78
263 4 79
280 4 80
251 4 81
261 4 82
263 4 83
258 4 84
252 4 85
254 4 86
245 4 87
252 4 88
277 4 89
289 4 90
293 4 91
280 4 92
249 4 93
260 4 94
259 4 95
250 4 96
256 4 97
259 4 98
265 4 99
266 4 100
255 5 1
251 5 2
272 5 3
291 5 4
319 5 5
257 5 6
266 5 7
257 5 8
254 5 9
246 5 10
270 5 11
266 5 12
276 5 13
291 5 14
281 5 15
287 5 16
279 5 17
268 5 18
296 5 19
261 5 20
261 5 21
262 5 22
291 5 23
265 5 24
259 5 25
261 5 26
284 5 27
258 5 28
253 5 29
256 5 30
267 5 31
259 5 32
272 5 33
290 5 34
269 5 35
261 5 36
270 5 37
258 5 38
248 5 39
259 5 40
292 5 41
266 5 42
246 5 43
268 5 44
277 5 45
277 5 46
289 5 47
271 5 48
261 5 49
262 5 50
274 5 51
264 5 52
282 5 53
273 5 54
231 5 55
261 5 56
254 5 57
257 5 58
273 5 59
252 5 60
271 5 61
260 5 62
302 5 63
268 5 64
258 5 65
251 5 66
260 5 67
255 5 68
269 5 69
286 5 70
286 5 71
285 5 72
263 5 73
268 5 74
251 5 75
249 5 76
260 5 77
274 5 78
272 5 79
279 5 80
255 5 81
253 5 82
269 5 83
248 5 84
262 5 85
271 5 86
253 5 87
252 5 88
285 5 89
298 5 90
300 5 91
285 5 92
264 5 93
262 5 94
265 5 95
267 5 96
259 5 97
266 5 98
275 5 99
272 5 100
276 6 1
251 6 2
282 6 3
257 6 4
266 6 5
325 6 6
292 6 7
272 6 8
267 6 9
239 6 10
283 6 11
287 6 12
283 6 13
274 6 14
268 6 15
266 6 16
272 6 17
290 6 18
269 6 19
269 6 20
286 6 21
286 6 22
287 6 23
273 6 24
262 6 25
283 6 26
299 6 27
279 6 28
265 6 29
266 6 30
262 6 31
281 6 32
277 6 33
279 6 34
278 6 35
284 6 36
280 6 37
287 6 38
275 6 39
273 6 40
275 6 41
281 6 42
265 6 43
295 6 44
295 6 45
280 6 46
268 6 47
280 6 48
281 6 49
282 6 50
260 6 51
281 6 52
270 6 53
286 6 54
247 6 55
264 6 56
287 6 57
266 6 58
271 6 59
287 6 60
295 6 61
280 6 62
290 6 63
289 6 64
270 6 65
254 6 66
284 6 67
256 6 68
278 6 69
257 6 70
277 6 71
271 6 72
282 6 73
267 6 74
258 6 75
279 6 76
259 6 77
284 6 78
296 6 79
264 6 80
273 6 81
259 6 82
275 6 83
252 6 84
298 6 85
277 6 86
273 6 87
278 6 88
286 6 89
271 6 90
278 6 91
279 6 92
285 6 93
259 6 94
289 6 95
265 6 96
259 6 97
279 6 98
281 6 99
272 6 100
262 7 1
253 7 2
290 7 3
266 7 4
272 7 5
288 7 6
315 7 7
281 7 8
266 7 9
245 7 10
284 7 11
268 7 12
288 7 13
278 7 14
275 7 15
273 7 16
282 7 17
276 7 18
274 7 19
271 7 20
270 7 21
275 7 22
270 7 23
294 7 24
258 7 25
263 7 26
294 7 27
271 7 28
285 7 29
267 7 30
272 7 31
273 7 32
279 7 33
284 7 34
280 7 35
269 7 36
273 7 37
282 7 38
260 7 39
264 7 40
274 7 41
276 7 42
253 7 43
292 7 44
286 7 45
278 7 46
274 7 47
282 7 48
273 7 49
284 7 50
266 7 51
271 7 52
268 7 53
278 7 54
250 7 55
258 7 56
274 7 57
263 7 58
273 7 59
272 7 60
285 7 61
279 7 62
289 7 63
264 7 64
259 7 65
260 7 66
280 7 67
253 7 68
284 7 69
260 7 70
269 7 71
280 7 72
286 7 73
268 7 74
266 7 75
276 7 76
269 7 77
276 7 78
284 7 79
264 7 80
281 7 81
280 7 82
284 7 83
265 7 84
278 7 85
283 7 86
276 7 87
269 7 88
282 7 89
274 7 90
280 7 91
275 7 92
281 7 93
270 7 94
279 7 95
263 7 96
266 7 97
256 7 98
278 7 99
279 7 100
260 8 1
256 8 2
280 8 3
258 8 4
273 8 5
286 8 6
281 8 7
304 8 8
267 8 9
253 8 10
265 8 11
263 8 12
279 8 13
278 8 14
255 8 15
275 8 16
271 8 17
285 8 18
276 8 19
270 8 20
265 8 21
267 8 22
274 8 23
277 8 24
264 8 25
262 8 26
280 8 27
277 8 28
276 8 29
265 8 30
254 8 31
285 8 32
261 8 33
264 8 34
278 8 35
273 8 36
269 8 37
275 8 38
263 8 39
267 8 40
272 8 41
264 8 42
254 8 43
272 8 44
281 8 45
278 8 46
264 8 47
260 8 48
265 8 49
278 8 50
285 8 51
274 8 52
271 8 53
278 8 54
255 8 55
260 8 56
268 8 57
254 8 58
262 8 59
277 8 60
275 8 61
274 8 62
281 8 63
267 8 64
260 8 65
261 8 66
281 8 67
271 8 68
269 8 69
270 8 70
268 8 71
270 8 72
272 8 73
251 8 74
272 8 75
257 8 76
273 8 77
281 8 78
270 8 79
272 8 80
267 8 81
271 8 82
266 8 83
268 8 84
266 8 85
271 8 86
260 8 87
278 8 88
276 8 89
261 8 90
281 8 91
284 8 92
262 8 93
271 8 94
281 8 95
262 8 96
255 8 97
264 8 98
264 8 99
267 8 100
253 9 1
251 9 2
279 9 3
263 9 4
262 9 5
269 9 6
267 9 7
264 9 8
305 9 9
260 9 10
258 9 11
263 9 12
272 9 13
258 9 14
252 9 15
261 9 16
267 9 17
271 9 18
275 9 19
256 9 20
265 9 21
262 9 22
272 9 23
277 9 24
259 9 25
265 9 26
278 9 27
264 9 28
271 9 29
285 9 30
291 9 31
264 9 32
261 9 33
268 9 34
274 9 35
263 9 36
274 9 37
263 9 38
262 9 39
296 9 40
262 9 41
261 9 42
242 9 43
268 9 44
264 9 45
276 9 46
264 9 47
261 9 48
271 9 49
255 9 50
259 9 51
256 9 52
268 9 53
277 9 54
257 9 55
264 9 56
257 9 57
253 9 58
269 9 59
263 9 60
265 9 61
270 9 62
276 9 63
271 9 64
252 9 65
273 9 66
265 9 67
276 9 68
271 9 69
261 9 70
272 9 71
260 9 72
283 9 73
260 9 74
276 9 75
252 9 76
264 9 77
271 9 78
274 9 79
266 9 80
248 9 81
278 9 82
287 9 83
282 9 84
261 9 85
256 9 86
253 9 87
258 9 88
273 9 89
252 9 90
269 9 91
272 9 92
259 9 93
284 9 94
264 9 95
251 9 96
265 9 97
259 9 98
256 9 99
258 9 100
242 10 1
240 10 2
264 10 3
266 10 4
264 10 5
252 10 6
247 10 7
257 10 8
264 10 9
283 10 10
225 10 11
246 10 12
253 10 13
259 10 14
250 10 15
268 10 16
255 10 17
251 10 18
267 10 19
242 10 20
239 10 21
231 10 22
265 10 23
251 10 24
237 10 25
241 10 26
263 10 27
256 10 28
252 10 29
256 10 30
262 10 31
247 10 32
251 10 33
254 10 34
265 10 35
268 10 36
264 10 37
248 10 38
243 10 39
266 10 40
256 10 41
245 10 42
240 10 43
251 10 44
246 10 45
240 10 46
254 10 47
240 10 48
240 10 49
256 10 50
269 10 51
259 10 52
252 10 53
259 10 54
259 10 55
247 10 56
252 10 57
245 10 58
265 10 59
255 10 60
247 10 61
268 10 62
261 10 63
256 10 64
247 10 65
272 10 66
254 10 67
248 10 68
243 10 69
267 10 70
249 10 71
250 10 72
252 10 73
236 10 74
269 10 75
227 10 76
259 10 77
266 10 78
249 10 79
261 10 80
230 10 81
256 10 82
261 10 83
255 10 84
243 10 85
250 10 86
242 10 87
253 10 88
256 10 89
253 10 90
259 10 91
261 10 92
237 10 93
264 10 94
255 10 95
254 10 96
266 10 97
241 10 98
252 10 99
244 10 100
268 11 1
266 11 2
287 11 3
256 11 4
271 11 5
284 11 6
290 11 7
262 11 8
263 11 9
228 11 10
330 11 11
295 11 12
305 11 13
266 11 14
270 11 15
258 11 16
289 11 17
297 11 18
271 11 19
286 11 20
284 11 21
299 11 22
286 11 23
271 11 24
290 11 25
299 11 26
289 11 27
276 11 28
261 11 29
276 11 30
280 11 31
269 11 32
281 11 33
310 11 34
288 11 35
283 11 36
283 11 37
276 11 38
267 11 39
274 11 40
275 11 41
300 11 42
262 11 43
287 11 44
303 11 45
300 11 46
278 11 47
298 11 48
302 11 49
271 11 50
250 11 51
268 11 52
270 11 53
298 11 54
238 11 55
281 11 56
260 11 57
277 11 58
284 11 59
275 11 60
298 11 61
276 11 62
296 11 63
285 11 64
264 11 65
244 11 66
288 11 67
255 11 68
286 11 69
269 11 70
276 11 71
274 11 72
285 11 73
291 11 74
247 11 75
282 11 76
260 11 77
275 11 78
304 11 79
260 11 80
280 11 81
275 11 82
267 11 83
257 11 84
286 11 85
281 11 86
275 11 87
268 11 88
292 11 89
279 11 90
284 11 91
276 11 92
294 11 93
261 11 94
279 11 95
262 11 96
255 11 97
278 11 98
278 11 99
298 11 100
258 12 1
274 12 2
283 12 3
253 12 4
264 12 5
278 12 6
265 12 7
248 12 8
251 12 9
235 12 10
288 12 11
331 12 12
283 12 13
260 12 14
268 12 15
253 12 16
276 12 17
285 12 18
257 12 19
270 12 20
263 12 21
294 12 22
283 12 23
262 12 24
288 12 25
279 12 26
269 12 27
267 12 28
246 12 29
273 12 30
271 12 31
270 12 32
260 12 33
281 12 34
275 12 35
279 12 36
272 12 37
275 12 38
259 12 39
269 12 40
268 12 41
291 12 42
258 12 43
292 12 44
281 12 45
287 12 46
265 12 47
277 12 48
284 12 49
268 12 50
242 12 51
271 12 52
251 12 53
276 12 54
232 12 55
283 12 56
259 12 57
265 12 58
262 12 59
273 12 60
288 12 61
278 12 62
284 12 63
288 12 64
261 12 65
243 12 66
280 12 67
252 12 68
289 12 69
265 12 70
270 12 71
266 12 72
274 12 73
280 12 74
248 12 75
266 12 76
248 12 77
273 12 78
283 12 79
249 12 80
253 12 81
259 12 82
267 12 83
237 12 84
276 12 85
276 12 86
265 12 87
264 12 88
282 12 89
259 12 90
264 12 91
258 12 92
291 12 93
257 12 94
271 12 95
263 12 96
253 12 97
270 12 98
283 12 99
277 12 100
283 13 1
266 13 2
299 13 3
269 13 4
284 13 5
293 13 6
290 13 7
278 13 8
268 13 9
248 13 10
301 13 11
302 13 12
336 13 13
288 13 14
282 13 15
277 13 16
305 13 17
312 13 18
284 13 19
286 13 20
295 13 21
309 13 22
307 13 23
274 13 24
293 13 25
294 13 26
296 13 27
280 13 28
273 13 29
289 13 30
280 13 31
287 13 32
292 13 33
317 13 34
300 13 35
297 13 36
295 13 37
295 13 38
283 13 39
286 13 40
288 13 41
305 13 42
272 13 43
306 13 44
313 13 45
312 13 46
293 13 47
300 13 48
307 13 49
287 13 50
269 13 51
297 13 52
291 13 53
306 13 54
249 13 55
299 13 56
278 13 57
297 13 58
291 13 59
291 13 60
308 13 61
296 13 62
303 13 63
289 13 64
273 13 65
260 13 66
287 13 67
258 13 68
286 13 69
292 13 70
278 13 71
292 13 72
294 13 73
289 13 74
263 13 75
287 13 76
268 13 77
288 13 78
298 13 79
275 13 80
272 13 81
277 13 82
276 13 83
265 13 84
291 13 85
296 13 86
288 13 87
286 13 88
305 13 89
291 13 90
291 13 91
285 13 92
301 13 93
281 13 94
299 13 95
275 13 96
268 13 97
300 13 98
296 13 99
302 13 100
267 14 1
259 14 2
296 14 3
288 14 4
299 14 5
280 14 6
278 14 7
275 14 8
261 14 9
253 14 10
264 14 11
275 14 12
278 14 13
314 14 14
278 14 15
290 14 16
278 14 17
273 14 18
296 14 19
272 14 20
266 14 21
272 14 22
288 14 23
273 14 24
254 14 25
262 14 26
298 14 27
272 14 28
272 14 29
261 14 30
264 14 31
276 14 32
271 14 33
283 14 34
272 14 35
277 14 36
272 14 37
277 14 38
257 14 39
266 14 40
304 14 41
275 14 42
249 14 43
268 14 44
281 14 45
281 14 46
286 14 47
269 14 48
260 14 49
276 14 50
288 14 51
278 14 52
285 14 53
285 14 54
252 14 55
268 14 56
267 14 57
262 14 58
270 14 59
270 14 60
279 14 61
274 14 62
313 14 63
268 14 64
270 14 65
263 14 66
264 14 67
253 14 68
275 14 69
285 14 70
276 14 71
298 14 72
271 14 73
262 14 74
264 14 75
255 14 76
264 14 77
281 14 78
270 14 79
287 14 80
260 14 81
270 14 82
271 14 83
257 14 84
277 14 85
282 14 86
270 14 87
266 14 88
285 14 89
288 14 90
296 14 91
289 14 92
265 14 93
270 14 94
285 14 95
268 14 96
271 14 97
278 14 98
281 14 99
275 14 100
261 15 1
264 15 2
289 15 3
287 15 4
299 15 5
270 15 6
285 15 7
266 15 8
265 15 9
261 15 10
272 15 11
282 15 12
287 15 13
289 15 14
311 15 15
294 15 16
294 15 17
275 15 18
290 15 19
270 15 20
270 15 21
270 15 22
290 15 23
277 15 24
266 15 25
264 15 26
299 15 27
271 15 28
274 15 29
261 15 30
280 15 31
275 15 32
270 15 33
294 15 34
280 15 35
277 15 36
285 15 37
277 15 38
248 15 39
266 15 40
296 15 41
283 15 42
257 15 43
286 15 44
287 15 45
281 15 46
291 15 47
275 15 48
269 15 49
286 15 50
275 15 51
272 15 52
284 15 53
277 15 54
249 15 55
266 15 56
271 15 57
261 15 58
279 15 59
269 15 60
276 15 61
280 15 62
296 15 63
271 15 64
261 15 65
264 15 66
272 15 67
253 15 68
284 15 69
289 15 70
285 15 71
302 15 72
275 15 73
271 15 74
272 15 75
256 15 76
265 15 77
287 15 78
277 15 79
271 15 80
258 15 81
265 15 82
284 15 83
257 15 84
268 15 85
277 15 86
263 15 87
258 15 88
298 15 89
296 15 90
297 15 91
283 15 92
282 15 93
265 15 94
266 15 95
273 15 96
270 15 97
271 15 98
284 15 99
281 15 100
246 16 1
241 16 2
271 16 3
282 16 4
289 16 5
259 16 6
261 16 7
266 16 8
249 16 9
259 16 10
242 16 11
256 16 12
261 16 13
279 16 14
273 16 15
312 16 16
266 16 17
253 16 18
287 16 19
249 16 20
250 16 21
236 16 22
271 16 23
258 16 24
242 16 25
245 16 26
278 16 27
264 16 28
259 16 29
240 16 30
256 16 31
253 16 32
260 16 33
267 16 34
260 16 35
257 16 36
254 16 37
263 16 38
244 16 39
248 16 40
286 16 41
255 16 42
245 16 43
255 16 44
259 16 45
257 16 46
275 16 47
253 16 48
240 16 49
274 16 50
295 16 51
261 16 52
275 16 53
265 16 54
241 16 55
257 16 56
264 16 57
242 16 58
260 16 59
258 16 60
269 16 61
262 16 62
284 16 63
248 16 64
242 16 65
262 16 66
257 16 67
236 16 68
254 16 69
279 16 70
264 16 71
268 16 72
258 16 73
240 16 74
262 16 75
230 16 76
267 16 77
263 16 78
250 16 79
274 16 80
248 16 81
254 16 82
261 16 83
249 16 84
259 16 85
255 16 86
247 16 87
258 16 88
266 16 89
281 16 90
275 16 91
267 16 92
249 16 93
259 16 94
250 16 95
257 16 96
264 16 97
246 16 98
262 16 99
255 16 100
268 17 1
273 17 2
287 17 3
273 17 4
279 17 5
281 17 6
276 17 7
270 17 8
261 17 9
247 17 10
294 17 11
291 17 12
304 17 13
274 17 14
270 17 15
276 17 16
333 17 17
300 17 18
287 17 19
287 17 20
289 17 21
297 17 22
307 17 23
271 17 24
288 17 25
279 17 26
288 17 27
271 17 28
259 17 29
276 17 30
277 17 31
278 17 32
298 17 33
319 17 34
299 17 35
299 17 36
299 17 37
276 17 38
274 17 39
272 17 40
282 17 41
293 17 42
271 17 43
299 17 44
293 17 45
301 17 46
284 17 47
292 17 48
292 17 49
276 17 50
271 17 51
294 17 52
277 17 53
300 17 54
239 17 55
291 17 56
279 17 57
276 17 58
295 17 59
284 17 60
296 17 61
289 17 62
296 17 63
280 17 64
273 17 65
259 17 66
293 17 67
253 17 68
271 17 69
297 17 70
278 17 71
284 17 72
277 17 73
285 17 74
262 17 75
284 17 76
261 17 77
290 17 78
286 17 79
263 17 80
270 17 81
269 17 82
271 17 83
261 17 84
281 17 85
290 17 86
275 17 87
277 17 88
294 17 89
275 17 90
289 17 91
288 17 92
285 17 93
272 17 94
292 17 95
284 17 96
258 17 97
283 17 98
288 17 99
300 17 100
268 18 1
278 18 2
279 18 3
258 18 4
263 18 5
285 18 6
281 18 7
270 18 8
264 18 9
232 18 10
292 18 11
285 18 12
298 18 13
264 18 14
250 18 15
256 18 16
287 18 17
334 18 18
268 18 19
282 18 20
282 18 21
297 18 22
290 18 23
268 18 24
286 18 25
287 18 26
269 18 27
267 18 28
255 18 29
286 18 30
271 18 31
278 18 32
280 18 33
295 18 34
295 18 35
291 18 36
292 18 37
276 18 38
273 18 39
282 18 40
266 18 41
288 18 42
255 18 43
300 18 44
290 18 45
297 18 46
270 18 47
282 18 48
295 18 49
265 18 50
252 18 51
275 18 52
261 18 53
309 18 54
238 18 55
289 18 56
270 18 57
287 18 58
280 18 59
272 18 60
290 18 61
282 18 62
286 18 63
294 18 64
277 18 65
245 18 66
285 18 67
260 18 68
279 18 69
262 18 70
283 18 71
271 18 72
287 18 73
275 18 74
252 18 75
275 18 76
256 18 77
288 18 78
293 18 79
258 18 80
275 18 81
264 18 82
269 18 83
254 18 84
281 18 85
280 18 86
264 18 87
275 18 88
285 18 89
263 18 90
280 18 91
274 18 92
289 18 93
265 18 94
284 18 95
261 18 96
244 18 97
278 18 98
277 18 99
288 18 100
264 19 1
259 19 2
282 19 3
292 19 4
297 19 5
269 19 6
270 19 7
269 19 8
264 19 9
247 19 10
270 19 11
270 19 12
275 19 13
283 19 14
271 19 15
291 19 16
284 19 17
273 19 18
322 19 19
268 19 20
273 19 21
266 19 22
285 19 23
262 19 24
259 19 25
269 19 26
304 19 27
266 19 28
256 19 29
256 19 30
260 19 31
270 19 32
283 19 33
288 19 34
280 19 35
275 19 36
279 19 37
265 19 38
262 19 39
264 19 40
307 19 41
274 19 42
259 19 43
268 19 44
276 19 45
280 19 46
287 19 47
263 19 48
267 19 49
270 19 50
286 19 51
276 19 52
280 19 53
284 19 54
238 19 55
269 19 56
263 19 57
255 19 58
277 19 59
263 19 60
282 19 61
277 19 62
321 19 63
270 19 64
268 19 65
261 19 66
271 19 67
251 19 68
261 19 69
289 19 70
288 19 71
282 19 72
265 19 73
273 19 74
261 19 75
251 19 76
260 19 77
276 19 78
276 19 79
285 19 80
269 19 81
267 19 82
269 19 83
256 19 84
278 19 85
268 19 86
269 19 87
265 19 88
290 19 89
290 19 90
300 19 91
283 19 92
263 19 93
265 19 94
279 19 95
262 19 96
260 19 97
273 19 98
272 19 99
271 19 100
268 20 1
271 20 2
291 20 3
262 20 4
272 20 5
286 20 6
278 20 7
268 20 8
268 20 9
243 20 10
299 20 11
282 20 12
299 20 13
271 20 14
265 20 15
262 20 16
292 20 17
296 20 18
272 20 19
320 20 20
290 20 21
294 20 22
305 20 23
278 20 24
284 20 25
286 20 26
286 20 27
267 20 28
279 20 29
282 20 30
273 20 31
280 20 32
287 20 33
300 20 34
295 20 35
292 20 36
293 20 37
279 20 38
263 20 39
279 20 40
275 20 41
291 20 42
269 20 43
294 20 44
297 20 45
299 20 46
273 20 47
300 20 48
287 20 49
283 20 50
262 20 51
284 20 52
279 20 53
304 20 54
254 20 55
276 20 56
272 20 57
275 20 58
293 20 59
291 20 60
292 20 61
293 20 62
290 20 63
284 20 64
271 20 65
268 20 66
288 20 67
261 20 68
285 20 69
281 20 70
272 20 71
274 20 72
296 20 73
277 20 74
260 20 75
283 20 76
270 20 77
286 20 78
286 20 79
252 20 80
276 20 81
278 20 82
267 20 83
261 20 84
281 20 85
286 20 86
282 20 87
281 20 88
296 20 89
273 20 90
280 20 91
290 20 92
283 20 93
279 20 94
300 20 95
272 20 96
257 20 97
286 20 98
284 20 99
296 20 100
287 21 1
249 21 2
291 21 3
252 21 4
264 21 5
293 21 6
282 21 7
266 21 8
259 21 9
239 21 10
283 21 11
274 21 12
297 21 13
263 21 14
263 21 15
265 21 16
278 21 17
297 21 18
278 21 19
280 21 20
319 21 21
283 21 22
290 21 23
265 21 24
268 21 25
275 21 26
302 21 27
276 21 28
262 21 29
272 21 30
265 21 31
283 21 32
288 21 33
294 21 34
282 21 35
274 21 36
281 21 37
293 21 38
282 21 39
272 21 40
271 21 41
276 21 42
280 21 43
299 21 44
289 21 45
291 21 46
267 21 47
289 21 48
281 21 49
279 21 50
262 21 51
287 21 52
271 21 53
291 21 54
241 21 55
276 21 56
279 21 57
265 21 58
270 21 59
282 21 60
305 21 61
278 21 62
289 21 63
263 21 64
286 21 65
261 21 66
289 21 67
241 21 68
264 21 69
264 21 70
270 21 71
276 21 72
275 21 73
274 21 74
261 21 75
287 21 76
261 21 77
265 21 78
290 21 79
254 21 80
285 21 81
263 21 82
270 21 83
248 21 84
298 21 85
289 21 86
285 21 87
279 21 88
297 21 89
275 21 90
279 21 91
279 21 92
287 21 93
269 21 94
302 21 95
263 21 96
257 21 97
280 21 98
279 21 99
272 21 100
262 22 1
266 22 2
289 22 3
253 22 4
269 22 5
287 22 6
277 22 7
250 22 8
264 22 9
223 22 10
301 22 11
302 22 12
306 22 13
268 22 14
266 22 15
253 22 16
290 22 17
299 22 18
268 22 19
278 22 20
289 22 21
326 22 22
287 22 23
266 22 24
285 22 25
284 22 26
286 22 27
264 22 28
261 22 29
283 22 30
272 22 31
278 22 32
280 22 33
298 22 34
280 22 35
290 22 36
290 22 37
277 22 38
265 22 39
276 22 40
273 22 41
294 22 42
261 22 43
302 22 44
288 22 45
306 22 46
271 22 47
285 22 48
302 22 49
263 22 50
246 22 51
274 22 52
270 22 53
289 22 54
234 22 55
282 22 56
260 22 57
274 22 58
275 22 59
271 22 60
294 22 61
285 22 62
296 22 63
284 22 64
266 22 65
239 22 66
272 22 67
253 22 68
283 22 69
266 22 70
276 22 71
278 22 72
286 22 73
297 22 74
241 22 75
282 22 76
246 22 77
282 22 78
296 22 79
258 22 80
266 22 81
260 22 82
265 22 83
246 22 84
280 22 85
281 22 86
274 22 87
267 22 88
294 22 89
268 22 90
281 22 91
268 22 92
297 22 93
260 22 94
284 22 95
258 22 96
251 22 97
286 22 98
283 22 99
286 22 100
269 23 1
271 23 2
287 23 3
279 23 4
288 23 5
282 23 6
275 23 7
271 23 8
267 23 9
253 23 10
290 23 11
282 23 12
304 23 13
272 23 14
270 23 15
280 23 16
307 23 17
296 23 18
287 23 19
293 23 20
283 23 21
283 23 22
335 23 23
269 23 24
284 23 25
287 23 26
285 23 27
271 23 28
261 23 29
277 23 30
276 23 31
276 23 32
298 23 33
307 23 34
300 23 35
294 23 36
300 23 37
277 23 38
267 23 39
280 23 40
283 23 41
294 23 42
263 23 43
300 23 44
298 23 45
295 23 46
290 23 47
301 23 48
287 23 49
285 23 50
274 23 51
289 23 52
289 23 53
306 23 54
248 23 55
293 23 56
275 23 57
284 23 58
304 23 59
284 23 60
286 23 61
298 23 62
289 23 63
297 23 64
275 23 65
263 23 66
285 23 67
255 23 68
282 23 69
303 23 70
284 23 71
279 23 72
290 23 73
281 23 74
263 23 75
267 23 76
269 23 77
291 23 78
283 23 79
270 23 80
258 23 81
268 23 82
273 23 83
265 23 84
278 23 85
278 23 86
273 23 87
276 23 88
298 23 89
282 23 90
288 23 91
293 23 92
279 23 93
275 23 94
291 23 95
277 23 96
261 23 97
289 23 98
297 23 99
294 23 100
255 24 1
249 24 2
284 24 3
262 24 4
262 24 5
280 24 6
284 24 7
277 24 8
278 24 9
253 24 10
270 24 11
267 24 12
271 24 13
270 24 14
261 24 15
262 24 16
261 24 17
276 24 18
258 24 19
271 24 20
256 24 21
266 24 22
272 24 23
310 24 24
259 24 25
255 24 26
272 24 27
259 24 28
281 24 29
278 24 30
281 24 31
267 24 32
258 24 33
267 24 34
275 24 35
257 24 36
260 24 37
270 24 38
253 24 39
274 24 40
263 24 41
261 24 42
238 24 43
270 24 44
277 24 45
275 24 46
262 24 47
269 24 48
260 24 49
284 24 50
259 24 51
256 24 52
271 24 53
261 24 54
261 24 55
247 24 56
263 24 57
252 24 58
264 24 59
267 24 60
275 24 61
265 24 62
271 24 63
267 24 64
255 24 65
267 24 66
272 24 67
264 24 68
285 24 69
256 24 70
262 24 71
264 24 72
290 24 73
258 24 74
275 24 75
256 24 76
278 24 77
274 24 78
271 24 79
264 24 80
263 24 81
277 24 82
290 24 83
274 24 84
263 24 85
273 24 86
251 24 87
263 24 88
280 24 89
267 24 90
272 24 91
273 24 92
257 24 93
277 24 94
271 24 95
247 24 96
266 24 97
256 24 98
267 24 99
263 24 100
258 25 1
273 25 2
279 25 3
251 25 4
267 25 5
275 25 6
267 25 7
264 25 8
262 25 9
231 25 10
299 25 11
300 25 12
291 25 13
261 25 14
262 25 15
259 25 16
289 25 17
287 25 18
272 25 19
286 25 20
270 25 21
297 25 22
294 25 23
261 25 24
314 25 25
284 25 26
270 25 27
264 25 28
257 25 29
274 25 30
266 25 31
280 25 32
271 25 33
293 25 34
284 25 35
273 25 36
284 25 37
277 25 38
261 25 39
269 25 40
272 25 41
298 25 42
256 25 43
288 25 44
291 25 45
306 25 46
276 25 47
289 25 48
291 25 49
270 25 50
249 25 51
274 25 52
262 25 53
290 25 54
232 25 55
285 25 56
261 25 57
268 25 58
278 25 59
278 25 60
284 25 61
284 25 62
291 25 63
281 25 64
259 25 65
242 25 66
280 25 67
253 25 68
287 25 69
271 25 70
272 25 71
269 25 72
278 25 73
292 25 74
254 25 75
277 25 76
251 25 77
280 25 78
280 25 79
253 25 80
256 25 81
266 25 82
261 25 83
252 25 84
274 25 85
276 25 86
265 25 87
265 25 88
294 25 89
259 25 90
275 25 91
266 25 92
285 25 93
263 25 94
278 25 95
269 25 96
241 25 97
277 25 98
282 25 99
283 25 100
274 26 1
265 26 2
276 26 3
255 26 4
269 26 5
292 26 6
273 26 7
260 26 8
264 26 9
239 26 10
303 26 11
295 26 12
301 26 13
266 26 14
264 26 15
263 26 16
288 26 17
298 26 18
276 26 19
279 26 20
287 26 21
296 26 22
295 26 23
261 26 24
285 26 25
317 26 26
281 26 27
282 26 28
257 26 29
269 26 30
267 26 31
269 26 32
286 26 33
303 26 34
299 26 35
288 26 36
293 26 37
277 26 38
283 26 39
275 26 40
275 26 41
303 26 42
272 26 43
293 26 44
296 26 45
298 26 46
278 26 47
289 26 48
298 26 49
272 26 50
253 26 51
275 26 52
273 26 53
300 26 54
245 26 55
293 26 56
271 26 57
286 26 58
286 26 59
287 26 60
295 26 61
288 26 62
294 26 63
291 26 64
270 26 65
252 26 66
291 26 67
258 26 68
277 26 69
278 26 70
271 26 71
266 26 72
278 26 73
281 26 74
253 26 75
282 26 76
267 26 77
275 26 78
302 26 79
266 26 80
272 26 81
270 26 82
264 26 83
254 26 84
290 26 85
283 26 86
288 26 87
276 26 88
289 26 89
268 26 90
274 26 91
272 26 92
294 26 93
261 26 94
284 26 95
268 26 96
254 26 97
289 26 98
288 26 99
279 26 100
276 27 1
248 27 2
297 27 3
274 27 4
283 27 5
287 27 6
282 27 7
264 27 8
263 27 9
249 27 10
271 27 11
276 27 12
282 27 13
283 27 14
272 27 15
275 27 16
281 27 17
273 27 18
297 27 19
268 27 20
289 27 21
279 27 22
283 27 23
264 27 24
251 27 25
259 27 26
335 27 27
276 27 28
267 27 29
272 27 30
267 27 31
276 27 32
287 27 33
288 27 34
275 27 35
276 27 36
279 27 37
286 27 38
273 27 39
266 27 40
290 27 41
266 27 42
274 27 43
281 27 44
277 27 45
277 27 46
278 27 47
271 27 48
269 27 49
275 27 50
272 27 51
279 27 52
273 27 53
276 27 54
247 27 55
266 27 56
269 27 57
256 27 58
273 27 59
269 27 60
298 27 61
275 27 62
310 27 63
259 27 64
281 27 65
260 27 66
269 27 67
239 27 68
269 27 69
276 27 70
272 27 71
286 27 72
266 27 73
277 27 74
267 27 75
281 27 76
256 27 77
263 27 78
281 27 79
265 27 80
274 27 81
275 27 82
271 27 83
248 27 84
305 27 85
277 27 86
294 27 87
264 27 88
293 27 89
281 27 90
291 27 91
287 27 92
270 27 93
270 27 94
292 27 95
263 27 96
275 27 97
273 27 98
285 27 99
274 27 100
269 28 1
253 28 2
267 28 3
251 28 4
264 28 5
286 28 6
269 28 7
269 28 8
254 28 9
252 28 10
270 28 11
285 28 12
280 28 13
267 28 14
259 28 15
277 28 16
276 28 17
274 28 18
274 28 19
252 28 20
272 28 21
263 28 22
278 28 23
260 28 24
266 28 25
270 28 26
278 28 27
311 28 28
241 28 29
266 28 30
265 28 31
272 28 32
269 28 33
286 28 34
276 28 35
281 28 36
270 28 37
302 28 38
275 28 39
267 28 40
263 28 41
275 28 42
272 28 43
290 28 44
275 28 45
264 28 46
261 28 47
266 28 48
268 28 49
286 28 50
266 28 51
278 28 52
252 28 53
277 28 54
238 28 55
282 28 56
277 28 57
258 28 58
267 28 59
287 28 60
290 28 61
279 28 62
285 28 63
268 28 64
264 28 65
250 28 66
279 28 67
245 28 68
264 28 69
260 28 70
263 28 71
264 28 72
264 28 73
259 28 74
260 28 75
264 28 76
262 28 77
264 28 78
277 28 79
253 28 80
262 28 81
251 28 82
264 28 83
248 28 84
287 28 85
278 28 86
272 28 87
274 28 88
278 28 89
260 28 90
271 28 91
266 28 92
280 28 93
251 28 94
277 28 95
278 28 96
262 28 97
263 28 98
278 28 99
263 28 100
274 29 1
250 29 2
304 29 3
268 29 4
276 29 5
284 29 6
299 29 7
285 29 8
279 29 9
256 29 10
278 29 11
274 29 12
288 29 13
282 29 14
275 29 15
275 29 16
272 29 17
280 29 18
274 29 19
287 29 20
277 29 21
274 29 22
280 29 23
294 29 24
265 29 25
267 29 26
293 29 27
270 29 28
308 29 29
279 29 30
279 29 31
278 29 32
271 29 33
282 29 34
283 29 35
270 29 36
275 29 37
275 29 38
264 29 39
282 29 40
273 29 41
272 29 42
249 29 43
279 29 44
288 29 45
288 29 46
276 29 47
282 29 48
272 29 49
289 29 50
273 29 51
272 29 52
283 29 53
277 29 54
267 29 55
255 29 56
268 29 57
265 29 58
275 29 59
279 29 60
289 29 61
281 29 62
283 29 63
266 29 64
265 29 65
273 29 66
279 29 67
265 29 68
287 29 69
267 29 70
266 29 71
274 29 72
288 29 73
270 29 74
269 29 75
272 29 76
279 29 77
281 29 78
280 29 79
271 29 80
280 29 81
289 29 82
285 29 83
270 29 84
271 29 85
284 29 86
273 29 87
279 29 88
286 29 89
277 29 90
283 29 91
288 29 92
270 29 93
290 29 94
287 29 95
266 29 96
269 29 97
269 29 98
277 29 99
287 29 100
255 30 1
252 30 2
275 30 3
255 30 4
257 30 5
251 30 6
267 30 7
249 30 8
275 30 9
246 30 10
267 30 11
265 30 12
271 30 13
256 30 14
248 30 15
256 30 16
276 30 17
286 30 18
255 30 19
265 30 20
266 30 21
269 30 22
271 30 23
274 30 24
259 30 25
256 30 26
265 30 27
254 30 28
266 30 29
325 30 30
299 30 31
263 30 32
262 30 33
282 30 34
277 30 35
272 30 36
276 30 37
263 30 38
258 30 39
313 30 40
256 30 41
264 30 42
236 30 43
277 30 44
262 30 45
267 30 46
257 30 47
267 30 48
266 30 49
256 30 50
253 30 51
257 30 52
255 30 53
270 30 54
266 30 55
263 30 56
245 30 57
260 30 58
266 30 59
253 30 60
277 30 61
271 30 62
272 30 63
273 30 64
254 30 65
272 30 66
258 30 67
265 30 68
267 30 69
256 30 70
268 30 71
265 30 72
299 30 73
266 30 74
271 30 75
258 30 76
254 30 77
261 30 78
266 30 79
249 30 80
252 30 81
282 30 82
279 30 83
261 30 84
265 30 85
258 30 86
250 30 87
253 30 88
267 30 89
260 30 90
269 30 91
262 30 92
272 30 93
277 30 94
269 30 95
250 30 96
270 30 97
247 30 98
263 30 99
276 30 100
247 31 1
252 31 2
275 31 3
259 31 4
263 31 5
255 31 6
272 31 7
244 31 8
285 31 9
246 31 10
281 31 11
273 31 12
277 31 13
256 31 14
263 31 15
257 31 16
273 31 17
279 31 18
263 31 19
260 31 20
262 31 21
273 31 22
275 31 23
276 31 24
266 31 25
265 31 26
273 31 27
259 31 28
266 31 29
299 31 30
321 31 31
257 31 32
263 31 33
285 31 34
281 31 35
273 31 36
270 31 37
266 31 38
251 31 39
303 31 40
263 31 41
274 31 42
241 31 43
281 31 44
273 31 45
272 31 46
259 31 47
274 31 48
272 31 49
253 31 50
245 31 51
246 31 52
258 31 53
266 31 54
252 31 55
267 31 56
248 31 57
257 31 58
276 31 59
256 31 60
280 31 61
265 31 62
269 31 63
271 31 64
253 31 65
256 31 66
257 31 67
263 31 68
271 31 69
260 31 70
268 31 71
264 31 72
299 31 73
273 31 74
265 31 75
256 31 76
250 31 77
264 31 78
274 31 79
258 31 80
247 31 81
277 31 82
289 31 83
262 31 84
262 31 85
262 31 86
252 31 87
246 31 88
280 31 89
267 31 90
273 31 91
256 31 92
271 31 93
267 31 94
253 31 95
248 31 96
269 31 97
259 31 98
264 31 99
280 31 100
251 32 1
263 32 2
293 32 3
255 32 4
268 32 5
286 32 6
271 32 7
280 32 8
258 32 9
242 32 10
269 32 11
275 32 12
274 32 13
270 32 14
257 32 15
264 32 16
275 32 17
280 32 18
267 32 19
274 32 20
278 32 21
277 32 22
278 32 23
272 32 24
267 32 25
254 32 26
289 32 27
270 32 28
272 32 29
267 32 30
252 32 31
316 32 32
269 32 33
270 32 34
267 32 35
277 32 36
272 32 37
278 32 38
260 32 39
265 32 40
269 32 41
271 32 42
251 32 43
282 32 44
274 32 45
284 32 46
266 32 47
268 32 48
262 32 49
275 32 50
263 32 51
278 32 52
263 32 53
274 32 54
246 32 55
258 32 56
265 32 57
255 32 58
263 32 59
272 32 60
276 32 61
272 32 62
288 32 63
263 32 64
270 32 65
257 32 66
279 32 67
258 32 68
274 32 69
266 32 70
270 32 71
272 32 72
272 32 73
269 32 74
262 32 75
262 32 76
261 32 77
277 32 78
270 32 79
253 32 80
263 32 81
264 32 82
266 32 83
255 32 84
267 32 85
281 32 86
266 32 87
282 32 88
282 32 89
258 32 90
274 32 91
274 32 92
266 32 93
269 32 94
293 32 95
262 32 96
250 32 97
260 32 98
266 32 99
275 32 100
277 33 1
258 33 2
289 33 3
264 33 4
278 33 5
290 33 6
282 33 7
272 33 8
262 33 9
250 33 10
284 33 11
287 33 12
307 33 13
272 33 14
270 33 15
273 33 16
305 33 17
293 33 18
287 33 19
276 33 20
290 33 21
290 33 22
299 33 23
269 33 24
274 33 25
280 33 26
297 33 27
285 33 28
258 33 29
273 33 30
270 33 31
279 33 32
320 33 33
308 33 34
295 33 35
305 33 36
301 33 37
285 33 38
288 33 39
275 33 40
276 33 41
287 33 42
284 33 43
299 33 44
290 33 45
293 33 46
282 33 47
287 33 48
287 33 49
285 33 50
272 33 51
293 33 52
276 33 53
291 33 54
247 33 55
288 33 56
281 33 57
287 33 58
293 33 59
292 33 60
297 33 61
290 33 62
304 33 63
285 33 64
287 33 65
257 33 66
295 33 67
245 33 68
263 33 69
290 33 70
272 33 71
278 33 72
271 33 73
291 33 74
259 33 75
285 33 76
269 33 77
278 33 78
289 33 79
267 33 80
278 33 81
267 33 82
266 33 83
258 33 84
295 33 85
297 33 86
295 33 87
286 33 88
295 33 89
285 33 90
291 33 91
284 33 92
289 33 93
272 33 94
299 33 95
286 33 96
266 33 97
279 33 98
302 33 99
286 33 100
275 34 1
263 34 2
292 34 3
272 34 4
287 34 5
276 34 6
280 34 7
263 34 8
262 34 9
253 34 10
300 34 11
298 34 12
319 34 13
284 34 14
281 34 15
279 34 16
316 34 17
293 34 18
285 34 19
284 34 20
283 34 21
291 34 22
303 34 23
273 34 24
288 34 25
284 34 26
296 34 27
280 34 28
265 34 29
287 34 30
289 34 31
273 34 32
291 34 33
346 34 34
304 34 35
296 34 36
300 34 37
284 34 38
270 34 39
289 34 40
285 34 41
294 34 42
271 34 43
296 34 44
300 34 45
302 34 46
290 34 47
299 34 48
300 34 49
283 34 50
266 34 51
291 34 52
283 34 53
306 34 54
253 34 55
297 34 56
271 34 57
284 34 58
302 34 59
287 34 60
300 34 61
294 34 62
303 34 63
283 34 64
271 34 65
260 34 66
283 34 67
250 34 68
286 34 69
296 34 70
276 34 71
286 34 72
289 34 73
299 34 74
265 34 75
286 34 76
264 34 77
278 34 78
292 34 79
272 34 80
268 34 81
276 34 82
271 34 83
263 34 84
292 34 85
291 34 86
276 34 87
272 34 88
312 34 89
296 34 90
294 34 91
286 34 92
291 34 93
274 34 94
286 34 95
284 34 96
270 34 97
284 34 98
296 34 99
309 34 100
268 35 1
266 35 2
270 35 3
259 35 4
268 35 5
276 35 6
271 35 7
268 35 8
261 35 9
249 35 10
285 35 11
275 35 12
293 35 13
263 35 14
256 35 15
261 35 16
298 35 17
293 35 18
274 35 19
282 35 20
272 35 21
277 35 22
295 35 23
266 35 24
281 35 25
290 35 26
275 35 27
270 35 28
252 35 29
274 35 30
269 35 31
261 35 32
289 35 33
299 35 34
334 35 35
290 35 36
300 35 37
264 35 38
271 35 39
275 35 40
269 35 41
280 35 42
273 35 43
295 35 44
291 35 45
288 35 46
269 35 47
279 35 48
286 35 49
271 35 50
258 35 51
280 35 52
272 35 53
302 35 54
246 35 55
288 35 56
267 35 57
283 35 58
293 35 59
278 35 60
276 35 61
297 35 62
281 35 63
293 35 64
270 35 65
254 35 66
288 35 67
252 35 68
271 35 69
279 35 70
274 35 71
267 35 72
280 35 73
277 35 74
257 35 75
277 35 76
260 35 77
283 35 78
290 35 79
267 35 80
261 35 81
261 35 82
264 35 83
263 35 84
277 35 85
273 35 86
265 35 87
273 35 88
291 35 89
274 35 90
281 35 91
275 35 92
277 35 93
259 35 94
284 35 95
264 35 96
242 35 97
266 35 98
284 35 99
279 35 100
267 36 1
270 36 2
281 36 3
265 36 4
273 36 5
282 36 6
273 36 7
271 36 8
258 36 9
258 36 10
277 36 11
286 36 12
294 36 13
265 36 14
266 36 15
271 36 16
291 36 17
296 36 18
276 36 19
278 36 20
272 36 21
284 36 22
299 36 23
259 36 24
271 36 25
271 36 26
277 36 27
281 36 28
251 36 29
275 36 30
270 36 31
278 36 32
287 36 33
292 36 34
290 36 35
333 36 36
310 36 37
286 36 38
274 36 39
282 36 40
273 36 41
290 36 42
268 36 43
294 36 44
277 36 45
277 36 46
271 36 47
268 36 48
281 36 49
279 36 50
269 36 51
286 36 52
264 36 53
298 36 54
248 36 55
291 36 56
284 36 57
283 36 58
290 36 59
281 36 60
282 36 61
298 36 62
283 36 63
296 36 64
280 36 65
256 36 66
284 36 67
255 36 68
265 36 69
282 36 70
274 36 71
273 36 72
269 36 73
271 36 74
257 36 75
273 36 76
265 36 77
300 36 78
286 36 79
261 36 80
260 36 81
261 36 82
264 36 83
256 36 84
278 36 85
283 36 86
274 36 87
286 36 88
276 36 89
267 36 90
281 36 91
282 36 92
286 36 93
265 36 94
292 36 95
282 36 96
265 36 97
277 36 98
290 36 99
287 36 100
267 37 1
265 37 2
273 37 3
259 37 4
263 37 5
265 37 6
269 37 7
255 37 8
260 37 9
245 37 10
280 37 11
268 37 12
294 37 13
257 37 14
262 37 15
256 37 16
298 37 17
294 37 18
268 37 19
273 37 20
275 37 21
273 37 22
295 37 23
254 37 24
275 37 25
279 37 26
274 37 27
259 37 28
252 37 29
274 37 30
274 37 31
263 37 32
289 37 33
304 37 34
295 37 35
304 37 36
330 37 37
263 37 38
270 37 39
280 37 40
262 37 41
280 37 42
256 37 43
293 37 44
279 37 45
288 37 46
269 37 47
272 37 48
281 37 49
266 37 50
251 37 51
278 37 52
267 37 53
304 37 54
240 37 55
291 37 56
263 37 57
283 37 58
303 37 59
266 37 60
277 37 61
288 37 62
275 37 63
293 37 64
275 37 65
248 37 66
279 37 67
249 37 68
263 37 69
279 37 70
273 37 71
271 37 72
268 37 73
273 37 74
250 37 75
268 37 76
257 37 77
285 37 78
285 37 79
247 37 80
261 37 81
255 37 82
261 37 83
253 37 84
273 37 85
276 37 86
268 37 87
268 37 88
284 37 89
274 37 90
278 37 91
279 37 92
281 37 93
262 37 94
281 37 95
278 37 96
249 37 97
271 37 98
278 37 99
283 37 100
270 38 1
249 38 2
269 38 3
260 38 4
263 38 5
287 38 6
282 38 7
262 38 8
255 38 9
240 38 10
275 38 11
283 38 12
284 38 13
272 38 14
265 38 15
271 38 16
277 38 17
286 38 18
273 38 19
254 38 20
280 38 21
271 38 22
273 38 23
269 38 24
265 38 25
267 38 26
296 38 27
289 38 28
251 38 29
275 38 30
262 38 31
273 38 32
268 38 33
288 38 34
272 38 35
270 38 36
272 38 37
319 38 38
272 38 39
264 38 40
274 38 41
283 38 42
267 38 43
297 38 44
287 38 45
273 38 46
274 38 47
273 38 48
275 38 49
287 38 50
255 38 51
284 38 52
255 38 53
274 38 54
233 38 55
279 38 56
282 38 57
253 38 58
253 38 59
275 38 60
302 38 61
273 38 62
290 38 63
266 38 64
278 38 65
248 38 66
271 38 67
232 38 68
276 38 69
256 38 70
270 38 71
278 38 72
274 38 73
267 38 74
258 38 75
280 38 76
255 38 77
263 38 78
287 38 79
253 38 80
259 38 81
255 38 82
270 38 83
246 38 84
299 38 85
283 38 86
275 38 87
263 38 88
284 38 89
267 38 90
277 38 91
268 38 92
286 38 93
253 38 94
276 38 95
268 38 96
266 38 97
272 38 98
280 38 99
267 38 100
286 39 1
251 39 2
265 39 3
253 39 4
259 39 5
290 39 6
270 39 7
263 39 8
258 39 9
239 39 10
272 39 11
271 39 12
286 39 13
258 39 14
251 39 15
261 39 16
277 39 17
290 39 18
269 39 19
264 39 20
291 39 21
271 39 22
280 39 23
258 39 24
266 39 25
283 39 26
286 39 27
283 39 28
241 39 29
268 39 30
254 39 31
269 39 32
284 39 33
284 39 34
279 39 35
280 39 36
284 39 37
290 39 38
305 39 39
266 39 40
265 39 41
283 39 42
277 39 43
288 39 44
281 39 45
270 39 46
263 39 47
262 39 48
276 39 49
278 39 50
255 39 51
285 39 52
251 39 53
277 39 54
236 39 55
276 39 56
279 39 57
262 39 58
267 39 59
282 39 60
297 39 61
277 39 62
283 39 63
275 39 64
280 39 65
247 39 66
293 39 67
239 39 68
257 39 69
264 39 70
268 39 71
266 39 72
258 39 73
265 39 74
257 39 75
281 39 76
257 39 77
270 39 78
290 39 79
251 39 80
274 39 81
253 39 82
264 39 83
243 39 84
302 39 85
281 39 86
284 39 87
271 39 88
276 39 89
252 39 90
271 39 91
269 39 92
277 39 93
252 39 94
284 39 95
271 39 96
253 39 97
277 39 98
279 39 99
264 39 100
261 40 1
247 40 2
273 40 3
254 40 4
256 40 5
260 40 6
268 40 7
252 40 8
286 40 9
246 40 10
268 40 11
265 40 12
274 40 13
263 40 14
248 40 15
254 40 16
275 40 17
286 40 18
260 40 19
267 40 20
266 40 21
275 40 22
280 40 23
273 40 24
263 40 25
268 40 26
271 40 27
259 40 28
266 40 29
316 40 30
303 40 31
259 40 32
267 40 33
287 40 34
280 40 35
280 40 36
282 40 37
261 40 38
262 40 39
330 40 40
258 40 41
274 40 42
241 40 43
278 40 44
274 40 45
275 40 46
261 40 47
268 40 48
275 40 49
256 40 50
250 40 51
263 40 52
266 40 53
277 40 54
266 40 55
267 40 56
251 40 57
269 40 58
274 40 59
259 40 60
279 40 61
276 40 62
267 40 63
286 40 64
255 40 65
272 40 66
260 40 67
273 40 68
267 40 69
262 40 70
267 40 71
260 40 72
301 40 73
269 40 74
266 40 75
256 40 76
259 40 77
272 40 78
277 40 79
256 40 80
249 40 81
277 40 82
288 40 83
270 40 84
267 40 85
259 40 86
253 40 87
259 40 88
274 40 89
260 40 90
269 40 91
265 40 92
275 40 93
276 40 94
273 40 95
256 40 96
272 40 97
261 40 98
261 40 99
280 40 100
256 41 1
255 41 2
285 41 3
285 41 4
287 41 5
270 41 6
274 41 7
262 41 8
261 41 9
239 41 10
264 41 11
273 41 12
278 41 13
287 41 14
288 41 15
290 41 16
277 41 17
268 41 18
297 41 19
264 41 20
267 41 21
267 41 22
281 41 23
265 41 24
255 41 25
260 41 26
300 41 27
258 41 28
268 41 29
252 41 30
260 41 31
271 41 32
268 41 33
278 41 34
272 41 35
264 41 36
266 41 37
267 41 38
248 41 39
254 41 40
321 41 41
273 41 42
252 41 43
266 41 44
283 41 45
277 41 46
287 41 47
271 41 48
259 41 49
272 41 50
279 41 51
269 41 52
286 41 53
266 41 54
234 41 55
254 41 56
265 41 57
247 41 58
267 41 59
262 41 60
281 41 61
273 41 62
307 41 63
261 41 64
257 41 65
258 41 66
261 41 67
242 41 68
273 41 69
284 41 70
280 41 71
285 41 72
270 41 73
266 41 74
259 41 75
250 41 76
250 41 77
271 41 78
271 41 79
288 41 80
256 41 81
265 41 82
264 41 83
254 41 84
274 41 85
263 41 86
256 41 87
253 41 88
289 41 89
290 41 90
299 41 91
275 41 92
265 41 93
256 41 94
268 41 95
252 41 96
258 41 97
271 41 98
277 41 99
272 41 100
264 42 1
266 42 2
277 42 3
255 42 4
265 42 5
278 42 6
268 42 7
255 42 8
254 42 9
238 42 10
292 42 11
293 42 12
287 42 13
257 42 14
265 42 15
263 42 16
289 42 17
291 42 18
271 42 19
281 42 20
274 42 21
293 42 22
290 42 23
252 42 24
293 42 25
292 42 26
273 42 27
272 42 28
246 42 29
272 42 30
269 42 31
274 42 32
285 42 33
294 42 34
282 42 35
291 42 36
292 42 37
272 42 38
271 42 39
276 42 40
264 42 41
326 42 42
270 42 43
303 42 44
284 42 45
289 42 46
271 42 47
277 42 48
282 42 49
269 42 50
246 42 51
271 42 52
256 42 53
291 42 54
232 42 55
287 42 56
270 42 57
276 42 58
279 42 59
276 42 60
288 42 61
286 42 62
289 42 63
287 42 64
263 42 65
243 42 66
279 42 67
242 42 68
265 42 69
273 42 70
270 42 71
267 42 72
267 42 73
281 42 74
245 42 75
271 42 76
247 42 77
273 42 78
281 42 79
250 42 80
259 42 81
264 42 82
257 42 83
239 42 84
278 42 85
283 42 86
275 42 87
269 42 88
291 42 89
258 42 90
267 42 91
263 42 92
299 42 93
254 42 94
281 42 95
272 42 96
258 42 97
274 42 98
290 42 99
279 42 100
266 43 1
239 43 2
251 43 3
245 43 4
254 43 5
271 43 6
248 43 7
243 43 8
244 43 9
233 43 10
258 43 11
272 43 12
279 43 13
249 43 14
254 43 15
256 43 16
270 43 17
266 43 18
267 43 19
257 43 20
275 43 21
266 43 22
266 43 23
235 43 24
260 43 25
269 43 26
281 43 27
271 43 28
231 43 29
246 43 30
240 43 31
260 43 32
276 43 33
275 43 34
272 43 35
272 43 36
274 43 37
273 43 38
273 43 39
245 43 40
261 43 41
275 43 42
300 43 43
275 43 44
272 43 45
266 43 46
255 43 47
258 43 48
265 43 49
261 43 50
251 43 51
278 43 52
245 43 53
264 43 54
225 43 55
269 43 56
265 43 57
250 43 58
260 43 59
271 43 60
276 43 61
268 43 62
279 43 63
263 43 64
269 43 65
234 43 66
278 43 67
228 43 68
242 43 69
260 43 70
257 43 71
255 43 72
246 43 73
267 43 74
239 43 75
272 43 76
237 43 77
258 43 78
275 43 79
243 43 80
254 43 81
237 43 82
241 43 83
226 43 84
283 43 85
262 43 86
271 43 87
264 43 88
273 43 89
249 43 90
263 43 91
262 43 92
278 43 93
232 43 94
272 43 95
270 43 96
240 43 97
272 43 98
277 43 99
250 43 100
265 44 1
264 44 2
282 44 3
259 44 4
271 44 5
292 44 6
287 44 7
257 44 8
256 44 9
236 44 10
283 44 11
291 44 12
293 44 13
269 44 14
274 44 15
268 44 16
292 44 17
294 44 18
264 44 19
274 44 20
282 44 21
288 44 22
296 44 23
271 44 24
276 44 25
277 44 26
285 44 27
272 44 28
261 44 29
278 44 30
276 44 31
281 44 32
281 44 33
292 44 34
291 44 35
290 44 36
292 44 37
289 44 38
261 44 39
274 44 40
272 44 41
293 44 42
263 44 43
332 44 44
292 44 45
280 44 46
267 44 47
288 44 48
277 44 49
285 44 50
250 44 51
277 44 52
263 44 53
280 44 54
238 44 55
277 44 56
276 44 57
273 44 58
276 44 59
274 44 60
288 44 61
285 44 62
285 44 63
284 44 64
270 44 65
248 44 66
278 44 67
253 44 68
283 44 69
264 44 70
275 44 71
278 44 72
286 44 73
276 44 74
252 44 75
280 44 76
256 44 77
286 44 78
294 44 79
251 44 80
265 44 81
254 44 82
280 44 83
250 44 84
285 44 85
284 44 86
277 44 87
273 44 88
291 44 89
267 44 90
278 44 91
267 44 92
301 44 93
253 44 94
287 44 95
266 44 96
257 44 97
266 44 98
285 44 99
275 44 100
274 45 1
259 45 2
279 45 3
266 45 4
277 45 5
294 45 6
287 45 7
273 45 8
267 45 9
244 45 10
307 45 11
290 45 12
311 45 13
277 45 14
281 45 15
263 45 16
290 45 17
303 45 18
278 45 19
283 45 20
285 45 21
294 45 22
299 45 23
275 45 24
284 45 25
298 45 26
287 45 27
275 45 28
270 45 29
271 45 30
272 45 31
280 45 32
291 45 33
304 45 34
304 45 35
286 45 36
289 45 37
275 45 38
274 45 39
273 45 40
286 45 41
295 45 42
269 45 43
296 45 44
335 45 45
298 45 46
284 45 47
293 45 48
296 45 49
285 45 50
260 45 51
284 45 52
280 45 53
292 45 54
245 45 55
277 45 56
275 45 57
277 45 58
284 45 59
286 45 60
290 45 61
285 45 62
293 45 63
286 45 64
274 45 65
249 45 66
293 45 67
261 45 68
282 45 69
284 45 70
275 45 71
276 45 72
289 45 73
286 45 74
258 45 75
280 45 76
262 45 77
286 45 78
307 45 79
273 45 80
273 45 81
270 45 82
269 45 83
261 45 84
283 45 85
283 45 86
275 45 87
269 45 88
308 45 89
285 45 90
283 45 91
288 45 92
282 45 93
262 45 94
290 45 95
268 45 96
249 45 97
297 45 98
286 45 99
291 45 100
263 46 1
264 46 2
291 46 3
263 46 4
280 46 5
285 46 6
271 46 7
265 46 8
268 46 9
237 46 10
305 46 11
289 46 12
305 46 13
278 46 14
268 46 15
262 46 16
294 46 17
292 46 18
277 46 19
287 46 20
283 46 21
304 46 22
297 46 23
276 46 24
299 46 25
286 46 26
281 46 27
265 46 28
270 46 29
276 46 30
272 46 31
287 46 32
284 46 33
306 46 34
289 46 35
276 46 36
286 46 37
274 46 38
257 46 39
274 46 40
281 46 41
290 46 42
257 46 43
290 46 44
300 46 45
331 46 46
278 46 47
297 46 48
294 46 49
274 46 50
255 46 51
278 46 52
285 46 53
295 46 54
242 46 55
280 46 56
264 46 57
276 46 58
288 46 59
281 46 60
286 46 61
278 46 62
300 46 63
281 46 64
269 46 65
252 46 66
282 46 67
255 46 68
286 46 69
281 46 70
273 46 71
279 46 72
286 46 73
299 46 74
255 46 75
270 46 76
253 46 77
279 46 78
281 46 79
264 46 80
266 46 81
272 46 82
266 46 83
264 46 84
278 46 85
286 46 86
267 46 87
271 46 88
307 46 89
276 46 90
287 46 91
278 46 92
286 46 93
269 46 94
285 46 95
261 46 96
240 46 97
284 46 98
282 46 99
298 46 100
259 47 1
270 47 2
288 47 3
293 47 4
296 47 5
272 47 6
283 47 7
278 47 8
262 47 9
259 47 10
282 47 11
290 47 12
297 47 13
291 47 14
287 47 15
290 47 16
307 47 17
280 47 18
296 47 19
281 47 20
274 47 21
278 47 22
304 47 23
278 47 24
288 47 25
271 47 26
293 47 27
267 47 28
267 47 29
263 47 30
273 47 31
276 47 32
287 47 33
301 47 34
291 47 35
283 47 36
295 47 37
278 47 38
264 47 39
269 47 40
295 47 41
289 47 42
258 47 43
284 47 44
295 47 45
300 47 46
315 47 47
288 47 48
283 47 49
279 47 50
281 47 51
282 47 52
288 47 53
292 47 54
247 47 55
281 47 56
274 47 57
274 47 58
285 47 59
283 47 60
280 47 61
283 47 62
313 47 63
280 47 64
266 47 65
261 47 66
280 47 67
249 47 68
287 47 69
306 47 70
288 47 71
298 47 72
276 47 73
285 47 74
266 47 75
267 47 76
268 47 77
287 47 78
284 47 79
277 47 80
264 47 81
274 47 82
276 47 83
264 47 84
271 47 85
283 47 86
265 47 87
268 47 88
299 47 89
297 47 90
298 47 91
294 47 92
276 47 93
279 47 94
278 47 95
280 47 96
266 47 97
278 47 98
289 47 99
289 47 100
265 48 1
264 48 2
292 48 3
263 48 4
276 48 5
286 48 6
286 48 7
266 48 8
264 48 9
235 48 10
301 48 11
293 48 12
302 48 13
271 48 14
273 48 15
268 48 16
298 48 17
298 48 18
278 48 19
287 48 20
293 48 21
289 48 22
304 48 23
278 48 24
282 48 25
281 48 26
291 48 27
271 48 28
273 48 29
282 48 30
280 48 31
279 48 32
291 48 33
309 48 34
295 48 35
279 48 36
288 48 37
280 48 38
264 48 39
277 48 40
280 48 41
288 48 42
261 48 43
300 48 44
303 48 45
305 48 46
287 48 47
326 48 48
291 48 49
278 48 50
260 48 51
279 48 52
284 48 53
291 48 54
246 48 55
284 48 56
276 48 57
280 48 58
286 48 59
280 48 60
289 48 61
287 48 62
292 48 63
284 48 64
267 48 65
256 48 66
280 48 67
256 48 68
287 48 69
281 48 70
279 48 71
281 48 72
294 48 73
287 48 74
258 48 75
281 48 76
264 48 77
285 48 78
290 48 79
264 48 80
269 48 81
267 48 82
274 48 83
263 48 84
280 48 85
275 48 86
266 48 87
275 48 88
303 48 89
288 48 90
286 48 91
283 48 92
290 48 93
269 48 94
282 48 95
267 48 96
255 48 97
281 48 98
291 48 99
299 48 100
272 49 1
263 49 2
280 49 3
255 49 4
265 49 5
292 49 6
283 49 7
269 49 8
269 49 9
238 49 10
304 49 11
298 49 12
308 49 13
265 49 14
262 49 15
255 49 16
289 49 17
303 49 18
270 49 19
280 49 20
285 49 21
299 49 22
294 49 23
264 49 24
292 49 25
297 49 26
282 49 27
276 49 28
261 49 29
279 49 30
273 49 31
273 49 32
286 49 33
304 49 34
295 49 35
290 49 36
290 49 37
277 49 38
278 49 39
283 49 40
271 49 41
291 49 42
265 49 43
295 49 44
303 49 45
306 49 46
282 49 47
299 49 48
327 49 49
267 49 50
256 49 51
277 49 52
273 49 53
305 49 54
243 49 55
296 49 56
269 49 57
287 49 58
281 49 59
291 49 60
285 49 61
285 49 62
290 49 63
291 49 64
262 49 65
248 49 66
286 49 67
260 49 68
284 49 69
275 49 70
276 49 71
267 49 72
287 49 73
291 49 74
251 49 75
279 49 76
264 49 77
287 49 78
301 49 79
264 49 80
268 49 81
268 49 82
265 49 83
262 49 84
288 49 85
272 49 86
267 49 87
278 49 88
291 49 89
272 49 90
282 49 91
277 49 92
291 49 93
268 49 94
282 49 95
271 49 96
247 49 97
288 49 98
283 49 99
295 49 100
280 50 1
250 50 2
282 50 3
257 50 4
265 50 5
297 50 6
284 50 7
275 50 8
252 50 9
250 50 10
281 50 11
286 50 12
291 50 13
275 50 14
268 50 15
275 50 16
274 50 17
279 50 18
273 50 19
275 50 20
273 50 21
271 50 22
281 50 23
282 50 24
267 50 25
272 50 26
288 50 27
288 50 28
266 50 29
263 50 30
259 50 31
273 50 32
281 50 33
285 50 34
290 50 35
283 50 36
279 50 37
293 50 38
271 50 39
262 50 40
273 50 41
280 50 42
272 50 43
295 50 44
293 50 45
274 50 46
267 50 47
280 50 48
269 50 49
322 50 50
267 50 51
293 50 52
269 50 53
274 50 54
246 50 55
264 50 56
291 50 57
272 50 58
267 50 59
289 50 60
300 50 61
284 50 62
290 50 63
273 50 64
270 50 65
256 50 66
288 50 67
235 50 68
273 50 69
265 50 70
261 50 71
267 50 72
271 50 73
267 50 74
267 50 75
279 50 76
271 50 77
269 50 78
292 50 79
261 50 80
279 50 81
267 50 82
269 50 83
255 50 84
300 50 85
297 50 86
284 50 87
286 50 88
292 50 89
274 50 90
277 50 91
273 50 92
280 50 93
256 50 94
297 50 95
271 50 96
263 50 97
270 50 98
300 50 99
264 50 100
259 51 1
250 51 2
275 51 3
278 51 4
277 51 5
265 51 6
262 51 7
279 51 8
256 51 9
264 51 10
247 51 11
260 51 12
269 51 13
275 51 14
263 51 15
287 51 16
269 51 17
262 51 18
287 51 19
255 51 20
262 51 21
246 51 22
275 51 23
261 51 24
246 51 25
250 51 26
283 51 27
272 51 28
257 51 29
253 51 30
251 51 31
262 51 32
271 51 33
266 51 34
269 51 35
277 51 36
268 51 37
270 51 38
262 51 39
257 51 40
279 51 41
248 51 42
253 51 43
254 51 44
262 51 45
257 51 46
276 51 47
253 51 48
253 51 49
277 51 50
308 51 51
278 51 52
267 51 53
273 51 54
250 51 55
264 51 56
264 51 57
255 51 58
261 51 59
272 51 60
267 51 61
265 51 62
285 51 63
259 51 64
260 51 65
271 51 66
268 51 67
247 51 68
257 51 69
286 51 70
265 51 71
272 51 72
262 51 73
244 51 74
275 51 75
242 51 76
271 51 77
274 51 78
256 51 79
273 51 80
256 51 81
257 51 82
258 51 83
259 51 84
266 51 85
261 51 86
256 51 87
269 51 88
266 51 89
274 51 90
285 51 91
274 51 92
244 51 93
270 51 94
268 51 95
267 51 96
263 51 97
253 51 98
266 51 99
259 51 100
283 52 1
248 52 2
278 52 3
254 52 4
261 52 5
291 52 6
269 52 7
271 52 8
253 52 9
247 52 10
272 52 11
283 52 12
298 52 13
267 52 14
257 52 15
270 52 16
292 52 17
292 52 18
278 52 19
273 52 20
278 52 21
277 52 22
298 52 23
261 52 24
275 52 25
279 52 26
289 52 27
278 52 28
255 52 29
271 52 30
257 52 31
283 52 32
290 52 33
294 52 34
290 52 35
284 52 36
289 52 37
291 52 38
276 52 39
270 52 40
272 52 41
282 52 42
275 52 43
291 52 44
287 52 45
286 52 46
274 52 47
278 52 48
286 52 49
292 52 50
269 52 51
321 52 52
270 52 53
288 52 54
247 52 55
286 52 56
277 52 57
277 52 58
270 52 59
287 52 60
301 52 61
287 52 62
299 52 63
275 52 64
279 52 65
260 52 66
289 52 67
240 52 68
261 52 69
276 52 70
259 52 71
270 52 72
270 52 73
274 52 74
265 52 75
281 52 76
264 52 77
272 52 78
281 52 79
259 52 80
272 52 81
263 52 82
262 52 83
247 52 84
301 52 85
283 52 86
281 52 87
288 52 88
291 52 89
267 52 90
270 52 91
273 52 92
274 52 93
265 52 94
302 52 95
276 52 96
260 52 97
277 52 98
296 52 99
276 52 100
260 53 1
255 53 2
292 53 3
285 53 4
287 53 5
274 53 6
276 53 7
270 53 8
266 53 9
250 53 10
274 53 11
277 53 12
291 53 13
289 53 14
282 53 15
287 53 16
279 53 17
281 53 18
287 53 19
280 53 20
275 53 21
273 53 22
302 53 23
278 53 24
268 53 25
270 53 26
291 53 27
261 53 28
279 53 29
265 53 30
274 53 31
267 53 32
279 53 33
288 53 34
286 53 35
275 53 36
279 53 37
264 53 38
253 53 39
278 53 40
296 53 41
276 53 42
248 53 43
274 53 44
291 53 45
296 53 46
295 53 47
289 53 48
275 53 49
276 53 50
278 53 51
271 53 52
315 53 53
287 53 54
251 53 55
269 53 56
270 53 57
271 53 58
281 53 59
269 53 60
280 53 61
285 53 62
289 53 63
273 53 64
255 53 65
264 53 66
264 53 67
252 53 68
279 53 69
294 53 70
275 53 71
288 53 72
282 53 73
268 53 74
267 53 75
255 53 76
264 53 77
284 53 78
275 53 79
283 53 80
255 53 81
266 53 82
276 53 83
273 53 84
267 53 85
267 53 86
260 53 87
268 53 88
295 53 89
293 53 90
287 53 91
290 53 92
272 53 93
274 53 94
276 53 95
259 53 96
259 53 97
282 53 98
280 53 99
281 53 100
259 54 1
276 54 2
285 54 3
263 54 4
269 54 5
277 54 6
273 54 7
268 54 8
265 54 9
248 54 10
287 54 11
284 54 12
297 54 13
269 54 14
255 54 15
266 54 16
287 54 17
303 54 18
275 54 19
289 54 20
273 54 21
283 54 22
294 54 23
261 54 24
279 54 25
287 54 26
272 54 27
272 54 28
252 54 29
273 54 30
269 54 31
272 54 32
271 54 33
306 54 34
297 54 35
300 54 36
303 54 37
274 54 38
264 54 39
277 54 40
266 54 41
288 54 42
258 54 43
290 54 44
281 54 45
296 54 46
272 54 47
277 54 48
294 54 49
265 54 50
264 54 51
281 54 52
268 54 53
336 54 54
239 54 55
305 54 56
272 54 57
285 54 58
297 54 59
279 54 60
278 54 61
298 54 62
286 54 63
298 54 64
268 54 65
255 54 66
277 54 67
258 54 68
274 54 69
278 54 70
277 54 71
271 54 72
282 54 73
265 54 74
257 54 75
265 54 76
266 54 77
290 54 78
282 54 79
256 54 80
259 54 81
264 54 82
253 54 83
255 54 84
273 54 85
276 54 86
272 54 87
276 54 88
279 54 89
268 54 90
277 54 91
284 54 92
291 54 93
265 54 94
288 54 95
276 54 96
253 54 97
276 54 98
278 54 99
293 54 100
259 55 1
228 55 2
270 55 3
249 55 4
252 55 5
267 55 6
261 55 7
269 55 8
277 55 9
255 55 10
245 55 11
250 55 12
262 55 13
258 55 14
243 55 15
258 55 16
255 55 17
263 55 18
254 55 19
258 55 20
254 55 21
250 55 22
262 55 23
284 55 24
243 55 25
247 55 26
268 55 27
261 55 28
272 55 29
281 55 30
272 55 31
259 55 32
251 55 33
264 55 34
271 55 35
259 55 36
259 55 37
259 55 38
249 55 39
283 55 40
249 55 41
245 55 42
237 55 43
256 55 44
251 55 45
256 55 46
244 55 47
248 55 48
246 55 49
268 55 50
258 55 51
259 55 52
258 55 53
254 55 54
282 55 55
241 55 56
248 55 57
246 55 58
257 55 59
269 55 60
270 55 61
263 55 62
264 55 63
255 55 64
246 55 65
276 55 66
264 55 67
264 55 68
258 55 69
256 55 70
249 55 71
251 55 72
275 55 73
246 55 74
281 55 75
249 55 76
269 55 77
256 55 78
252 55 79
256 55 80
253 55 81
277 55 82
282 55 83
270 55 84
256 55 85
257 55 86
243 55 87
261 55 88
265 55 89
247 55 90
259 55 91
256 55 92
247 55 93
278 55 94
261 55 95
241 55 96
265 55 97
245 55 98
248 55 99
251 55 100
263 56 1
271 56 2
268 56 3
263 56 4
271 56 5
265 56 6
260 56 7
260 56 8
255 56 9
250 56 10
283 56 11
288 56 12
290 56 13
262 56 14
253 56 15
266 56 16
292 56 17
298 56 18
276 56 19
269 56 20
270 56 21
275 56 22
294 56 23
250 56 24
286 56 25
286 56 26
273 56 27
273 56 28
239 56 29
272 56 30
267 56 31
265 56 32
279 56 33
301 56 34
292 56 35
296 56 36
301 56 37
274 56 38
274 56 39
272 56 40
267 56 41
289 56 42
267 56 43
290 56 44
274 56 45
288 56 46
276 56 47
275 56 48
290 56 49
262 56 50
257 56 51
277 56 52
259 56 53
308 56 54
235 56 55
318 56 56
269 56 57
281 56 58
282 56 59
278 56 60
279 56 61
290 56 62
285 56 63
294 56 64
275 56 65
244 56 66
280 56 67
248 56 68
267 56 69
284 56 70
274 56 71
267 56 72
269 56 73
277 56 74
249 56 75
268 56 76
253 56 77
281 56 78
284 56 79
258 56 80
253 56 81
256 56 82
256 56 83
248 56 84
286 56 85
273 56 86
261 56 87
272 56 88
272 56 89
266 56 90
279 56 91
271 56 92
286 56 93
254 56 94
281 56 95
278 56 96
247 56 97
274 56 98
285 56 99
285 56 100
267 57 1
255 57 2
271 57 3
262 57 4
265 57 5
295 57 6
271 57 7
268 57 8
259 57 9
249 57 10
267 57 11
281 57 12
276 57 13
259 57 14
263 57 15
271 57 16
275 57 17
285 57 18
271 57 19
271 57 20
278 57 21
269 57 22
286 57 23
261 57 24
264 57 25
272 57 26
283 57 27
280 57 28
251 57 29
258 57 30
255 57 31
273 57 32
278 57 33
275 57 34
283 57 35
296 57 36
285 57 37
284 57 38
278 57 39
261 57 40
269 57 41
286 57 42
277 57 43
298 57 44
281 57 45
272 57 46
268 57 47
273 57 48
271 57 49
286 57 50
258 57 51
281 57 52
264 57 53
280 57 54
235 57 55
274 57 56
311 57 57
262 57 58
266 57 59
279 57 60
284 57 61
286 57 62
272 57 63
276 57 64
270 57 65
257 57 66
280 57 67
242 57 68
266 57 69
268 57 70
273 57 71
261 57 72
268 57 73
255 57 74
251 57 75
275 57 76
263 57 77
286 57 78
284 57 79
260 57 80
263 57 81
248 57 82
266 57 83
250 57 84
287 57 85
282 57 86
268 57 87
282 57 88
279 57 89
262 57 90
268 57 91
273 57 92
289 57 93
252 57 94
282 57 95
274 57 96
252 57 97
270 57 98
288 57 99
266 57 100
263 58 1
253 58 2
268 58 3
251 58 4
262 58 5
277 58 6
270 58 7
256 58 8
260 58 9
236 58 10
276 58 11
272 58 12
295 58 13
263 58 14
253 58 15
255 58 16
284 58 17
292 58 18
265 58 19
266 58 20
265 58 21
282 58 22
289 58 23
262 58 24
273 58 25
285 58 26
264 58 27
262 58 28
255 58 29
273 58 30
262 58 31
255 58 32
280 58 33
297 58 34
289 58 35
286 58 36
290 58 37
264 58 38
258 58 39
279 58 40
261 58 41
276 58 42
248 58 43
285 58 44
287 58 45
289 58 46
270 58 47
284 58 48
289 58 49
263 58 50
253 58 51
273 58 52
270 58 53
298 58 54
242 58 55
283 58 56
259 58 57
309 58 58
287 58 59
272 58 60
281 58 61
279 58 62
273 58 63
287 58 64
259 58 65
250 58 66
267 58 67
250 58 68
269 58 69
271 58 70
268 58 71
264 58 72
273 58 73
273 58 74
248 58 75
261 58 76
261 58 77
282 58 78
281 58 79
262 58 80
257 58 81
254 58 82
262 58 83
258 58 84
274 58 85
273 58 86
262 58 87
276 58 88
275 58 89
273 58 90
272 58 91
266 58 92
275 58 93
250 58 94
273 58 95
257 58 96
242 58 97
272 58 98
279 58 99
285 58 100
260 59 1
269 59 2
275 59 3
268 59 4
280 59 5
262 59 6
268 59 7
257 59 8
260 59 9
256 59 10
279 59 11
269 59 12
294 59 13
264 59 14
266 59 15
267 59 16
300 59 17
283 59 18
280 59 19
282 59 20
271 59 21
270 59 22
299 59 23
266 59 24
275 59 25
284 59 26
270 59 27
262 59 28
262 59 29
265 59 30
273 59 31
262 59 32
288 59 33
306 59 34
300 59 35
287 59 36
300 59 37
256 59 38
261 59 39
268 59 40
271 59 41
279 59 42
257 59 43
290 59 44
280 59 45
288 59 46
268 59 47
280 59 48
273 59 49
265 59 50
261 59 51
266 59 52
274 59 53
301 59 54
244 59 55
288 59 56
267 59 57
277 59 58
322 59 59
271 59 60
267 59 61
290 59 62
287 59 63
279 59 64
262 59 65
258 59 66
281 59 67
250 59 68
266 59 69
288 59 70
275 59 71
264 59 72
270 59 73
270 59 74
258 59 75
262 59 76
257 59 77
286 59 78
277 59 79
261 59 80
255 59 81
261 59 82
259 59 83
265 59 84
263 59 85
270 59 86
268 59 87
269 59 88
290 59 89
278 59 90
279 59 91
278 59 92
277 59 93
258 59 94
278 59 95
274 59 96
250 59 97
269 59 98
280 59 99
287 59 100
269 60 1
242 60 2
277 60 3
255 60 4
265 60 5
289 60 6
268 60 7
268 60 8
261 60 9
256 60 10
261 60 11
278 60 12
285 60 13
266 60 14
263 60 15
266 60 16
268 60 17
266 60 18
270 60 19
268 60 20
271 60 21
272 60 22
282 60 23
265 60 24
265 60 25
267 60 26
279 60 27
293 60 28
262 60 29
261 60 30
256 60 31
270 60 32
275 60 33
282 60 34
275 60 35
285 60 36
273 60 37
286 60 38
269 60 39
261 60 40
266 60 41
273 60 42
271 60 43
273 60 44
280 60 45
275 60 46
264 60 47
268 60 48
270 60 49
289 60 50
264 60 51
283 60 52
262 60 53
275 60 54
249 60 55
262 60 56
278 60 57
260 60 58
268 60 59
315 60 60
280 60 61
276 60 62
285 60 63
271 60 64
262 60 65
256 60 66
280 60 67
243 60 68
264 60 69
272 60 70
253 60 71
263 60 72
266 60 73
261 60 74
260 60 75
270 60 76
264 60 77
268 60 78
273 60 79
254 60 80
260 60 81
261 60 82
260 60 83
251 60 84
276 60 85
278 60 86
272 60 87
280 60 88
278 60 89
261 60 90
270 60 91
272 60 92
265 60 93
268 60 94
288 60 95
272 60 96
260 60 97
272 60 98
276 60 99
271 60 100
286 61 1
249 61 2
285 61 3
260 61 4
272 61 5
295 61 6
285 61 7
267 61 8
267 61 9
243 61 10
284 61 11
288 61 12
294 61 13
276 61 14
265 61 15
273 61 16
283 61 17
290 61 18
281 61 19
271 61 20
288 61 21
286 61 22
287 61 23
281 61 24
265 61 25
274 61 26
302 61 27
284 61 28
267 61 29
283 61 30
274 61 31
273 61 32
281 61 33
297 61 34
282 61 35
279 61 36
274 61 37
296 61 38
277 61 39
281 61 40
278 61 41
283 61 42
266 61 43
291 61 44
290 61 45
285 61 46
270 61 47
283 61 48
279 61 49
289 61 50
264 61 51
289 61 52
270 61 53
278 61 54
248 61 55
275 61 56
281 61 57
268 61 58
267 61 59
283 61 60
339 61 61
280 61 62
292 61 63
270 61 64
280 61 65
262 61 66
281 61 67
241 61 68
275 61 69
272 61 70
262 61 71
266 61 72
279 61 73
273 61 74
262 61 75
282 61 76
265 61 77
267 61 78
290 61 79
261 61 80
284 61 81
276 61 82
283 61 83
254 61 84
301 61 85
294 61 86
283 61 87
275 61 88
289 61 89
268 61 90
275 61 91
268 61 92
283 61 93
273 61 94
290 61 95
262 61 96
269 61 97
281 61 98
281 61 99
278 61 100
279 62 1
270 62 2
295 62 3
270 62 4
282 62 5
297 62 6
287 62 7
280 62 8
276 62 9
263 62 10
293 62 11
301 62 12
311 62 13
277 62 14
276 62 15
276 62 16
301 62 17
304 62 18
285 62 19
292 62 20
287 62 21
303 62 22
309 62 23
277 62 24
288 62 25
297 62 26
294 62 27
283 62 28
270 62 29
287 62 30
281 62 31
283 62 32
296 62 33
308 62 34
311 62 35
308 62 36
312 62 37
288 62 38
279 62 39
290 62 40
281 62 41
302 62 42
275 62 43
311 62 44
297 62 45
305 62 46
284 62 47
294 62 48
302 62 49
288 62 50
272 62 51
300 62 52
285 62 53
310 62 54
253 62 55
297 62 56
288 62 57
291 62 58
297 62 59
290 62 60
292 62 61
327 62 62
297 62 63
302 62 64
275 62 65
269 62 66
292 62 67
264 62 68
286 62 69
292 62 70
278 62 71
286 62 72
290 62 73
288 62 74
271 62 75
287 62 76
272 62 77
301 62 78
301 62 79
273 62 80
271 62 81
275 62 82
276 62 83
270 62 84
288 62 85
288 62 86
285 62 87
287 62 88
300 62 89
279 62 90
286 62 91
289 62 92
295 62 93
278 62 94
298 62 95
282 62 96
263 62 97
294 62 98
302 62 99
292 62 100
269 63 1
264 63 2
296 63 3
289 63 4
298 63 5
284 63 6
285 63 7
272 63 8
269 63 9
241 63 10
284 63 11
289 63 12
291 63 13
297 63 14
283 63 15
289 63 16
297 63 17
289 63 18
314 63 19
278 63 20
288 63 21
291 63 22
293 63 23
271 63 24
274 63 25
279 63 26
306 63 27
276 63 28
262 63 29
275 63 30
272 63 31
283 63 32
294 63 33
297 63 34
291 63 35
282 63 36
290 63 37
287 63 38
268 63 39
275 63 40
313 63 41
288 63 42
266 63 43
283 63 44
292 63 45
297 63 46
298 63 47
281 63 48
281 63 49
278 63 50
280 63 51
287 63 52
280 63 53
292 63 54
243 63 55
274 63 56
267 63 57
266 63 58
277 63 59
277 63 60
296 63 61
283 63 62
344 63 63
281 63 64
281 63 65
255 63 66
281 63 67
255 63 68
277 63 69
287 63 70
299 63 71
300 63 72
277 63 73
289 63 74
262 63 75
271 63 76
266 63 77
281 63 78
293 63 79
284 63 80
276 63 81
276 63 82
274 63 83
253 63 84
289 63 85
282 63 86
278 63 87
271 63 88
301 63 89
297 63 90
314 63 91
291 63 92
282 63 93
272 63 94
293 63 95
265 63 96
268 63 97
282 63 98
287 63 99
282 63 100
270 64 1
273 64 2
268 64 3
255 64 4
262 64 5
282 64 6
270 64 7
261 64 8
264 64 9
242 64 10
277 64 11
286 64 12
278 64 13
257 64 14
264 64 15
256 64 16
276 64 17
299 64 18
268 64 19
277 64 20
264 64 21
275 64 22
300 64 23
261 64 24
274 64 25
287 64 26
268 64 27
271 64 28
247 64 29
276 64 30
266 64 31
261 64 32
273 64 33
281 64 34
290 64 35
299 64 36
307 64 37
273 64 38
266 64 39
284 64 40
268 64 41
286 64 42
260 64 43
288 64 44
280 64 45
285 64 46
270 64 47
272 64 48
283 64 49
272 64 50
253 64 51
283 64 52
263 64 53
300 64 54
240 64 55
284 64 56
270 64 57
281 64 58
277 64 59
266 64 60
272 64 61
284 64 62
279 64 63
326 64 64
269 64 65
253 64 66
281 64 67
260 64 68
278 64 69
270 64 70
284 64 71
270 64 72
279 64 73
270 64 74
251 64 75
266 64 76
266 64 77
289 64 78
290 64 79
257 64 80
261 64 81
253 64 82
269 64 83
251 64 84
284 64 85
270 64 86
263 64 87
273 64 88
280 64 89
265 64 90
276 64 91
275 64 92
285 64 93
258 64 94
287 64 95
270 64 96
251 64 97
276 64 98
280 64 99
267 64 100
276 65 1
259 65 2
281 65 3
256 65 4
267 65 5
284 65 6
272 65 7
272 65 8
260 65 9
248 65 10
275 65 11
280 65 12
293 65 13
265 65 14
249 65 15
257 65 16
292 65 17
302 65 18
280 65 19
277 65 20
286 65 21
284 65 22
295 65 23
267 65 24
271 65 25
277 65 26
287 65 27
283 65 28
254 65 29
275 65 30
267 65 31
284 65 32
290 65 33
291 65 34
288 65 35
299 65 36
293 65 37
293 65 38
283 65 39
273 65 40
268 65 41
280 65 42
272 65 43
294 65 44
284 65 45
283 65 46
269 65 47
274 65 48
275 65 49
282 65 50
264 65 51
295 65 52
261 65 53
287 65 54
244 65 55
285 65 56
273 65 57
272 65 58
273 65 59
280 65 60
297 65 61
282 65 62
288 65 63
279 65 64
308 65 65
252 65 66
299 65 67
250 65 68
265 65 69
271 65 70
269 65 71
270 65 72
268 65 73
271 65 74
263 65 75
284 65 76
260 65 77
273 65 78
289 65 79
256 65 80
273 65 81
263 65 82
270 65 83
249 65 84
293 65 85
292 65 86
283 65 87
282 65 88
285 65 89
262 65 90
281 65 91
275 65 92
271 65 93
266 65 94
303 65 95
272 65 96
250 65 97
280 65 98
285 65 99
279 65 100
253 66 1
239 66 2
276 66 3
259 66 4
260 66 5
269 66 6
263 66 7
263 66 8
272 66 9
258 66 10
244 66 11
260 66 12
256 66 13
250 66 14
257 66 15
265 66 16
258 66 17
266 66 18
260 66 19
264 66 20
258 66 21
245 66 22
277 66 23
273 66 24
245 66 25
245 66 26
276 66 27
252 66 28
267 66 29
271 66 30
270 66 31
259 66 32
253 66 33
262 66 34
258 66 35
253 66 36
257 66 37
259 66 38
242 66 39
275 66 40
257 66 41
248 66 42
235 66 43
258 66 44
251 66 45
256 66 46
254 66 47
259 66 48
246 66 49
264 66 50
263 66 51
266 66 52
262 66 53
262 66 54
262 66 55
242 66 56
253 66 57
247 66 58
264 66 59
261 66 60
266 66 61
267 66 62
257 66 63
259 66 64
247 66 65
300 66 66
256 66 67
254 66 68
263 66 69
262 66 70
256 66 71
253 66 72
280 66 73
240 66 74
277 66 75
238 66 76
262 66 77
259 66 78
246 66 79
248 66 80
246 66 81
275 66 82
279 66 83
265 66 84
256 66 85
251 66 86
246 66 87
259 66 88
262 66 89
256 66 90
255 66 91
266 66 92
249 66 93
284 66 94
262 66 95
245 66 96
273 66 97
247 66 98
256 66 99
252 66 100
280 67 1
264 67 2
284 67 3
260 67 4
269 67 5
292 67 6
283 67 7
278 67 8
262 67 9
249 67 10
295 67 11
285 67 12
296 67 13
266 67 14
256 67 15
264 67 16
292 67 17
300 67 18
278 67 19
283 67 20
289 67 21
285 67 22
295 67 23
280 67 24
280 67 25
283 67 26
282 67 27
275 67 28
262 67 29
274 67 30
266 67 31
286 67 32
288 67 33
297 67 34
297 67 35
292 67 36
293 67 37
277 67 38
286 67 39
272 67 40
266 67 41
286 67 42
271 67 43
293 67 44
294 67 45
287 67 46
270 67 47
281 67 48
283 67 49
284 67 50
265 67 51
289 67 52
264 67 53
290 67 54
251 67 55
283 67 56
274 67 57
271 67 58
279 67 59
284 67 60
300 67 61
286 67 62
293 67 63
286 67 64
283 67 65
258 67 66
317 67 67
267 67 68
270 67 69
273 67 70
270 67 71
271 67 72
273 67 73
272 67 74
270 67 75
284 67 76
274 67 77
289 67 78
298 67 79
263 67 80
286 67 81
268 67 82
274 67 83
260 67 84
288 67 85
284 67 86
282 67 87
288 67 88
287 67 89
266 67 90
279 67 91
283 67 92
277 67 93
280 67 94
303 67 95
278 67 96
259 67 97
281 67 98
277 67 99
275 67 100
246 68 1
253 68 2
274 68 3
251 68 4
257 68 5
261 68 6
266 68 7
266 68 8
275 68 9
245 68 10
259 68 11
260 68 12
256 68 13
262 68 14
244 68 15
250 68 16
252 68 17
279 68 18
254 68 19
256 68 20
249 68 21
260 68 22
262 68 23
273 68 24
251 68 25
254 68 26
262 68 27
253 68 28
271 68 29
278 68 30
272 68 31
267 68 32
245 68 33
257 68 34
261 68 35
262 68 36
262 68 37
246 68 38
249 68 39
280 68 40
254 68 41
251 68 42
225 68 43
257 68 44
262 68 45
262 68 46
248 68 47
257 68 48
257 68 49
251 68 50
258 68 51
246 68 52
254 68 53
262 68 54
257 68 55
251 68 56
240 68 57
252 68 58
255 68 59
259 68 60
253 68 61
257 68 62
261 68 63
270 68 64
245 68 65
264 68 66
263 68 67
295 68 68
267 68 69
247 68 70
265 68 71
253 68 72
281 68 73
247 68 74
264 68 75
239 68 76
270 68 77
275 68 78
263 68 79
257 68 80
248 68 81
267 68 82
280 68 83
260 68 84
247 68 85
251 68 86
240 68 87
261 68 88
255 68 89
248 68 90
267 68 91
261 68 92
253 68 93
273 68 94
261 68 95
248 68 96
255 68 97
249 68 98
245 68 99
260 68 100
252 69 1
269 69 2
275 69 3
265 69 4
277 69 5
269 69 6
277 69 7
264 69 8
275 69 9
239 69 10
287 69 11
284 69 12
280 69 13
269 69 14
279 69 15
262 69 16
266 69 17
271 69 18
267 69 19
274 69 20
251 69 21
274 69 22
276 69 23
277 69 24
275 69 25
271 69 26
279 69 27
260 69 28
273 69 29
270 69 30
272 69 31
267 69 32
254 69 33
279 69 34
276 69 35
261 69 36
264 69 37
270 69 38
245 69 39
268 69 40
276 69 41
277 69 42
246 69 43
277 69 44
285 69 45
283 69 46
273 69 47
285 69 48
278 69 49
269 69 50
255 69 51
256 69 52
268 69 53
276 69 54
243 69 55
264 69 56
264 69 57
260 69 58
271 69 59
266 69 60
269 69 61
274 69 62
278 69 63
281 69 64
245 69 65
249 69 66
257 69 67
263 69 68
323 69 69
263 69 70
282 69 71
269 69 72
287 69 73
276 69 74
252 69 75
264 69 76
259 69 77
280 69 78
284 69 79
264 69 80
250 69 81
265 69 82
271 69 83
256 69 84
261 69 85
259 69 86
257 69 87
251 69 88
285 69 89
271 69 90
275 69 91
272 69 92
279 69 93
264 69 94
261 69 95
257 69 96
258 69 97
267 69 98
276 69 99
276 69 100
263 70 1
257 70 2
277 70 3
283 70 4
284 70 5
259 70 6
260 70 7
261 70 8
255 70 9
262 70 10
258 70 11
276 70 12
289 70 13
272 70 14
274 70 15
284 70 16
294 70 17
268 70 18
292 70 19
265 70 20
263 70 21
260 70 22
304 70 23
261 70 24
270 70 25
263 70 26
280 70 27
262 70 28
255 70 29
255 70 30
266 70 31
258 70 32
277 70 33
292 70 34
286 70 35
281 70 36
284 70 37
259 70 38
251 70 39
263 70 40
289 70 41
277 70 42
256 70 43
267 70 44
275 70 45
283 70 46
288 70 47
270 70 48
268 70 49
271 70 50
279 70 51
277 70 52
280 70 53
288 70 54
243 70 55
282 70 56
268 70 57
269 70 58
282 70 59
269 70 60
277 70 61
277 70 62
292 70 63
268 70 64
256 70 65
264 70 66
265 70 67
237 70 68
264 70 69
319 70 70
265 70 71
274 70 72
263 70 73
266 70 74
262 70 75
249 70 76
258 70 77
270 70 78
262 70 79
272 70 80
243 70 81
263 70 82
259 70 83
257 70 84
268 70 85
274 70 86
258 70 87
265 70 88
287 70 89
279 70 90
280 70 91
276 70 92
257 70 93
269 70 94
267 70 95
262 70 96
258 70 97
268 70 98
281 70 99
273 70 100
256 71 1
275 71 2
280 71 3
288 71 4
291 71 5
268 71 6
278 71 7
259 71 8
268 71 9
242 71 10
281 71 11
279 71 12
273 71 13
276 71 14
279 71 15
279 71 16
288 71 17
291 71 18
300 71 19
270 71 20
270 71 21
271 71 22
292 71 23
264 71 24
273 71 25
277 71 26
289 71 27
262 71 28
255 71 29
271 71 30
272 71 31
270 71 32
283 71 33
288 71 34
283 71 35
271 71 36
294 71 37
264 71 38
262 71 39
270 71 40
293 71 41
280 71 42
257 71 43
287 71 44
282 71 45
280 71 46
293 71 47
277 71 48
277 71 49
258 71 50
265 71 51
261 71 52
274 71 53
294 71 54
231 71 55
280 71 56
266 71 57
269 71 58
283 71 59
255 71 60
268 71 61
274 71 62
307 71 63
292 71 64
263 71 65
251 71 66
275 71 67
261 71 68
278 71 69
280 71 70
320 71 71
288 71 72
277 71 73
276 71 74
254 71 75
261 71 76
260 71 77
284 71 78
290 71 79
279 71 80
260 71 81
257 71 82
270 71 83
252 71 84
273 71 85
258 71 86
261 71 87
259 71 88
288 71 89
289 71 90
303 71 91
289 71 92
284 71 93
255 71 94
273 71 95
262 71 96
254 71 97
265 71 98
276 71 99
275 71 100
253 72 1
259 72 2
289 72 3
276 72 4
283 72 5
271 72 6
282 72 7
266 72 8
253 72 9
235 72 10
278 72 11
277 72 12
285 72 13
291 72 14
282 72 15
273 72 16
285 72 17
281 72 18
283 72 19
273 72 20
273 72 21
281 72 22
289 72 23
268 72 24
271 72 25
256 72 26
294 72 27
256 72 28
260 72 29
268 72 30
262 72 31
275 72 32
272 72 33
288 72 34
273 72 35
277 72 36
283 72 37
279 72 38
251 72 39
265 72 40
291 72 41
276 72 42
249 72 43
275 72 44
286 72 45
288 72 46
296 72 47
279 72 48
269 72 49
268 72 50
272 72 51
274 72 52
279 72 53
279 72 54
240 72 55
266 72 56
261 72 57
264 72 58
261 72 59
263 72 60
275 72 61
270 72 62
302 72 63
278 72 64
265 72 65
247 72 66
261 72 67
245 72 68
284 72 69
280 72 70
287 72 71
317 72 72
275 72 73
275 72 74
254 72 75
265 72 76
258 72 77
282 72 78
272 72 79
266 72 80
258 72 81
263 72 82
268 72 83
246 72 84
273 72 85
279 72 86
263 72 87
254 72 88
289 72 89
288 72 90
299 72 91
288 72 92
277 72 93
261 72 94
276 72 95
262 72 96
255 72 97
271 72 98
279 72 99
287 72 100
253 73 1
256 73 2
283 73 3
260 73 4
266 73 5
276 73 6
286 73 7
263 73 8
287 73 9
241 73 10
283 73 11
282 73 12
281 73 13
271 73 14
266 73 15
262 73 16
273 73 17
292 73 18
262 73 19
276 73 20
269 73 21
282 73 22
281 73 23
292 73 24
270 73 25
273 73 26
277 73 27
258 73 28
283 73 29
307 73 30
299 73 31
265 73 32
263 73 33
284 73 34
280 73 35
272 73 36
274 73 37
271 73 38
252 73 39
297 73 40
271 73 41
278 73 42
240 73 43
282 73 44
287 73 45
284 73 46
271 73 47
287 73 48
279 73 49
268 73 50
255 73 51
260 73 52
272 73 53
284 73 54
260 73 55
265 73 56
256 73 57
260 73 58
274 73 59
274 73 60
277 73 61
275 73 62
277 73 63
288 73 64
250 73 65
267 73 66
264 73 67
279 73 68
284 73 69
266 73 70
273 73 71
271 73 72
331 73 73
267 73 74
270 73 75
258 73 76
264 73 77
280 73 78
280 73 79
262 73 80
259 73 81
282 73 82
288 73 83
273 73 84
265 73 85
260 73 86
247 73 87
256 73 88
282 73 89
273 73 90
279 73 91
269 73 92
279 73 93
279 73 94
268 73 95
250 73 96
269 73 97
264 73 98
271 73 99
286 73 100
259 74 1
259 74 2
286 74 3
257 74 4
268 74 5
264 74 6
263 74 7
252 74 8
268 74 9
229 74 10
292 74 11
287 74 12
295 74 13
261 74 14
261 74 15
248 74 16
281 74 17
274 74 18
274 74 19
272 74 20
279 74 21
294 74 22
279 74 23
252 74 24
287 74 25
273 74 26
290 74 27
256 74 28
256 74 29
273 74 30
266 74 31
275 74 32
279 74 33
296 74 34
277 74 35
269 74 36
286 74 37
266 74 38
261 74 39
272 74 40
270 74 41
283 74 42
267 74 43
281 74 44
280 74 45
297 74 46
278 74 47
280 74 48
293 74 49
257 74 50
246 74 51
268 74 52
264 74 53
272 74 54
234 74 55
272 74 56
253 74 57
267 74 58
270 74 59
264 74 60
275 74 61
278 74 62
296 74 63
270 74 64
261 74 65
239 74 66
268 74 67
245 74 68
276 74 69
267 74 70
273 74 71
274 74 72
264 74 73
315 74 74
246 74 75
282 74 76
245 74 77
266 74 78
282 74 79
251 74 80
257 74 81
269 74 82
257 74 83
244 74 84
279 74 85
267 74 86
271 74 87
256 74 88
300 74 89
269 74 90
276 74 91
274 74 92
278 74 93
263 74 94
280 74 95
260 74 96
246 74 97
275 74 98
282 74 99
281 74 100
255 75 1
248 75 2
281 75 3
268 75 4
271 75 5
266 75 6
268 75 7
276 75 8
279 75 9
267 75 10
260 75 11
262 75 12
271 75 13
271 75 14
264 75 15
271 75 16
280 75 17
272 75 18
275 75 19
264 75 20
263 75 21
256 75 22
280 75 23
280 75 24
254 75 25
255 75 26
280 75 27
267 75 28
265 75 29
281 75 30
284 75 31
269 75 32
269 75 33
278 75 34
281 75 35
266 75 36
272 75 37
274 75 38
257 75 39
279 75 40
272 75 41
265 75 42
245 75 43
271 75 44
263 75 45
269 75 46
269 75 47
266 75 48
255 75 49
267 75 50
271 75 51
267 75 52
266 75 53
270 75 54
272 75 55
257 75 56
258 75 57
247 75 58
273 75 59
269 75 60
266 75 61
271 75 62
282 75 63
268 75 64
258 75 65
284 75 66
273 75 67
270 75 68
265 75 69
274 75 70
267 75 71
274 75 72
282 75 73
256 75 74
302 75 75
252 75 76
271 75 77
269 75 78
260 75 79
263 75 80
256 75 81
280 75 82
286 75 83
271 75 84
261 75 85
267 75 86
254 75 87
255 75 88
277 75 89
269 75 90
281 75 91
265 75 92
260 75 93
285 75 94
266 75 95
258 75 96
279 75 97
254 75 98
267 75 99
268 75 100
273 76 1
252 76 2
273 76 3
242 76 4
255 76 5
284 76 6
284 76 7
261 76 8
261 76 9
227 76 10
290 76 11
283 76 12
294 76 13
255 76 14
256 76 15
248 76 16
280 76 17
289 76 18
258 76 19
275 76 20
290 76 21
294 76 22
277 76 23
270 76 24
273 76 25
279 76 26
293 76 27
267 76 28
258 76 29
276 76 30
266 76 31
270 76 32
281 76 33
292 76 34
284 76 35
280 76 36
280 76 37
288 76 38
276 76 39
265 76 40
261 76 41
286 76 42
274 76 43
304 76 44
283 76 45
280 76 46
262 76 47
284 76 48
284 76 49
271 76 50
235 76 51
275 76 52
250 76 53
276 76 54
243 76 55
273 76 56
270 76 57
257 76 58
265 76 59
281 76 60
301 76 61
283 76 62
282 76 63
272 76 64
274 76 65
246 76 66
285 76 67
240 76 68
274 76 69
256 76 70
261 76 71
269 76 72
277 76 73
284 76 74
256 76 75
310 76 76
252 76 77
264 76 78
291 76 79
242 76 80
280 76 81
265 76 82
269 76 83
244 76 84
298 76 85
282 76 86
281 76 87
263 76 88
290 76 89
253 76 90
269 76 91
264 76 92
289 76 93
264 76 94
284 76 95
266 76 96
259 76 97
275 76 98
281 76 99
273 76 100
260 77 1
242 77 2
268 77 3
259 77 4
259 77 5
274 77 6
272 77 7
282 77 8
261 77 9
254 77 10
255 77 11
262 77 12
262 77 13
260 77 14
256 77 15
273 77 16
260 77 17
267 77 18
266 77 19
262 77 20
257 77 21
249 77 22
271 77 23
277 77 24
249 77 25
258 77 26
268 77 27
270 77 28
260 77 29
260 77 30
255 77 31
257 77 32
261 77 33
256 77 34
266 77 35
264 77 36
264 77 37
269 77 38
249 77 39
262 77 40
260 77 41
261 77 42
243 77 43
263 77 44
262 77 45
262 77 46
263 77 47
258 77 48
257 77 49
277 77 50
272 77 51
267 77 52
264 77 53
266 77 54
252 77 55
253 77 56
263 77 57
247 77 58
255 77 59
269 77 60
266 77 61
268 77 62
272 77 63
266 77 64
247 77 65
266 77 66
271 77 67
261 77 68
264 77 69
257 77 70
261 77 71
251 77 72
274 77 73
242 77 74
266 77 75
246 77 76
300 77 77
268 77 78
271 77 79
262 77 80
261 77 81
262 77 82
274 77 83
263 77 84
261 77 85
261 77 86
257 77 87
269 77 88
266 77 89
256 77 90
263 77 91
259 77 92
257 77 93
270 77 94
271 77 95
256 77 96
268 77 97
250 77 98
259 77 99
250 77 100
259 78 1
269 78 2
267 78 3
266 78 4
267 78 5
279 78 6
271 78 7
269 78 8
268 78 9
249 78 10
270 78 11
278 78 12
278 78 13
261 78 14
263 78 15
263 78 16
280 78 17
293 78 18
270 78 19
278 78 20
266 78 21
274 78 22
294 78 23
266 78 24
268 78 25
271 78 26
265 78 27
257 78 28
266 78 29
272 78 30
268 78 31
269 78 32
272 78 33
271 78 34
283 78 35
294 78 36
293 78 37
266 78 38
261 78 39
279 78 40
270 78 41
277 78 42
254 78 43
284 78 44
287 78 45
281 78 46
266 78 47
275 78 48
274 78 49
268 78 50
266 78 51
277 78 52
271 78 53
288 78 54
242 78 55
277 78 56
278 78 57
272 78 58
278 78 59
270 78 60
263 78 61
282 78 62
268 78 63
291 78 64
258 78 65
255 78 66
281 78 67
268 78 68
277 78 69
272 78 70
278 78 71
270 78 72
281 78 73
256 78 74
255 78 75
260 78 76
260 78 77
318 78 78
277 78 79
264 78 80
253 78 81
253 78 82
270 78 83
263 78 84
261 78 85
264 78 86
250 78 87
275 78 88
272 78 89
264 78 90
276 78 91
280 78 92
276 78 93
257 78 94
280 78 95
276 78 96
247 78 97
275 78 98
270 78 99
282 78 100
273 79 1
261 79 2
282 79 3
262 79 4
275 79 5
295 79 6
287 79 7
267 79 8
266 79 9
236 79 10
306 79 11
293 79 12
299 79 13
271 79 14
276 79 15
267 79 16
294 79 17
286 79 18
283 79 19
277 79 20
294 79 21
293 79 22
294 79 23
275 79 24
281 79 25
294 79 26
298 79 27
284 79 28
263 79 29
276 79 30
274 79 31
277 79 32
296 79 33
302 79 34
292 79 35
292 79 36
302 79 37
281 79 38
279 79 39
280 79 40
285 79 41
290 79 42
275 79 43
299 79 44
306 79 45
298 79 46
284 79 47
293 79 48
294 79 49
285 79 50
258 79 51
281 79 52
279 79 53
291 79 54
243 79 55
279 79 56
280 79 57
278 79 58
287 79 59
279 79 60
297 79 61
287 79 62
297 79 63
289 79 64
277 79 65
248 79 66
288 79 67
258 79 68
285 79 69
276 79 70
284 79 71
274 79 72
275 79 73
292 79 74
248 79 75
288 79 76
267 79 77
282 79 78
329 79 79
272 79 80
275 79 81
264 79 82
274 79 83
262 79 84
294 79 85
283 79 86
283 79 87
277 79 88
302 79 89
279 79 90
283 79 91
287 79 92
286 79 93
263 79 94
296 79 95
269 79 96
254 79 97
293 79 98
294 79 99
281 79 100
257 80 1
255 80 2
286 80 3
283 80 4
286 80 5
276 80 6
276 80 7
268 80 8
272 80 9
252 80 10
262 80 11
272 80 12
275 80 13
277 80 14
275 80 15
280 80 16
267 80 17
272 80 18
288 80 19
254 80 20
254 80 21
266 80 22
277 80 23
285 80 24
261 80 25
265 80 26
281 80 27
261 80 28
265 80 29
262 80 30
272 80 31
264 80 32
264 80 33
269 80 34
286 80 35
269 80 36
271 80 37
266 80 38
252 80 39
271 80 40
297 80 41
265 80 42
246 80 43
265 80 44
280 80 45
279 80 46
282 80 47
272 80 48
267 80 49
268 80 50
276 80 51
263 80 52
284 80 53
272 80 54
249 80 55
262 80 56
263 80 57
264 80 58
270 80 59
263 80 60
267 80 61
274 80 62
294 80 63
274 80 64
250 80 65
258 80 66
260 80 67
259 80 68
277 80 69
277 80 70
281 80 71
276 80 72
284 80 73
266 80 74
264 80 75
249 80 76
260 80 77
276 80 78
278 80 79
305 80 80
251 80 81
268 80 82
274 80 83
273 80 84
268 80 85
257 80 86
251 80 87
257 80 88
283 80 89
286 80 90
291 80 91
271 80 92
259 80 93
265 80 94
264 80 95
246 80 96
258 80 97
263 80 98
280 80 99
260 80 100
282 81 1
247 81 2
284 81 3
251 81 4
262 81 5
287 81 6
289 81 7
268 81 8
257 81 9
230 81 10
285 81 11
265 81 12
289 81 13
263 81 14
253 81 15
255 81 16
273 81 17
283 81 18
267 81 19
279 81 20
287 81 21
276 81 22
273 81 23
271 81 24
262 81 25
265 81 26
291 81 27
264 81 28
266 81 29
255 81 30
254 81 31
275 81 32
274 81 33
286 81 34
282 81 35
273 81 36
277 81 37
269 81 38
271 81 39
259 81 40
266 81 41
264 81 42
262 81 43
286 81 44
282 81 45
274 81 46
257 81 47
270 81 48
272 81 49
280 81 50
257 81 51
278 81 52
263 81 53
275 81 54
241 81 55
254 81 56
266 81 57
262 81 58
266 81 59
272 81 60
297 81 61
270 81 62
276 81 63
262 81 64
268 81 65
253 81 66
293 81 67
246 81 68
266 81 69
256 81 70
257 81 71
260 81 72
264 81 73
270 81 74
255 81 75
280 81 76
259 81 77
269 81 78
281 81 79
250 81 80
304 81 81
258 81 82
268 81 83
251 81 84
290 81 85
286 81 86
276 81 87
275 81 88
290 81 89
264 81 90
275 81 91
271 81 92
271 81 93
266 81 94
290 81 95
262 81 96
249 81 97
263 81 98
268 81 99
272 81 100
261 82 1
254 82 2
298 82 3
265 82 4
269 82 5
271 82 6
288 82 7
275 82 8
278 82 9
250 82 10
283 82 11
275 82 12
287 82 13
272 82 14
267 82 15
264 82 16
278 82 17
288 82 18
278 82 19
281 82 20
268 82 21
282 82 22
274 82 23
289 82 24
267 82 25
262 82 26
292 82 27
266 82 28
284 82 29
290 82 30
290 82 31
270 82 32
270 82 33
287 82 34
279 82 35
273 82 36
272 82 37
277 82 38
260 82 39
287 82 40
275 82 41
273 82 42
244 82 43
270 82 44
281 82 45
281 82 46
274 82 47
276 82 48
273 82 49
277 82 50
268 82 51
271 82 52
272 82 53
280 82 54
265 82 55
261 82 56
255 82 57
259 82 58
274 82 59
274 82 60
294 82 61
281 82 62
295 82 63
267 82 64
265 82 65
274 82 66
273 82 67
257 82 68
272 82 69
273 82 70
260 82 71
274 82 72
292 82 73
271 82 74
279 82 75
265 82 76
267 82 77
270 82 78
272 82 79
262 82 80
270 82 81
313 82 82
283 82 83
267 82 84
279 82 85
276 82 86
271 82 87
263 82 88
284 82 89
270 82 90
274 82 91
276 82 92
266 82 93
291 82 94
276 82 95
260 82 96
277 82 97
269 82 98
276 82 99
288 82 100
264 83 1
244 83 2
285 83 3
260 83 4
262 83 5
282 83 6
281 83 7
263 83 8
281 83 9
250 83 10
272 83 11
275 83 12
276 83 13
257 83 14
265 83 15
259 83 16
272 83 17
280 83 18
262 83 19
267 83 20
271 83 21
275 83 22
281 83 23
295 83 24
265 83 25
259 83 26
281 83 27
267 83 28
273 83 29
295 83 30
301 83 31
265 83 32
265 83 33
276 83 34
273 83 35
267 83 36
273 83 37
274 83 38
252 83 39
294 83 40
262 83 41
265 83 42
242 83 43
285 83 44
273 83 45
275 83 46
257 83 47
279 83 48
270 83 49
281 83 50
254 83 51
261 83 52
262 83 53
261 83 54
261 83 55
252 83 56
266 83 57
256 83 58
267 83 59
273 83 60
284 83 61
268 83 62
273 83 63
269 83 64
262 83 65
274 83 66
268 83 67
266 83 68
278 83 69
260 83 70
260 83 71
266 83 72
297 83 73
270 83 74
275 83 75
263 83 76
266 83 77
271 83 78
276 83 79
257 83 80
262 83 81
276 83 82
318 83 83
274 83 84
272 83 85
278 83 86
258 83 87
261 83 88
282 83 89
262 83 90
269 83 91
263 83 92
264 83 93
283 83 94
271 83 95
251 83 96
277 83 97
261 83 98
265 83 99
271 83 100
252 84 1
255 84 2
286 84 3
271 84 4
272 84 5
273 84 6
282 84 7
281 84 8
286 84 9
259 84 10
260 84 11
259 84 12
273 84 13
264 84 14
259 84 15
269 84 16
274 84 17
274 84 18
275 84 19
268 84 20
262 84 21
257 84 22
282 84 23
289 84 24
260 84 25
258 84 26
270 84 27
255 84 28
278 84 29
270 84 30
273 84 31
271 84 32
268 84 33
266 84 34
287 84 35
264 84 36
275 84 37
257 84 38
248 84 39
279 84 40
270 84 41
258 84 42
240 84 43
269 84 44
272 84 45
278 84 46
271 84 47
277 84 48
266 84 49
268 84 50
272 84 51
257 84 52
281 84 53
277 84 54
254 84 55
257 84 56
256 84 57
261 84 58
276 84 59
269 84 60
257 84 61
272 84 62
272 84 63
272 84 64
246 84 65
272 84 66
271 84 67
273 84 68
275 84 69
277 84 70
271 84 71
264 84 72
292 84 73
257 84 74
272 84 75
245 84 76
271 84 77
279 84 78
266 84 79
277 84 80
258 84 81
267 84 82
280 84 83
297 84 84
250 84 85
260 84 86
241 84 87
270 84 88
282 84 89
273 84 90
281 84 91
273 84 92
251 84 93
277 84 94
269 84 95
245 84 96
255 84 97
253 84 98
264 84 99
266 84 100
292 85 1
248 85 2
282 85 3
260 85 4
270 85 5
302 85 6
285 85 7
272 85 8
259 85 9
241 85 10
282 85 11
286 85 12
293 85 13
276 85 14
263 85 15
277 85 16
280 85 17
290 85 18
278 85 19
269 85 20
295 85 21
284 85 22
283 85 23
266 85 24
264 85 25
280 85 26
311 85 27
289 85 28
256 85 29
274 85 30
263 85 31
278 85 32
288 85 33
294 85 34
285 85 35
286 85 36
286 85 37
296 85 38
290 85 39
270 85 40
279 85 41
282 85 42
284 85 43
294 85 44
287 85 45
280 85 46
268 85 47
275 85 48
282 85 49
295 85 50
268 85 51
293 85 52
268 85 53
283 85 54
245 85 55
277 85 56
287 85 57
270 85 58
267 85 59
281 85 60
319 85 61
281 85 62
297 85 63
276 85 64
289 85 65
252 85 66
293 85 67
236 85 68
270 85 69
264 85 70
269 85 71
273 85 72
266 85 73
275 85 74
259 85 75
290 85 76
261 85 77
263 85 78
300 85 79
265 85 80
288 85 81
266 85 82
266 85 83
246 85 84
326 85 85
291 85 86
294 85 87
283 85 88
289 85 89
269 85 90
279 85 91
281 85 92
288 85 93
261 85 94
301 85 95
272 85 96
266 85 97
279 85 98
294 85 99
272 85 100
278 86 1
264 86 2
291 86 3
266 86 4
281 86 5
288 86 6
279 86 7
269 86 8
251 86 9
248 86 10
283 86 11
292 86 12
298 86 13
277 86 14
274 86 15
272 86 16
289 86 17
285 86 18
282 86 19
282 86 20
281 86 21
286 86 22
290 86 23
280 86 24
276 86 25
273 86 26
291 86 27
278 86 28
268 86 29
266 86 30
267 86 31
286 86 32
292 86 33
298 86 34
285 86 35
286 86 36
282 86 37
294 86 38
271 86 39
265 86 40
280 86 41
288 86 42
273 86 43
300 86 44
288 86 45
290 86 46
276 86 47
283 86 48
279 86 49
300 86 50
264 86 51
291 86 52
269 86 53
280 86 54
245 86 55
275 86 56
280 86 57
277 86 58
273 86 59
287 86 60
301 86 61
280 86 62
299 86 63
272 86 64
281 86 65
254 86 66
291 86 67
243 86 68
274 86 69
275 86 70
266 86 71
282 86 72
269 86 73
280 86 74
259 86 75
290 86 76
264 86 77
278 86 78
289 86 79
260 86 80
280 86 81
265 86 82
274 86 83
252 86 84
291 86 85
322 86 86
288 86 87
284 86 88
295 86 89
276 86 90
283 86 91
274 86 92
282 86 93
265 86 94
301 86 95
280 86 96
260 86 97
279 86 98
297 86 99
284 86 100
284 87 1
259 87 2
285 87 3
253 87 4
266 87 5
281 87 6
272 87 7
260 87 8
255 87 9
246 87 10
278 87 11
278 87 12
295 87 13
264 87 14
255 87 15
256 87 16
285 87 17
286 87 18
278 87 19
272 87 20
284 87 21
281 87 22
282 87 23
262 87 24
263 87 25
276 87 26
296 87 27
279 87 28
254 87 29
266 87 30
254 87 31
273 87 32
285 87 33
289 87 34
280 87 35
275 87 36
280 87 37
281 87 38
283 87 39
256 87 40
267 87 41
280 87 42
278 87 43
289 87 44
276 87 45
276 87 46
265 87 47
267 87 48
274 87 49
285 87 50
253 87 51
284 87 52
253 87 53
282 87 54
238 87 55
272 87 56
270 87 57
263 87 58
270 87 59
279 87 60
299 87 61
277 87 62
294 87 63
268 87 64
283 87 65
254 87 66
286 87 67
238 87 68
257 87 69
268 87 70
261 87 71
264 87 72
260 87 73
277 87 74
257 87 75
291 87 76
261 87 77
260 87 78
289 87 79
248 87 80
279 87 81
270 87 82
264 87 83
240 87 84
299 87 85
290 87 86
309 87 87
272 87 88
284 87 89
259 87 90
269 87 91
271 87 92
273 87 93
267 87 94
298 87 95
266 87 96
265 87 97
271 87 98
285 87 99
266 87 100
274 88 1
250 88 2
283 88 3
253 88 4
257 88 5
289 88 6
267 88 7
269 88 8
247 88 9
241 88 10
271 88 11
270 88 12
281 88 13
262 88 14
248 88 15
262 88 16
277 88 17
287 88 18
269 88 19
277 88 20
285 88 21
272 88 22
279 88 23
257 88 24
262 88 25
267 88 26
280 88 27
271 88 28
262 88 29
258 88 30
247 88 31
276 88 32
285 88 33
276 88 34
275 88 35
289 88 36
284 88 37
269 88 38
275 88 39
261 88 40
259 88 41
269 88 42
264 88 43
280 88 44
272 88 45
275 88 46
262 88 47
273 88 48
270 88 49
284 88 50
265 88 51
292 88 52
261 88 53
282 88 54
240 88 55
268 88 56
276 88 57
275 88 58
267 88 59
276 88 60
285 88 61
279 88 62
277 88 63
272 88 64
276 88 65
255 88 66
290 88 67
244 88 68
254 88 69
261 88 70
258 88 71
252 88 72
260 88 73
255 88 74
252 88 75
268 88 76
265 88 77
282 88 78
274 88 79
250 88 80
282 88 81
256 88 82
255 88 83
247 88 84
289 88 85
283 88 86
278 88 87
311 88 88
273 88 89
254 88 90
267 88 91
270 88 92
267 88 93
261 88 94
299 88 95
270 88 96
243 88 97
268 88 98
273 88 99
271 88 100
276 89 1
270 89 2
301 89 3
279 89 4
284 89 5
289 89 6
289 89 7
268 89 8
277 89 9
249 89 10
295 89 11
294 89 12
307 89 13
285 89 14
283 89 15
276 89 16
299 89 17
290 89 18
290 89 19
293 89 20
289 89 21
295 89 22
309 89 23
286 89 24
289 89 25
288 89 26
302 89 27
281 89 28
277 89 29
282 89 30
287 89 31
284 89 32
289 89 33
312 89 34
306 89 35
286 89 36
294 89 37
283 89 38
268 89 39
286 89 40
298 89 41
296 89 42
276 89 43
304 89 44
310 89 45
306 89 46
289 89 47
300 89 48
289 89 49
293 89 50
264 89 51
287 89 52
290 89 53
295 89 54
252 89 55
276 89 56
279 89 57
274 89 58
291 89 59
283 89 60
296 89 61
294 89 62
307 89 63
288 89 64
274 89 65
265 89 66
288 89 67
257 89 68
293 89 69
288 89 70
286 89 71
290 89 72
293 89 73
296 89 74
268 89 75
285 89 76
259 89 77
282 89 78
297 89 79
275 89 80
279 89 81
275 89 82
282 89 83
266 89 84
292 89 85
291 89 86
277 89 87
271 89 88
336 89 89
293 89 90
292 89 91
292 89 92
288 89 93
273 89 94
293 89 95
273 89 96
269 89 97
290 89 98
299 89 99
284 89 100
250 90 1
256 90 2
277 90 3
291 90 4
299 90 5
258 90 6
276 90 7
256 90 8
248 90 9
238 90 10
263 90 11
261 90 12
279 90 13
285 90 14
286 90 15
284 90 16
277 90 17
266 90 18
295 90 19
262 90 20
265 90 21
258 90 22
280 90 23
265 90 24
252 90 25
253 90 26
294 90 27
252 90 28
254 90 29
254 90 30
264 90 31
255 90 32
272 90 33
289 90 34
278 90 35
263 90 36
272 90 37
258 90 38
242 90 39
254 90 40
303 90 41
263 90 42
247 90 43
268 90 44
284 90 45
269 90 46
285 90 47
272 90 48
258 90 49
266 90 50
275 90 51
256 90 52
286 90 53
277 90 54
232 90 55
258 90 56
260 90 57
258 90 58
277 90 59
250 90 60
270 90 61
263 90 62
298 90 63
265 90 64
257 90 65
251 90 66
255 90 67
242 90 68
269 90 69
284 90 70
288 90 71
286 90 72
268 90 73
265 90 74
255 90 75
242 90 76
254 90 77
276 90 78
262 90 79
276 90 80
258 90 81
252 90 82
259 90 83
251 90 84
265 90 85
268 90 86
251 90 87
249 90 88
293 90 89
321 90 90
300 90 91
281 90 92
266 90 93
253 90 94
262 90 95
254 90 96
255 90 97
260 90 98
279 90 99
277 90 100
269 91 1
260 91 2
280 91 3
291 91 4
298 91 5
273 91 6
281 91 7
263 91 8
259 91 9
239 91 10
272 91 11
272 91 12
287 91 13
295 91 14
285 91 15
282 91 16
288 91 17
281 91 18
297 91 19
261 91 20
273 91 21
273 91 22
285 91 23
269 91 24
263 91 25
269 91 26
291 91 27
261 91 28
258 91 29
262 91 30
264 91 31
265 91 32
279 91 33
287 91 34
279 91 35
279 91 36
283 91 37
274 91 38
260 91 39
264 91 40
305 91 41
270 91 42
255 91 43
277 91 44
288 91 45
282 91 46
291 91 47
275 91 48
272 91 49
274 91 50
273 91 51
268 91 52
282 91 53
277 91 54
229 91 55
269 91 56
264 91 57
273 91 58
277 91 59
263 91 60
279 91 61
266 91 62
310 91 63
271 91 64
270 91 65
246 91 66
269 91 67
248 91 68
274 91 69
281 91 70
292 91 71
293 91 72
275 91 73
273 91 74
254 91 75
258 91 76
258 91 77
282 91 78
282 91 79
282 91 80
260 91 81
255 91 82
268 91 83
252 91 84
276 91 85
277 91 86
261 91 87
263 91 88
284 91 89
300 91 90
325 91 91
285 91 92
276 91 93
255 91 94
276 91 95
262 91 96
259 91 97
271 91 98
280 91 99
280 91 100
261 92 1
264 92 2
288 92 3
280 92 4
288 92 5
276 92 6
281 92 7
275 92 8
266 92 9
249 92 10
282 92 11
269 92 12
284 92 13
284 92 14
270 92 15
276 92 16
288 92 17
288 92 18
287 92 19
279 92 20
274 92 21
267 92 22
295 92 23
269 92 24
263 92 25
271 92 26
298 92 27
266 92 28
267 92 29
263 92 30
268 92 31
271 92 32
281 92 33
297 92 34
283 92 35
282 92 36
295 92 37
265 92 38
266 92 39
278 92 40
281 92 41
267 92 42
259 92 43
281 92 44
294 92 45
282 92 46
285 92 47
281 92 48
278 92 49
266 92 50
275 92 51
277 92 52
285 92 53
299 92 54
251 92 55
279 92 56
274 92 57
267 92 58
284 92 59
265 92 60
273 92 61
284 92 62
291 92 63
281 92 64
265 92 65
262 92 66
274 92 67
262 92 68
279 92 69
276 92 70
290 92 71
282 92 72
273 92 73
266 92 74
257 92 75
265 92 76
265 92 77
288 92 78
289 92 79
270 92 80
264 92 81
267 92 82
267 92 83
259 92 84
276 92 85
264 92 86
266 92 87
267 92 88
294 92 89
283 92 90
287 92 91
320 92 92
272 92 93
272 92 94
286 92 95
282 92 96
261 92 97
283 92 98
274 92 99
286 92 100
259 93 1
268 93 2
275 93 3
251 93 4
265 93 5
282 93 6
282 93 7
256 93 8
254 93 9
232 93 10
295 93 11
296 93 12
292 93 13
267 93 14
272 93 15
258 93 16
280 93 17
294 93 18
263 93 19
274 93 20
275 93 21
295 93 22
280 93 23
260 93 24
280 93 25
288 93 26
280 93 27
273 93 28
255 93 29
275 93 30
265 93 31
275 93 32
279 93 33
292 93 34
282 93 35
287 93 36
290 93 37
293 93 38
261 93 39
272 93 40
268 93 41
303 93 42
266 93 43
311 93 44
290 93 45
294 93 46
270 93 47
281 93 48
284 93 49
271 93 50
240 93 51
272 93 52
260 93 53
289 93 54
235 93 55
285 93 56
278 93 57
276 93 58
276 93 59
270 93 60
290 93 61
283 93 62
286 93 63
292 93 64
266 93 65
246 93 66
274 93 67
245 93 68
286 93 69
258 93 70
277 93 71
273 93 72
276 93 73
279 93 74
247 93 75
280 93 76
252 93 77
280 93 78
294 93 79
249 93 80
263 93 81
253 93 82
260 93 83
244 93 84
283 93 85
278 93 86
268 93 87
270 93 88
287 93 89
267 93 90
276 93 91
267 93 92
322 93 93
245 93 94
279 93 95
270 93 96
253 93 97
271 93 98
286 93 99
283 93 100
259 94 1
243 94 2
296 94 3
264 94 4
274 94 5
267 94 6
270 94 7
275 94 8
280 94 9
259 94 10
261 94 11
260 94 12
281 94 13
266 94 14
261 94 15
263 94 16
265 94 17
269 94 18
277 94 19
271 94 20
268 94 21
259 94 22
286 94 23
276 94 24
261 94 25
257 94 26
280 94 27
262 94 28
270 94 29
279 94 30
284 94 31
265 94 32
267 94 33
279 94 34
269 94 35
263 94 36
271 94 37
267 94 38
253 94 39
288 94 40
264 94 41
262 94 42
235 94 43
261 94 44
264 94 45
281 94 46
274 94 47
273 94 48
265 94 49
267 94 50
268 94 51
266 94 52
277 94 53
272 94 54
263 94 55
255 94 56
250 94 57
255 94 58
265 94 59
266 94 60
278 94 61
269 94 62
278 94 63
268 94 64
257 94 65
280 94 66
264 94 67
263 94 68
272 94 69
272 94 70
258 94 71
267 94 72
281 94 73
260 94 74
277 94 75
254 94 76
273 94 77
264 94 78
263 94 79
255 94 80
257 94 81
282 94 82
289 94 83
274 94 84
260 94 85
267 94 86
264 94 87
261 94 88
281 94 89
266 94 90
274 94 91
274 94 92
252 94 93
312 94 94
282 94 95
249 94 96
271 94 97
264 94 98
265 94 99
272 94 100
285 95 1
252 95 2
291 95 3
260 95 4
276 95 5
295 95 6
278 95 7
279 95 8
252 95 9
253 95 10
278 95 11
279 95 12
296 95 13
272 95 14
261 95 15
270 95 16
278 95 17
287 95 18
283 95 19
281 95 20
293 95 21
271 95 22
291 95 23
265 95 24
259 95 25
272 95 26
298 95 27
276 95 28
261 95 29
266 95 30
255 95 31
284 95 32
292 95 33
283 95 34
285 95 35
292 95 36
290 95 37
285 95 38
283 95 39
266 95 40
271 95 41
278 95 42
279 95 43
292 95 44
285 95 45
280 95 46
272 95 47
278 95 48
272 95 49
293 95 50
269 95 51
306 95 52
273 95 53
288 95 54
243 95 55
279 95 56
282 95 57
272 95 58
275 95 59
274 95 60
296 95 61
290 95 62
294 95 63
277 95 64
292 95 65
259 95 66
291 95 67
245 95 68
266 95 69
270 95 70
268 95 71
268 95 72
259 95 73
266 95 74
257 95 75
288 95 76
272 95 77
283 95 78
295 95 79
261 95 80
280 95 81
263 95 82
261 95 83
253 95 84
300 95 85
297 95 86
289 95 87
293 95 88
287 95 89
268 95 90
280 95 91
291 95 92
276 95 93
265 95 94
328 95 95
282 95 96
265 95 97
285 95 98
293 95 99
273 95 100
267 96 1
262 96 2
272 96 3
261 96 4
272 96 5
272 96 6
264 96 7
263 96 8
252 96 9
259 96 10
273 96 11
285 96 12
278 96 13
267 96 14
267 96 15
275 96 16
283 96 17
282 96 18
275 96 19
278 96 20
275 96 21
272 96 22
289 96 23
260 96 24
267 96 25
273 96 26
286 96 27
283 96 28
258 96 29
266 96 30
263 96 31
273 96 32
279 96 33
293 96 34
275 96 35
295 96 36
286 96 37
280 96 38
276 96 39
270 96 40
265 96 41
288 96 42
277 96 43
284 96 44
275 96 45
277 96 46
273 96 47
269 96 48
271 96 49
280 96 50
264 96 51
291 96 52
263 96 53
287 96 54
245 96 55
286 96 56
280 96 57
267 96 58
277 96 59
284 96 60
287 96 61
291 96 62
284 96 63
282 96 64
268 96 65
266 96 66
287 96 67
253 96 68
267 96 69
277 96 70
263 96 71
268 96 72
263 96 73
263 96 74
266 96 75
275 96 76
270 96 77
285 96 78
275 96 79
251 96 80
264 96 81
264 96 82
262 96 83
243 96 84
282 96 85
286 96 86
277 96 87
280 96 88
279 96 89
267 96 90
265 96 91
281 96 92
283 96 93
264 96 94
286 96 95
306 96 96
270 96 97
279 96 98
282 96 99
281 96 100
262 97 1
250 97 2
285 97 3
268 97 4
269 97 5
275 97 6
275 97 7
265 97 8
277 97 9
260 97 10
257 97 11
277 97 12
268 97 13
273 97 14
266 97 15
277 97 16
267 97 17
268 97 18
273 97 19
254 97 20
263 97 21
261 97 22
275 97 23
280 97 24
249 97 25
251 97 26
294 97 27
275 97 28
264 97 29
286 97 30
284 97 31
265 97 32
263 97 33
273 97 34
266 97 35
267 97 36
263 97 37
282 97 38
260 97 39
286 97 40
273 97 41
269 97 42
248 97 43
276 97 44
258 97 45
261 97 46
269 97 47
263 97 48
257 97 49
278 97 50
266 97 51
270 97 52
260 97 53
264 97 54
264 97 55
258 97 56
260 97 57
246 97 58
261 97 59
270 97 60
284 97 61
274 97 62
290 97 63
266 97 64
258 97 65
280 97 66
262 97 67
252 97 68
268 97 69
265 97 70
263 97 71
269 97 72
279 97 73
262 97 74
285 97 75
261 97 76
271 97 77
265 97 78
269 97 79
262 97 80
257 97 81
282 97 82
290 97 83
259 97 84
275 97 85
269 97 86
266 97 87
257 97 88
276 97 89
270 97 90
275 97 91
266 97 92
267 97 93
280 97 94
275 97 95
260 97 96
305 97 97
258 97 98
277 97 99
264 97 100
272 98 1
256 98 2
278 98 3
255 98 4
265 98 5
285 98 6
265 98 7
256 98 8
261 98 9
228 98 10
281 98 11
289 98 12
299 98 13
268 98 14
266 98 15
257 98 16
274 98 17
292 98 18
274 98 19
280 98 20
287 98 21
295 98 22
286 98 23
254 98 24
267 98 25
284 98 26
281 98 27
269 98 28
253 98 29
270 98 30
263 98 31
272 98 32
273 98 33
287 98 34
271 98 35
290 98 36
284 98 37
275 98 38
270 98 39
275 98 40
275 98 41
291 98 42
268 98 43
277 98 44
296 98 45
291 98 46
268 98 47
277 98 48
290 98 49
265 98 50
252 98 51
274 98 52
269 98 53
289 98 54
233 98 55
279 98 56
266 98 57
263 98 58
273 98 59
276 98 60
292 98 61
279 98 62
287 98 63
277 98 64
270 98 65
241 98 66
266 98 67
250 98 68
267 98 69
268 98 70
266 98 71
271 98 72
270 98 73
269 98 74
242 98 75
270 98 76
250 98 77
279 98 78
295 98 79
257 98 80
256 98 81
259 98 82
263 98 83
246 98 84
281 98 85
272 98 86
274 98 87
269 98 88
291 98 89
259 98 90
273 98 91
276 98 92
274 98 93
255 98 94
292 98 95
263 98 96
248 98 97
318 98 98
281 98 99
275 98 100
278 99 1
269 99 2
285 99 3
268 99 4
273 99 5
281 99 6
273 99 7
267 99 8
256 99 9
248 99 10
286 99 11
297 99 12
302 99 13
274 99 14
272 99 15
271 99 16
296 99 17
289 99 18
277 99 19
289 99 20
276 99 21
285 99 22
306 99 23
277 99 24
286 99 25
282 99 26
285 99 27
271 99 28
259 99 29
276 99 30
266 99 31
277 99 32
294 99 33
300 99 34
303 99 35
296 99 36
291 99 37
282 99 38
267 99 39
274 99 40
281 99 41
296 99 42
270 99 43
298 99 44
293 99 45
299 99 46
285 99 47
291 99 48
286 99 49
297 99 50
265 99 51
296 99 52
278 99 53
296 99 54
248 99 55
290 99 56
281 99 57
285 99 58
285 99 59
284 99 60
296 99 61
296 99 62
298 99 63
286 99 64
274 99 65
259 99 66
281 99 67
241 99 68
280 99 69
290 99 70
273 99 71
276 99 72
279 99 73
287 99 74
261 99 75
279 99 76
263 99 77
279 99 78
289 99 79
263 99 80
261 99 81
267 99 82
264 99 83
259 99 84
287 99 85
291 99 86
282 99 87
282 99 88
302 99 89
281 99 90
287 99 91
277 99 92
291 99 93
269 99 94
301 99 95
274 99 96
263 99 97
284 99 98
324 99 99
287 99 100
258 100 1
264 100 2
280 100 3
255 100 4
266 100 5
271 100 6
280 100 7
256 100 8
259 100 9
238 100 10
292 100 11
284 100 12
292 100 13
265 100 14
264 100 15
257 100 16
293 100 17
294 100 18
263 100 19
283 100 20
272 100 21
286 100 22
286 100 23
268 100 24
277 100 25
278 100 26
279 100 27
259 100 28
272 100 29
278 100 30
284 100 31
270 100 32
285 100 33
300 100 34
290 100 35
294 100 36
287 100 37
263 100 38
255 100 39
277 100 40
268 100 41
281 100 42
248 100 43
286 100 44
289 100 45
296 100 46
272 100 47
287 100 48
289 100 49
262 100 50
252 100 51
271 100 52
270 100 53
289 100 54
243 100 55
281 100 56
262 100 57
276 100 58
291 100 59
270 100 60
284 100 61
279 100 62
278 100 63
275 100 64
263 100 65
252 100 66
277 100 67
255 100 68
283 100 69
278 100 70
270 100 71
271 100 72
283 100 73
284 100 74
256 100 75
268 100 76
253 100 77
287 100 78
276 100 79
254 100 80
256 100 81
267 100 82
263 100 83
250 100 84
265 100 85
275 100 86
262 100 87
266 100 88
277 100 89
275 100 90
284 100 91
274 100 92
287 100 93
263 100 94
271 100 95
270 100 96
251 100 97
275 100 98
271 100 99
329 100 100
