532 1 1
421 1 2
458 1 3
412 1 4
423 1 5
484 1 6
448 1 7
440 1 8
431 1 9
400 1 10
460 1 11
464 1 12
505 1 13
436 1 14
443 1 15
436 1 16
472 1 17
492 1 18
459 1 19
466 1 20
492 1 21
461 1 22
489 1 23
447 1 24
447 1 25
482 1 26
484 1 27
465 1 28
419 1 29
445 1 30
438 1 31
438 1 32
480 1 33
492 1 34
489 1 35
477 1 36
492 1 37
481 1 38
478 1 39
444 1 40
449 1 41
473 1 42
475 1 43
487 1 44
480 1 45
465 1 46
446 1 47
459 1 48
487 1 49
484 1 50
436 1 51
503 1 52
455 1 53
472 1 54
404 1 55
474 1 56
462 1 57
465 1 58
469 1 59
479 1 60
520 1 61
489 1 62
456 1 63
469 1 64
458 1 65
426 1 66
500 1 67
400 1 68
445 1 69
463 1 70
437 1 71
446 1 72
453 1 73
455 1 74
426 1 75
487 1 76
434 1 77
453 1 78
500 1 79
432 1 80
465 1 81
422 1 82
456 1 83
410 1 84
512 1 85
483 1 86
476 1 87
462 1 88
482 1 89
430 1 90
457 1 91
458 1 92
456 1 93
432 1 94
504 1 95
450 1 96
424 1 97
492 1 98
485 1 99
461 1 100
410 2 1
544 2 2
488 2 3
455 2 4
448 2 5
447 2 6
455 2 7
435 2 8
443 2 9
417 2 10
478 2 11
502 2 12
472 2 13
442 2 14
457 2 15
433 2 16
480 2 17
500 2 18
468 2 19
486 2 20
442 2 21
481 2 22
484 2 23
449 2 24
484 2 25
465 2 26
464 2 27
436 2 28
431 2 29
464 2 30
464 2 31
463 2 32
464 2 33
480 2 34
501 2 35
471 2 36
496 2 37
458 2 38
443 2 39
452 2 40
469 2 41
490 2 42
426 2 43
505 2 44
474 2 45
474 2 46
462 2 47
474 2 48
463 2 49
454 2 50
426 2 51
459 2 52
432 2 53
498 2 54
390 2 55
483 2 56
448 2 57
453 2 58
478 2 59
435 2 60
460 2 61
489 2 62
487 2 63
500 2 64
454 2 65
410 2 66
458 2 67
427 2 68
499 2 69
458 2 70
495 2 71
469 2 72
470 2 73
465 2 74
428 2 75
460 2 76
432 2 77
478 2 78
483 2 79
430 2 80
424 2 81
452 2 82
447 2 83
419 2 84
447 2 85
457 2 86
460 2 87
430 2 88
482 2 89
448 2 90
476 2 91
464 2 92
483 2 93
438 2 94
470 2 95
444 2 96
431 2 97
445 2 98
467 2 99
467 2 100
451 3 1
471 3 2
603 3 3
468 3 4
476 3 5
510 3 6
514 3 7
477 3 8
473 3 9
430 3 10
488 3 11
505 3 12
516 3 13
503 3 14
491 3 15
470 3 16
483 3 17
495 3 18
493 3 19
499 3 20
500 3 21
498 3 22
509 3 23
484 3 24
469 3 25
456 3 26
529 3 27
471 3 28
496 3 29
468 3 30
479 3 31
508 3 32
473 3 33
514 3 34
483 3 35
473 3 36
480 3 37
485 3 38
451 3 39
470 3 40
502 3 41
474 3 42
431 3 43
510 3 44
497 3 45
500 3 46
489 3 47
504 3 48
484 3 49
493 3 50
487 3 51
494 3 52
496 3 53
500 3 54
425 3 55
453 3 56
439 3 57
463 3 58
474 3 59
488 3 60
500 3 61
499 3 62
525 3 63
475 3 64
475 3 65
460 3 66
485 3 67
450 3 68
499 3 69
475 3 70
475 3 71
506 3 72
503 3 73
492 3 74
462 3 75
473 3 76
463 3 77
482 3 78
493 3 79
462 3 80
482 3 81
500 3 82
475 3 83
451 3 84
484 3 85
492 3 86
489 3 87
480 3 88
520 3 89
491 3 90
512 3 91
502 3 92
463 3 93
504 3 94
516 3 95
451 3 96
462 3 97
473 3 98
484 3 99
504 3 100
420 4 1
464 4 2
493 4 3
549 4 4
519 4 5
430 4 6
460 4 7
444 4 8
454 4 9
434 4 10
446 4 11
451 4 12
465 4 13
486 4 14
488 4 15
497 4 16
483 4 17
465 4 18
533 4 19
457 4 20
443 4 21
428 4 22
503 4 23
460 4 24
439 4 25
433 4 26
488 4 27
426 4 28
445 4 29
432 4 30
461 4 31
443 4 32
466 4 33
481 4 34
487 4 35
445 4 36
464 4 37
427 4 38
425 4 39
443 4 40
527 4 41
449 4 42
412 4 43
458 4 44
475 4 45
454 4 46
499 4 47
457 4 48
437 4 49
457 4 50
495 4 51
454 4 52
498 4 53
477 4 54
399 4 55
447 4 56
433 4 57
436 4 58
474 4 59
426 4 60
454 4 61
465 4 62
522 4 63
454 4 64
437 4 65
446 4 66
447 4 67
427 4 68
464 4 69
504 4 70
506 4 71
481 4 72
472 4 73
443 4 74
439 4 75
405 4 76
443 4 77
480 4 78
467 4 79
498 4 80
442 4 81
454 4 82
455 4 83
453 4 84
436 4 85
445 4 86
421 4 87
427 4 88
492 4 89
512 4 90
527 4 91
496 4 92
429 4 93
453 4 94
449 4 95
440 4 96
439 4 97
448 4 98
463 4 99
471 4 100
429 5 1
442 5 2
479 5 3
513 5 4
563 5 5
445 5 6
469 5 7
442 5 8
443 5 9
427 5 10
461 5 11
459 5 12
483 5 13
515 5 14
499 5 15
499 5 16
489 5 17
466 5 18
527 5 19
463 5 20
447 5 21
453 5 22
511 5 23
464 5 24
451 5 25
459 5 26
490 5 27
444 5 28
436 5 29
437 5 30
466 5 31
439 5 32
479 5 33
512 5 34
483 5 35
445 5 36
469 5 37
450 5 38
428 5 39
445 5 40
517 5 41
463 5 42
421 5 43
479 5 44
484 5 45
484 5 46
508 5 47
478 5 48
457 5 49
459 5 50
478 5 51
460 5 52
498 5 53
485 5 54
395 5 55
451 5 56
435 5 57
451 5 58
478 5 59
435 5 60
476 5 61
458 5 62
541 5 63
474 5 64
447 5 65
428 5 66
454 5 67
442 5 68
478 5 69
503 5 70
498 5 71
498 5 72
467 5 73
466 5 74
435 5 75
433 5 76
448 5 77
474 5 78
475 5 79
494 5 80
446 5 81
444 5 82
462 5 83
432 5 84
455 5 85
479 5 86
434 5 87
427 5 88
499 5 89
529 5 90
535 5 91
504 5 92
462 5 93
454 5 94
462 5 95
466 5 96
445 5 97
461 5 98
478 5 99
479 5 100
473 6 1
441 6 2
501 6 3
441 6 4
456 6 5
584 6 6
526 6 7
475 6 8
468 6 9
410 6 10
499 6 11
503 6 12
503 6 13
480 6 14
472 6 15
458 6 16
476 6 17
519 6 18
474 6 19
474 6 20
506 6 21
503 6 22
507 6 23
480 6 24
458 6 25
498 6 26
529 6 27
491 6 28
457 6 29
456 6 30
460 6 31
484 6 32
493 6 33
494 6 34
497 6 35
486 6 36
494 6 37
511 6 38
486 6 39
469 6 40
488 6 41
491 6 42
462 6 43
530 6 44
526 6 45
492 6 46
476 6 47
493 6 48
496 6 49
504 6 50
455 6 51
503 6 52
482 6 53
501 6 54
415 6 55
454 6 56
503 6 57
456 6 58
469 6 59
503 6 60
525 6 61
495 6 62
508 6 63
509 6 64
475 6 65
439 6 66
503 6 67
444 6 68
496 6 69
450 6 70
484 6 71
479 6 72
497 6 73
465 6 74
445 6 75
500 6 76
451 6 77
491 6 78
533 6 79
460 6 80
482 6 81
454 6 82
482 6 83
437 6 84
523 6 85
492 6 86
479 6 87
481 6 88
503 6 89
472 6 90
495 6 91
495 6 92
497 6 93
450 6 94
509 6 95
458 6 96
448 6 97
493 6 98
492 6 99
483 6 100
447 7 1
446 7 2
516 7 3
463 7 4
471 7 5
504 7 6
570 7 7
494 7 8
475 7 9
426 7 10
503 7 11
469 7 12
511 7 13
496 7 14
487 7 15
470 7 16
497 7 17
492 7 18
487 7 19
485 7 20
480 7 21
482 7 22
479 7 23
524 7 24
452 7 25
467 7 26
524 7 27
472 7 28
496 7 29
463 7 30
485 7 31
474 7 32
499 7 33
510 7 34
507 7 35
463 7 36
479 7 37
504 7 38
453 7 39
461 7 40
491 7 41
482 7 42
441 7 43
525 7 44
513 7 45
490 7 46
492 7 47
502 7 48
482 7 49
509 7 50
470 7 51
482 7 52
484 7 53
491 7 54
425 7 55
449 7 56
480 7 57
457 7 58
479 7 59
474 7 60
510 7 61
499 7 62
509 7 63
471 7 64
453 7 65
448 7 66
499 7 67
445 7 68
504 7 69
460 7 70
472 7 71
498 7 72
510 7 73
475 7 74
461 7 75
496 7 76
471 7 77
484 7 78
512 7 79
463 7 80
493 7 81
492 7 82
500 7 83
465 7 84
488 7 85
507 7 86
482 7 87
458 7 88
504 7 89
489 7 90
502 7 91
489 7 92
495 7 93
476 7 94
493 7 95
460 7 96
470 7 97
455 7 98
490 7 99
498 7 100
435 8 1
437 8 2
490 8 3
441 8 4
458 8 5
502 8 6
493 8 7
540 8 8
469 8 9
436 8 10
454 8 11
450 8 12
478 8 13
480 8 14
439 8 15
466 8 16
465 8 17
490 8 18
477 8 19
470 8 20
455 8 21
455 8 22
473 8 23
484 8 24
453 8 25
455 8 26
480 8 27
469 8 28
473 8 29
444 8 30
437 8 31
491 8 32
453 8 33
456 8 34
491 8 35
460 8 36
459 8 37
476 8 38
457 8 39
453 8 40
476 8 41
450 8 42
434 8 43
472 8 44
489 8 45
479 8 46
459 8 47
445 8 48
461 8 49
484 8 50
494 8 51
481 8 52
478 8 53
486 8 54
430 8 55
441 8 56
455 8 57
432 8 58
451 8 59
481 8 60
474 8 61
474 8 62
482 8 63
465 8 64
447 8 65
447 8 66
492 8 67
467 8 68
470 8 69
463 8 70
457 8 71
468 8 72
474 8 73
430 8 74
468 8 75
450 8 76
470 8 77
486 8 78
474 8 79
473 8 80
462 8 81
465 8 82
459 8 83
466 8 84
454 8 85
467 8 86
445 8 87
467 8 88
477 8 89
449 8 90
488 8 91
491 8 92
442 8 93
474 8 94
488 8 95
445 8 96
441 8 97
455 8 98
449 8 99
467 8 100
431 9 1
440 9 2
490 9 3
453 9 4
450 9 5
465 9 6
470 9 7
465 9 8
548 9 9
456 9 10
445 9 11
449 9 12
470 9 13
452 9 14
438 9 15
450 9 16
466 9 17
474 9 18
482 9 19
447 9 20
456 9 21
451 9 22
479 9 23
490 9 24
448 9 25
462 9 26
484 9 27
453 9 28
468 9 29
495 9 30
519 9 31
456 9 32
458 9 33
472 9 34
490 9 35
453 9 36
474 9 37
458 9 38
449 9 39
515 9 40
460 9 41
459 9 42
420 9 43
473 9 44
463 9 45
476 9 46
463 9 47
457 9 48
474 9 49
443 9 50
455 9 51
452 9 52
476 9 53
485 9 54
434 9 55
454 9 56
435 9 57
439 9 58
465 9 59
464 9 60
464 9 61
476 9 62
477 9 63
473 9 64
436 9 65
473 9 66
462 9 67
486 9 68
474 9 69
463 9 70
465 9 71
456 9 72
505 9 73
454 9 74
474 9 75
441 9 76
453 9 77
471 9 78
485 9 79
471 9 80
428 9 81
484 9 82
507 9 83
493 9 84
446 9 85
440 9 86
435 9 87
431 9 88
477 9 89
435 9 90
473 9 91
474 9 92
447 9 93
498 9 94
455 9 95
436 9 96
461 9 97
455 9 98
444 9 99
455 9 100
405 10 1
410 10 2
453 10 3
450 10 4
445 10 5
427 10 6
427 10 7
443 10 8
456 10 9
505 10 10
374 10 11
412 10 12
426 10 13
445 10 14
431 10 15
458 10 16
437 10 17
428 10 18
460 10 19
410 10 20
405 10 21
385 10 22
457 10 23
434 10 24
401 10 25
408 10 26
449 10 27
434 10 28
429 10 29
426 10 30
450 10 31
415 10 32
426 10 33
438 10 34
455 10 35
448 10 36
447 10 37
427 10 38
416 10 39
449 10 40
445 10 41
418 10 42
409 10 43
434 10 44
419 10 45
402 10 46
431 10 47
406 10 48
402 10 49
440 10 50
469 10 51
442 10 52
432 10 53
443 10 54
431 10 55
419 10 56
429 10 57
411 10 58
449 10 59
438 10 60
421 10 61
466 10 62
442 10 63
437 10 64
426 10 65
470 10 66
429 10 67
421 10 68
420 10 69
455 10 70
421 10 71
425 10 72
432 10 73
394 10 74
462 10 75
385 10 76
439 10 77
450 10 78
431 10 79
452 10 80
388 10 81
441 10 82
447 10 83
435 10 84
410 10 85
425 10 86
408 10 87
420 10 88
437 10 89
431 10 90
447 10 91
442 10 92
397 10 93
452 10 94
438 10 95
433 10 96
456 10 97
407 10 98
426 10 99
422 10 100
452 11 1
470 11 2
503 11 3
434 11 4
463 11 5
499 11 6
512 11 7
457 11 8
459 11 9
389 11 10
590 11 11
520 11 12
534 11 13
461 11 14
468 11 15
439 11 16
508 11 17
529 11 18
474 11 19
504 11 20
486 11 21
525 11 22
505 11 23
473 11 24
516 11 25
525 11 26
504 11 27
478 11 28
447 11 29
472 11 30
492 11 31
457 11 32
502 11 33
552 11 34
519 11 35
487 11 36
497 11 37
486 11 38
459 11 39
469 11 40
486 11 41
524 11 42
453 11 43
513 11 44
541 11 45
526 11 46
491 11 47
535 11 48
536 11 49
477 11 50
432 11 51
472 11 52
477 11 53
525 11 54
400 11 55
492 11 56
444 11 57
485 11 58
494 11 59
477 11 60
526 11 61
489 11 62
515 11 63
506 11 64
457 11 65
415 11 66
505 11 67
443 11 68
513 11 69
472 11 70
482 11 71
480 11 72
504 11 73
511 11 74
425 11 75
501 11 76
446 11 77
476 11 78
541 11 79
450 11 80
488 11 81
477 11 82
466 11 83
446 11 84
491 11 85
492 11 86
469 11 87
452 11 88
516 11 89
486 11 90
500 11 91
491 11 92
513 11 93
452 11 94
485 11 95
454 11 96
437 11 97
494 11 98
486 11 99
534 11 100
441 12 1
481 12 2
502 12 3
431 12 4
452 12 5
483 12 6
461 12 7
425 12 8
428 12 9
395 12 10
503 12 11
594 12 12
502 12 13
455 12 14
461 12 15
429 12 16
480 12 17
501 12 18
453 12 19
472 12 20
457 12 21
520 12 22
499 12 23
454 12 24
512 12 25
492 12 26
465 12 27
459 12 28
418 12 29
463 12 30
470 12 31
462 12 32
463 12 33
498 12 34
485 12 35
481 12 36
473 12 37
481 12 38
451 12 39
455 12 40
470 12 41
507 12 42
448 12 43
514 12 44
493 12 45
505 12 46
466 12 47
490 12 48
507 12 49
466 12 50
418 12 51
485 12 52
443 12 53
485 12 54
390 12 55
495 12 56
440 12 57
464 12 58
453 12 59
473 12 60
508 12 61
488 12 62
503 12 63
514 12 64
457 12 65
413 12 66
488 12 67
430 12 68
513 12 69
460 12 70
469 12 71
466 12 72
475 12 73
489 12 74
422 12 75
477 12 76
427 12 77
470 12 78
504 12 79
432 12 80
444 12 81
446 12 82
457 12 83
407 12 84
479 12 85
487 12 86
457 12 87
450 12 88
492 12 89
448 12 90
463 12 91
449 12 92
504 12 93
440 12 94
478 12 95
455 12 96
434 12 97
473 12 98
487 12 99
487 12 100
487 13 1
466 13 2
528 13 3
461 13 4
488 13 5
514 13 6
505 13 7
482 13 8
465 13 9
421 13 10
526 13 11
527 13 12
605 13 13
502 13 14
492 13 15
475 13 16
533 13 17
548 13 18
496 13 19
501 13 20
515 13 21
540 13 22
545 13 23
479 13 24
516 13 25
520 13 26
508 13 27
480 13 28
469 13 29
498 13 30
488 13 31
495 13 32
519 13 33
565 13 34
536 13 35
509 13 36
513 13 37
518 13 38
487 13 39
494 13 40
507 13 41
532 13 42
468 13 43
547 13 44
558 13 45
546 13 46
518 13 47
527 13 48
551 13 49
507 13 50
468 13 51
529 13 52
515 13 53
541 13 54
423 13 55
518 13 56
478 13 57
520 13 58
509 13 59
507 13 60
542 13 61
523 13 62
532 13 63
514 13 64
474 13 65
442 13 66
503 13 67
450 13 68
509 13 69
507 13 70
482 13 71
514 13 72
522 13 73
509 13 74
451 13 75
511 13 76
462 13 77
499 13 78
529 13 79
481 13 80
477 13 81
480 13 82
476 13 83
460 13 84
504 13 85
526 13 86
502 13 87
487 13 88
539 13 89
506 13 90
516 13 91
504 13 92
525 13 93
487 13 94
527 13 95
473 13 96
460 13 97
527 13 98
520 13 99
539 13 100
454 14 1
451 14 2
519 14 3
501 14 4
520 14 5
483 14 6
489 14 7
474 14 8
459 14 9
438 14 10
447 14 11
471 14 12
489 14 13
566 14 14
488 14 15
502 14 16
485 14 17
471 14 18
520 14 19
476 14 20
461 14 21
471 14 22
504 14 23
477 14 24
440 14 25
452 14 26
521 14 27
470 14 28
471 14 29
447 14 30
456 14 31
473 14 32
477 14 33
497 14 34
475 14 35
476 14 36
471 14 37
487 14 38
443 14 39
460 14 40
535 14 41
471 14 42
426 14 43
475 14 44
485 14 45
486 14 46
504 14 47
463 14 48
451 14 49
480 14 50
503 14 51
486 14 52
507 14 53
494 14 54
428 14 55
458 14 56
455 14 57
450 14 58
467 14 59
467 14 60
490 14 61
476 14 62
557 14 63
467 14 64
472 14 65
449 14 66
447 14 67
438 14 68
488 14 69
497 14 70
480 14 71
528 14 72
473 14 73
458 14 74
454 14 75
445 14 76
457 14 77
485 14 78
476 14 79
506 14 80
445 14 81
472 14 82
467 14 83
446 14 84
474 14 85
493 14 86
465 14 87
450 14 88
497 14 89
505 14 90
534 14 91
506 14 92
458 14 93
477 14 94
500 14 95
466 14 96
472 14 97
486 14 98
485 14 99
486 14 100
441 15 1
457 15 2
509 15 3
490 15 4
511 15 5
468 15 6
504 15 7
460 15 8
457 15 9
447 15 10
467 15 11
484 15 12
502 15 13
505 15 14
557 15 15
509 15 16
504 15 17
471 15 18
501 15 19
469 15 20
465 15 21
461 15 22
507 15 23
483 15 24
458 15 25
452 15 26
518 15 27
468 15 28
473 15 29
438 15 30
482 15 31
467 15 32
471 15 33
509 15 34
491 15 35
470 15 36
485 15 37
483 15 38
424 15 39
452 15 40
522 15 41
487 15 42
442 15 43
501 15 44
504 15 45
483 15 46
510 15 47
481 15 48
463 15 49
501 15 50
476 15 51
481 15 52
501 15 53
479 15 54
423 15 55
452 15 56
464 15 57
446 15 58
480 15 59
464 15 60
480 15 61
485 15 62
513 15 63
477 15 64
449 15 65
456 15 66
465 15 67
431 15 68
501 15 69
509 15 70
488 15 71
527 15 72
480 15 73
467 15 74
467 15 75
443 15 76
457 15 77
494 15 78
487 15 79
475 15 80
446 15 81
459 15 82
492 15 83
440 15 84
457 15 85
485 15 86
446 15 87
432 15 88
524 15 89
522 15 90
522 15 91
492 15 92
484 15 93
458 15 94
460 15 95
474 15 96
463 15 97
470 15 98
494 15 99
493 15 100
418 16 1
414 16 2
475 16 3
491 16 4
499 16 5
450 16 6
459 16 7
457 16 8
429 16 9
446 16 10
411 16 11
438 16 12
454 16 13
495 16 14
479 16 15
550 16 16
463 16 17
431 16 18
507 16 19
435 16 20
438 16 21
404 16 22
475 16 23
447 16 24
416 16 25
426 16 26
487 16 27
457 16 28
441 16 29
404 16 30
440 16 31
431 16 32
457 16 33
466 16 34
453 16 35
440 16 36
436 16 37
459 16 38
423 16 39
424 16 40
513 16 41
446 16 42
423 16 43
447 16 44
450 16 45
441 16 46
488 16 47
439 16 48
412 16 49
483 16 50
515 16 51
464 16 52
489 16 53
460 16 54
404 16 55
434 16 56
451 16 57
416 16 58
448 16 59
448 16 60
472 16 61
458 16 62
504 16 63
433 16 64
418 16 65
448 16 66
440 16 67
399 16 68
440 16 69
493 16 70
456 16 71
468 16 72
449 16 73
412 16 74
446 16 75
399 16 76
459 16 77
447 16 78
440 16 79
483 16 80
428 16 81
440 16 82
444 16 83
424 16 84
452 16 85
443 16 86
424 16 87
440 16 88
465 16 89
489 16 90
489 16 91
465 16 92
429 16 93
444 16 94
440 16 95
443 16 96
450 16 97
425 16 98
455 16 99
447 16 100
459 17 1
483 17 2
505 17 3
473 17 4
483 17 5
489 17 6
487 17 7
470 17 8
453 17 9
430 17 10
518 17 11
508 17 12
536 17 13
479 17 14
478 17 15
480 17 16
599 17 17
529 17 18
511 17 19
512 17 20
514 17 21
521 17 22
545 17 23
475 17 24
511 17 25
490 17 26
508 17 27
472 17 28
446 17 29
476 17 30
484 17 31
484 17 32
540 17 33
572 17 34
538 17 35
523 17 36
534 17 37
494 17 38
485 17 39
470 17 40
501 17 41
514 17 42
479 17 43
539 17 44
515 17 45
525 17 46
507 17 47
515 17 48
517 17 49
489 17 50
476 17 51
527 17 52
488 17 53
542 17 54
406 17 55
523 17 56
487 17 57
485 17 58
520 17 59
495 17 60
527 17 61
515 17 62
524 17 63
500 17 64
483 17 65
447 17 66
517 17 67
444 17 68
484 17 69
526 17 70
490 17 71
506 17 72
486 17 73
502 17 74
452 17 75
508 17 76
452 17 77
505 17 78
519 17 79
463 17 80
475 17 81
468 17 82
470 17 83
452 17 84
498 17 85
511 17 86
483 17 87
473 17 88
518 17 89
478 17 90
519 17 91
512 17 92
501 17 93
471 17 94
517 17 95
506 17 96
443 17 97
500 17 98
505 17 99
539 17 100
463 18 1
486 18 2
490 18 3
441 18 4
453 18 5
498 18 6
493 18 7
468 18 8
458 18 9
396 18 10
515 18 11
503 18 12
529 18 13
460 18 14
435 18 15
435 18 16
505 18 17
604 18 18
473 18 19
500 18 20
494 18 21
524 18 22
512 18 23
468 18 24
506 18 25
506 18 26
464 18 27
460 18 28
440 18 29
495 18 30
475 18 31
476 18 32
495 18 33
525 18 34
528 18 35
500 18 36
510 18 37
485 18 38
481 18 39
482 18 40
471 18 41
505 18 42
440 18 43
533 18 44
517 18 45
517 18 46
476 18 47
497 18 48
524 18 49
465 18 50
437 18 51
486 18 52
465 18 53
543 18 54
403 18 55
511 18 56
468 18 57
501 18 58
486 18 59
474 18 60
509 18 61
499 18 62
503 18 63
523 18 64
493 18 65
419 18 66
505 18 67
453 18 68
495 18 69
456 18 70
494 18 71
475 18 72
505 18 73
481 18 74
437 18 75
491 18 76
440 18 77
497 18 78
519 18 79
450 18 80
481 18 81
462 18 82
467 18 83
444 18 84
489 18 85
495 18 86
459 18 87
471 18 88
500 18 89
454 18 90
499 18 91
483 18 92
503 18 93
464 18 94
503 18 95
455 18 96
421 18 97
494 18 98
481 18 99
516 18 100
439 19 1
451 19 2
498 19 3
513 19 4
514 19 5
466 19 6
476 19 7
461 19 8
455 19 9
425 19 10
462 19 11
461 19 12
481 19 13
506 19 14
475 19 15
504 19 16
494 19 17
470 19 18
580 19 19
466 19 20
477 19 21
457 19 22
499 19 23
453 19 24
451 19 25
467 19 26
536 19 27
459 19 28
442 19 29
430 19 30
445 19 31
467 19 32
499 19 33
506 19 34
495 19 35
466 19 36
477 19 37
464 19 38
454 19 39
447 19 40
547 19 41
472 19 42
447 19 43
469 19 44
478 19 45
484 19 46
507 19 47
458 19 48
461 19 49
474 19 50
500 19 51
484 19 52
498 19 53
494 19 54
396 19 55
465 19 56
455 19 57
437 19 58
478 19 59
456 19 60
494 19 61
483 19 62
574 19 63
464 19 64
462 19 65
444 19 66
466 19 67
423 19 68
456 19 69
509 19 70
497 19 71
492 19 72
460 19 73
476 19 74
446 19 75
437 19 76
446 19 77
471 19 78
485 19 79
502 19 80
467 19 81
466 19 82
458 19 83
440 19 84
480 19 85
469 19 86
465 19 87
449 19 88
509 19 89
511 19 90
537 19 91
502 19 92
451 19 93
454 19 94
486 19 95
457 19 96
447 19 97
473 19 98
473 19 99
477 19 100
458 20 1
476 20 2
510 20 3
446 20 4
460 20 5
500 20 6
484 20 7
468 20 8
463 20 9
417 20 10
524 20 11
486 20 12
518 20 13
475 20 14
458 20 15
443 20 16
504 20 17
520 20 18
472 20 19
580 20 20
503 20 21
516 20 22
535 20 23
488 20 24
496 20 25
493 20 26
492 20 27
455 20 28
485 20 29
481 20 30
473 20 31
476 20 32
502 20 33
528 20 34
524 20 35
498 20 36
504 20 37
485 20 38
448 20 39
478 20 40
481 20 41
500 20 42
465 20 43
516 20 44
521 20 45
519 20 46
477 20 47
526 20 48
506 20 49
495 20 50
459 20 51
496 20 52
497 20 53
535 20 54
434 20 55
474 20 56
463 20 57
478 20 58
511 20 59
505 20 60
513 20 61
518 20 62
499 20 63
499 20 64
469 20 65
460 20 66
501 20 67
449 20 68
505 20 69
486 20 70
465 20 71
479 20 72
524 20 73
479 20 74
444 20 75
501 20 76
468 20 77
495 20 78
502 20 79
432 20 80
481 20 81
486 20 82
459 20 83
456 20 84
485 20 85
501 20 86
489 20 87
481 20 88
518 20 89
473 20 90
490 20 91
504 20 92
489 20 93
487 20 94
523 20 95
467 20 96
440 20 97
503 20 98
490 20 99
526 20 100
490 21 1
437 21 2
516 21 3
433 21 4
448 21 5
517 21 6
500 21 7
462 21 8
452 21 9
414 21 10
496 21 11
474 21 12
528 21 13
465 21 14
460 21 15
455 21 16
490 21 17
525 21 18
487 21 19
496 21 20
576 21 21
496 21 22
511 21 23
465 21 24
469 21 25
481 21 26
535 21 27
486 21 28
455 21 29
469 21 30
466 21 31
490 21 32
512 21 33
524 21 34
497 21 35
471 21 36
495 21 37
524 21 38
495 21 39
467 21 40
480 21 41
482 21 42
493 21 43
529 21 44
508 21 45
508 21 46
475 21 47
510 21 48
493 21 49
494 21 50
459 21 51
510 21 52
477 21 53
514 21 54
413 21 55
477 21 56
484 21 57
462 21 58
475 21 59
503 21 60
552 21 61
491 21 62
508 21 63
465 21 64
508 21 65
450 21 66
510 21 67
415 21 68
466 21 69
467 21 70
469 21 71
489 21 72
485 21 73
485 21 74
454 21 75
511 21 76
447 21 77
457 21 78
511 21 79
442 21 80
505 21 81
459 21 82
471 21 83
433 21 84
528 21 85
510 21 86
504 21 87
482 21 88
524 21 89
476 21 90
493 21 91
493 21 92
499 21 93
470 21 94
537 21 95
458 21 96
447 21 97
497 21 98
486 21 99
488 21 100
449 22 1
468 22 2
514 22 3
434 22 4
464 22 5
508 22 6
490 22 7
433 22 8
463 22 9
380 22 10
528 22 11
534 22 12
547 22 13
475 22 14
464 22 15
433 22 16
511 22 17
530 22 18
475 22 19
491 22 20
503 22 21
586 22 22
507 22 23
467 22 24
506 22 25
498 22 26
499 22 27
461 22 28
448 22 29
489 22 30
479 22 31
481 22 32
497 22 33
524 22 34
495 22 35
499 22 36
505 22 37
491 22 38
460 22 39
480 22 40
487 22 41
516 22 42
454 22 43
538 22 44
507 22 45
537 22 46
482 22 47
503 22 48
534 22 49
462 22 50
430 22 51
489 22 52
482 22 53
515 22 54
392 22 55
496 22 56
443 22 57
473 22 58
476 22 59
472 22 60
522 22 61
502 22 62
525 22 63
508 22 64
466 22 65
410 22 66
476 22 67
442 22 68
504 22 69
466 22 70
480 22 71
492 22 72
505 22 73
523 22 74
416 22 75
505 22 76
429 22 77
488 22 78
525 22 79
453 22 80
465 22 81
455 22 82
466 22 83
430 22 84
486 22 85
496 22 86
476 22 87
458 22 88
514 22 89
463 22 90
500 22 91
471 22 92
521 22 93
452 22 94
501 22 95
448 22 96
430 22 97
505 22 98
493 22 99
506 22 100
469 23 1
483 23 2
516 23 3
491 23 4
504 23 5
506 23 6
491 23 7
479 23 8
472 23 9
447 23 10
513 23 11
501 23 12
541 23 13
487 23 14
484 23 15
495 23 16
551 23 17
531 23 18
517 23 19
528 23 20
510 23 21
505 23 22
603 23 23
480 23 24
505 23 25
512 23 26
510 23 27
474 23 28
456 23 29
485 23 30
496 23 31
484 23 32
539 23 33
562 23 34
541 23 35
516 23 36
532 23 37
497 23 38
475 23 39
493 23 40
509 23 41
522 23 42
466 23 43
543 23 44
536 23 45
523 23 46
522 23 47
542 23 48
515 23 49
509 23 50
487 23 51
522 23 52
522 23 53
552 23 54
430 23 55
519 23 56
481 23 57
498 23 58
543 23 59
502 23 60
512 23 61
536 23 62
520 23 63
530 23 64
493 23 65
464 23 66
507 23 67
453 23 68
511 23 69
546 23 70
504 23 71
502 23 72
522 23 73
500 23 74
467 23 75
483 23 76
471 23 77
512 23 78
510 23 79
478 23 80
461 23 81
475 23 82
484 23 83
471 23 84
496 23 85
500 23 86
485 23 87
476 23 88
531 23 89
499 23 90
518 23 91
522 23 92
493 23 93
493 23 94
525 23 95
494 23 96
459 23 97
517 23 98
527 23 99
532 23 100
433 24 1
432 24 2
506 24 3
451 24 4
452 24 5
493 24 6
505 24 7
486 24 8
488 24 9
436 24 10
464 24 11
462 24 12
469 24 13
473 24 14
457 24 15
449 24 16
455 24 17
481 24 18
454 24 19
473 24 20
446 24 21
456 24 22
471 24 23
560 24 24
445 24 25
437 24 26
475 24 27
443 24 28
485 24 29
479 24 30
496 24 31
460 24 32
455 24 33
470 24 34
487 24 35
432 24 36
447 24 37
474 24 38
431 24 39
479 24 40
466 24 41
444 24 42
407 24 43
484 24 44
488 24 45
472 24 46
458 24 47
467 24 48
449 24 49
504 24 50
453 24 51
452 24 52
480 24 53
456 24 54
455 24 55
420 24 56
455 24 57
430 24 58
452 24 59
463 24 60
483 24 61
465 24 62
469 24 63
466 24 64
440 24 65
464 24 66
472 24 67
457 24 68
501 24 69
445 24 70
450 24 71
461 24 72
517 24 73
447 24 74
472 24 75
449 24 76
477 24 77
470 24 78
477 24 79
462 24 80
462 24 81
484 24 82
513 24 83
482 24 84
455 24 85
480 24 86
434 24 87
444 24 88
490 24 89
464 24 90
481 24 91
474 24 92
443 24 93
497 24 94
478 24 95
425 24 96
461 24 97
445 24 98
464 24 99
462 24 100
436 25 1
477 25 2
489 25 3
428 25 4
458 25 5
472 25 6
464 25 7
454 25 8
454 25 9
393 25 10
516 25 11
527 25 12
510 25 13
451 25 14
455 25 15
435 25 16
506 25 17
504 25 18
479 25 19
502 25 20
469 25 21
524 25 22
512 25 23
458 25 24
566 25 25
494 25 26
461 25 27
450 25 28
443 25 29
468 25 30
462 25 31
484 25 32
471 25 33
520 25 34
502 25 35
464 25 36
489 25 37
481 25 38
447 25 39
456 25 40
476 25 41
512 25 42
440 25 43
509 25 44
510 25 45
537 25 46
478 25 47
508 25 48
510 25 49
468 25 50
426 25 51
485 25 52
460 25 53
508 25 54
388 25 55
501 25 56
443 25 57
466 25 58
481 25 59
476 25 60
495 25 61
492 25 62
505 25 63
494 25 64
449 25 65
410 25 66
488 25 67
436 25 68
510 25 69
467 25 70
469 25 71
470 25 72
490 25 73
509 25 74
433 25 75
490 25 76
425 25 77
484 25 78
489 25 79
435 25 80
447 25 81
460 25 82
452 25 83
436 25 84
470 25 85
486 25 86
453 25 87
446 25 88
514 25 89
447 25 90
485 25 91
463 25 92
491 25 93
451 25 94
482 25 95
463 25 96
406 25 97
481 25 98
484 25 99
500 25 100
468 26 1
467 26 2
485 26 3
430 26 4
458 26 5
514 26 6
473 26 7
447 26 8
460 26 9
409 26 10
528 26 11
510 26 12
526 26 13
459 26 14
459 26 15
450 26 16
496 26 17
528 26 18
485 26 19
486 26 20
504 26 21
511 26 22
517 26 23
457 26 24
497 26 25
566 26 26
488 26 27
488 26 28
438 26 29
462 26 30
469 26 31
460 26 32
507 26 33
534 26 34
532 26 35
495 26 36
513 26 37
493 26 38
493 26 39
473 26 40
480 26 41
529 26 42
468 26 43
522 26 44
523 26 45
521 26 46
482 26 47
510 26 48
526 26 49
477 26 50
433 26 51
489 26 52
478 26 53
529 26 54
414 26 55
510 26 56
462 26 57
503 26 58
499 26 59
495 26 60
525 26 61
503 26 62
511 26 63
518 26 64
472 26 65
430 26 66
511 26 67
440 26 68
486 26 69
487 26 70
472 26 71
459 26 72
485 26 73
489 26 74
433 26 75
498 26 76
462 26 77
469 26 78
537 26 79
458 26 80
474 26 81
467 26 82
458 26 83
434 26 84
508 26 85
496 26 86
497 26 87
467 26 88
503 26 89
458 26 90
478 26 91
476 26 92
512 26 93
446 26 94
497 26 95
464 26 96
433 26 97
506 26 98
496 26 99
492 26 100
476 27 1
441 27 2
531 27 3
474 27 4
483 27 5
499 27 6
498 27 7
460 27 8
463 27 9
432 27 10
468 27 11
480 27 12
504 27 13
501 27 14
481 27 15
475 27 16
495 27 17
482 27 18
527 27 19
474 27 20
516 27 21
487 27 22
505 27 23
466 27 24
441 27 25
452 27 26
604 27 27
482 27 28
464 27 29
471 27 30
470 27 31
481 27 32
516 27 33
516 27 34
489 27 35
471 27 36
485 27 37
507 27 38
480 27 39
463 27 40
521 27 41
464 27 42
483 27 43
503 27 44
489 27 45
484 27 46
496 27 47
480 27 48
472 27 49
491 27 50
482 27 51
500 27 52
486 27 53
484 27 54
422 27 55
462 27 56
462 27 57
445 27 58
478 27 59
472 27 60
540 27 61
486 27 62
552 27 63
454 27 64
495 27 65
450 27 66
476 27 67
410 27 68
477 27 69
492 27 70
478 27 71
507 27 72
471 27 73
493 27 74
460 27 75
498 27 76
440 27 77
455 27 78
505 27 79
469 27 80
479 27 81
484 27 82
477 27 83
435 27 84
539 27 85
493 27 86
516 27 87
451 27 88
517 27 89
500 27 90
520 27 91
509 27 92
470 27 93
470 27 94
521 27 95
462 27 96
481 27 97
481 27 98
503 27 99
492 27 100
459 28 1
439 28 2
469 28 3
432 28 4
454 28 5
496 28 6
474 28 7
469 28 8
442 28 9
437 28 10
461 28 11
493 28 12
489 28 13
469 28 14
456 28 15
480 28 16
475 28 17
469 28 18
483 28 19
440 28 20
474 28 21
453 28 22
482 28 23
456 28 24
463 28 25
474 28 26
484 28 27
551 28 28
412 28 29
452 28 30
461 28 31
468 28 32
472 28 33
504 28 34
486 28 35
490 28 36
467 28 37
532 28 38
483 28 39
454 28 40
463 28 41
479 28 42
474 28 43
509 28 44
481 28 45
455 28 46
459 28 47
462 28 48
465 28 49
508 28 50
469 28 51
495 28 52
445 28 53
486 28 54
405 28 55
484 28 56
477 28 57
443 28 58
463 28 59
502 28 60
511 28 61
489 28 62
494 28 63
472 28 64
457 28 65
430 28 66
483 28 67
423 28 68
469 28 69
458 28 70
453 28 71
462 28 72
463 28 73
447 28 74
452 28 75
466 28 76
454 28 77
456 28 78
494 28 79
447 28 80
448 28 81
438 28 82
458 28 83
431 28 84
498 28 85
489 28 86
469 28 87
470 28 88
485 28 89
451 28 90
478 28 91
469 28 92
483 28 93
437 28 94
485 28 95
487 28 96
457 28 97
461 28 98
487 28 99
463 28 100
463 29 1
434 29 2
535 29 3
458 29 4
469 29 5
494 29 6
526 29 7
492 29 8
484 29 9
440 29 10
481 29 11
469 29 12
500 29 13
493 29 14
485 29 15
467 29 16
471 29 17
484 29 18
478 29 19
503 29 20
477 29 21
469 29 22
482 29 23
520 29 24
454 29 25
459 29 26
503 29 27
462 29 28
536 29 29
474 29 30
485 29 31
476 29 32
474 29 33
493 29 34
501 29 35
454 29 36
468 29 37
476 29 38
448 29 39
482 29 40
482 29 41
460 29 42
428 29 43
490 29 44
504 29 45
490 29 46
480 29 47
491 29 48
471 29 49
503 29 50
477 29 51
476 29 52
499 29 53
480 29 54
459 29 55
432 29 56
455 29 57
453 29 58
472 29 59
480 29 60
504 29 61
492 29 62
484 29 63
462 29 64
454 29 65
467 29 66
483 29 67
456 29 68
501 29 69
466 29 70
455 29 71
478 29 72
512 29 73
462 29 74
459 29 75
475 29 76
481 29 77
484 29 78
492 29 79
471 29 80
491 29 81
501 29 82
492 29 83
473 29 84
464 29 85
497 29 86
469 29 87
472 29 88
500 29 89
489 29 90
499 29 91
500 29 92
458 29 93
504 29 94
496 29 95
457 29 96
460 29 97
470 29 98
473 29 99
507 29 100
435 30 1
442 30 2
487 30 3
434 30 4
435 30 5
435 30 6
466 30 7
431 30 8
487 30 9
418 30 10
459 30 11
458 30 12
472 30 13
446 30 14
427 30 15
430 30 16
482 30 17
505 30 18
442 30 19
465 30 20
460 30 21
471 30 22
476 30 23
489 30 24
454 30 25
446 30 26
461 30 27
440 30 28
454 30 29
576 30 30
535 30 31
451 30 32
459 30 33
498 30 34
491 30 35
464 30 36
481 30 37
460 30 38
442 30 39
550 30 40
451 30 41
453 30 42
407 30 43
492 30 44
459 30 45
462 30 46
442 30 47
464 30 48
465 30 49
444 30 50
432 30 51
450 30 52
446 30 53
474 30 54
456 30 55
457 30 56
410 30 57
451 30 58
452 30 59
439 30 60
485 30 61
472 30 62
470 30 63
479 30 64
443 30 65
463 30 66
446 30 67
463 30 68
469 30 69
444 30 70
462 30 71
463 30 72
536 30 73
464 30 74
468 30 75
452 30 76
434 30 77
448 30 78
468 30 79
436 30 80
437 30 81
492 30 82
490 30 83
455 30 84
455 30 85
450 30 86
432 30 87
427 30 88
467 30 89
446 30 90
475 30 91
450 30 92
468 30 93
489 30 94
468 30 95
431 30 96
472 30 97
432 30 98
452 30 99
487 30 100
420 31 1
442 31 2
490 31 3
446 31 4
448 31 5
444 31 6
479 31 7
422 31 8
504 31 9
427 31 10
486 31 11
471 31 12
478 31 13
449 31 14
456 31 15
439 31 16
477 31 17
491 31 18
461 31 19
463 31 20
453 31 21
476 31 22
488 31 23
493 31 24
462 31 25
459 31 26
477 31 27
449 31 28
459 31 29
527 31 30
580 31 31
437 31 32
465 31 33
502 31 34
495 31 35
469 31 36
472 31 37
465 31 38
432 31 39
532 31 40
465 31 41
477 31 42
418 31 43
502 31 44
480 31 45
468 31 46
449 31 47
477 31 48
471 31 49
446 31 50
429 31 51
433 31 52
451 31 53
468 31 54
435 31 55
460 31 56
422 31 57
446 31 58
477 31 59
448 31 60
495 31 61
469 31 62
469 31 63
474 31 64
447 31 65
451 31 66
449 31 67
463 31 68
476 31 69
457 31 70
460 31 71
462 31 72
534 31 73
470 31 74
461 31 75
448 31 76
431 31 77
457 31 78
484 31 79
448 31 80
429 31 81
491 31 82
517 31 83
458 31 84
457 31 85
460 31 86
431 31 87
412 31 88
491 31 89
460 31 90
482 31 91
446 31 92
469 31 93
470 31 94
445 31 95
429 31 96
473 31 97
454 31 98
458 31 99
495 31 100
425 32 1
460 32 2
521 32 3
432 32 4
449 32 5
494 32 6
477 32 7
484 32 8
445 32 9
415 32 10
461 32 11
477 32 12
478 32 13
469 32 14
451 32 15
447 32 16
478 32 17
492 32 18
472 32 19
480 32 20
490 32 21
480 32 22
484 32 23
479 32 24
469 32 25
435 32 26
502 32 27
461 32 28
472 32 29
457 32 30
439 32 31
554 32 32
465 32 33
476 32 34
469 32 35
462 32 36
468 32 37
485 32 38
449 32 39
452 32 40
473 32 41
467 32 42
432 32 43
498 32 44
478 32 45
493 32 46
466 32 47
467 32 48
454 32 49
486 32 50
458 32 51
491 32 52
465 32 53
479 32 54
414 32 55
444 32 56
451 32 57
434 32 58
449 32 59
467 32 60
483 32 61
475 32 62
496 32 63
456 32 64
467 32 65
438 32 66
484 32 67
446 32 68
481 32 69
461 32 70
468 32 71
478 32 72
478 32 73
463 32 74
453 32 75
460 32 76
443 32 77
478 32 78
471 32 79
438 32 80
456 32 81
461 32 82
459 32 83
440 32 84
458 32 85
490 32 86
459 32 87
477 32 88
498 32 89
448 32 90
481 32 91
476 32 92
458 32 93
474 32 94
512 32 95
456 32 96
430 32 97
452 32 98
460 32 99
482 32 100
478 33 1
453 33 2
512 33 3
454 33 4
475 33 5
508 33 6
491 33 7
477 33 8
458 33 9
433 33 10
496 33 11
505 33 12
549 33 13
478 33 14
472 33 15
469 33 16
542 33 17
522 33 18
508 33 19
490 33 20
513 33 21
511 33 22
528 33 23
469 33 24
480 33 25
499 33 26
525 33 27
494 33 28
442 33 29
468 33 30
474 33 31
483 33 32
579 33 33
551 33 34
529 33 35
530 33 36
531 33 37
505 33 38
505 33 39
475 33 40
496 33 41
506 33 42
504 33 43
534 33 44
516 33 45
517 33 46
504 33 47
509 33 48
516 33 49
505 33 50
478 33 51
530 33 52
490 33 53
515 33 54
420 33 55
506 33 56
487 33 57
504 33 58
513 33 59
515 33 60
532 33 61
519 33 62
538 33 63
507 33 64
504 33 65
445 33 66
517 33 67
424 33 68
466 33 69
512 33 70
477 33 71
489 33 72
477 33 73
512 33 74
452 33 75
510 33 76
466 33 77
484 33 78
518 33 79
469 33 80
489 33 81
469 33 82
459 33 83
449 33 84
522 33 85
529 33 86
519 33 87
493 33 88
520 33 89
498 33 90
514 33 91
503 33 92
503 33 93
469 33 94
532 33 95
502 33 96
465 33 97
495 33 98
532 33 99
512 33 100
467 34 1
459 34 2
509 34 3
465 34 4
490 34 5
477 34 6
487 34 7
458 34 8
455 34 9
438 34 10
523 34 11
511 34 12
562 34 13
496 34 14
491 34 15
484 34 16
555 34 17
511 34 18
507 34 19
496 34 20
497 34 21
504 34 22
536 34 23
472 34 24
506 34 25
498 34 26
517 34 27
488 34 28
450 34 29
490 34 30
502 34 31
468 34 32
516 34 33
632 34 34
540 34 35
511 34 36
522 34 37
495 34 38
464 34 39
494 34 40
503 34 41
512 34 42
472 34 43
525 34 44
531 34 45
528 34 46
508 34 47
530 34 48
532 34 49
497 34 50
461 34 51
518 34 52
497 34 53
544 34 54
426 34 55
524 34 56
463 34 57
496 34 58
531 34 59
500 34 60
532 34 61
518 34 62
532 34 63
502 34 64
472 34 65
443 34 66
495 34 67
437 34 68
505 34 69
524 34 70
480 34 71
502 34 72
510 34 73
525 34 74
457 34 75
499 34 76
456 34 77
480 34 78
518 34 79
473 34 80
468 34 81
482 34 82
462 34 83
457 34 84
511 34 85
512 34 86
478 34 87
460 34 88
552 34 89
516 34 90
517 34 91
505 34 92
504 34 93
473 34 94
500 34 95
497 34 96
463 34 97
499 34 98
519 34 99
553 34 100
457 35 1
467 35 2
473 35 3
448 35 4
459 35 5
479 35 6
476 35 7
470 35 8
457 35 9
433 35 10
500 35 11
481 35 12
513 35 13
461 35 14
449 35 15
449 35 16
521 35 17
527 35 18
484 35 19
496 35 20
477 35 21
481 35 22
515 35 23
468 35 24
490 35 25
508 35 26
480 35 27
462 35 28
432 35 29
473 35 30
474 35 31
447 35 32
516 35 33
536 35 34
605 35 35
505 35 36
528 35 37
463 35 38
469 35 39
479 35 40
474 35 41
489 35 42
473 35 43
530 35 44
517 35 45
506 35 46
474 35 47
494 35 48
502 35 49
481 35 50
454 35 51
495 35 52
483 35 53
535 35 54
420 35 55
510 35 56
464 35 57
500 35 58
516 35 59
478 35 60
488 35 61
532 35 62
494 35 63
518 35 64
474 35 65
438 35 66
506 35 67
439 35 68
478 35 69
489 35 70
480 35 71
469 35 72
493 35 73
486 35 74
445 35 75
497 35 76
451 35 77
497 35 78
514 35 79
476 35 80
457 35 81
457 35 82
463 35 83
462 35 84
486 35 85
482 35 86
459 35 87
463 35 88
512 35 89
482 35 90
501 35 91
486 35 92
483 35 93
449 35 94
497 35 95
460 35 96
418 35 97
466 35 98
497 35 99
498 35 100
457 36 1
466 36 2
491 36 3
451 36 4
463 36 5
492 36 6
476 36 7
468 36 8
447 36 9
440 36 10
478 36 11
503 36 12
520 36 13
455 36 14
458 36 15
463 36 16
514 36 17
516 36 18
486 36 19
487 36 20
471 36 21
496 36 22
523 36 23
448 36 24
475 36 25
478 36 26
483 36 27
482 36 28
427 36 29
468 36 30
472 36 31
473 36 32
513 36 33
522 36 34
515 36 35
583 36 36
545 36 37
498 36 38
479 36 39
481 36 40
476 36 41
516 36 42
468 36 43
525 36 44
488 36 45
479 36 46
476 36 47
468 36 48
495 36 49
488 36 50
468 36 51
511 36 52
467 36 53
528 36 54
414 36 55
514 36 56
489 36 57
492 36 58
505 36 59
487 36 60
497 36 61
533 36 62
487 36 63
525 36 64
493 36 65
433 36 66
491 36 67
439 36 68
466 36 69
487 36 70
470 36 71
474 36 72
469 36 73
471 36 74
440 36 75
482 36 76
454 36 77
520 36 78
506 36 79
451 36 80
452 36 81
449 36 82
448 36 83
442 36 84
487 36 85
492 36 86
473 36 87
491 36 88
481 36 89
458 36 90
492 36 91
490 36 92
501 36 93
457 36 94
514 36 95
494 36 96
453 36 97
491 36 98
508 36 99
512 36 100
455 37 1
466 37 2
477 37 3
445 37 4
455 37 5
460 37 6
471 37 7
445 37 8
447 37 9
423 37 10
494 37 11
467 37 12
517 37 13
449 37 14
460 37 15
444 37 16
532 37 17
517 37 18
473 37 19
478 37 20
484 37 21
473 37 22
518 37 23
444 37 24
480 37 25
488 37 26
478 37 27
453 37 28
427 37 29
473 37 30
477 37 31
449 37 32
514 37 33
546 37 34
528 37 35
532 37 36
588 37 37
469 37 38
473 37 39
479 37 40
459 37 41
488 37 42
446 37 43
525 37 44
491 37 45
500 37 46
475 37 47
482 37 48
495 37 49
465 37 50
437 37 51
496 37 52
470 37 53
541 37 54
403 37 55
519 37 56
456 37 57
493 37 58
532 37 59
460 37 60
488 37 61
508 37 62
479 37 63
526 37 64
485 37 65
424 37 66
488 37 67
433 37 68
470 37 69
491 37 70
484 37 71
481 37 72
472 37 73
475 37 74
430 37 75
475 37 76
441 37 77
494 37 78
511 37 79
432 37 80
456 37 81
442 37 82
448 37 83
440 37 84
480 37 85
480 37 86
465 37 87
452 37 88
495 37 89
477 37 90
495 37 91
495 37 92
497 37 93
452 37 94
494 37 95
487 37 96
427 37 97
476 37 98
489 37 99
509 37 100
464 38 1
430 38 2
470 38 3
439 38 4
443 38 5
498 38 6
495 38 7
452 38 8
441 38 9
411 38 10
476 38 11
486 38 12
500 38 13
472 38 14
460 38 15
463 38 16
482 38 17
496 38 18
476 38 19
443 38 20
491 38 21
470 38 22
477 38 23
469 38 24
462 38 25
467 38 26
522 38 27
505 38 28
426 38 29
466 38 30
456 38 31
474 38 32
471 38 33
510 38 34
472 38 35
462 38 36
475 38 37
579 38 38
475 38 39
451 38 40
487 38 41
490 38 42
469 38 43
526 38 44
499 38 45
468 38 46
478 38 47
470 38 48
477 38 49
510 38 50
444 38 51
503 38 52
446 38 53
477 38 54
394 38 55
482 38 56
487 38 57
430 38 58
436 38 59
478 38 60
542 38 61
475 38 62
505 38 63
472 38 64
481 38 65
425 38 66
472 38 67
398 38 68
485 38 69
450 38 70
467 38 71
484 38 72
475 38 73
466 38 74
449 38 75
493 38 76
437 38 77
448 38 78
503 38 79
437 38 80
452 38 81
447 38 82
469 38 83
422 38 84
525 38 85
498 38 86
478 38 87
447 38 88
496 38 89
457 38 90
485 38 91
471 38 92
493 38 93
436 38 94
487 38 95
462 38 96
459 38 97
472 38 98
489 38 99
466 38 100
493 39 1
444 39 2
470 39 3
434 39 4
444 39 5
506 39 6
470 39 7
453 39 8
450 39 9
414 39 10
474 39 11
473 39 12
505 39 13
449 39 14
445 39 15
451 39 16
488 39 17
508 39 18
477 39 19
459 39 20
511 39 21
468 39 22
496 39 23
451 39 24
459 39 25
500 39 26
499 39 27
490 39 28
416 39 29
465 39 30
446 39 31
463 39 32
503 39 33
501 39 34
490 39 35
480 39 36
505 39 37
516 39 38
546 39 39
459 39 40
472 39 41
496 39 42
483 39 43
504 39 44
492 39 45
469 39 46
467 39 47
457 39 48
488 39 49
486 39 50
446 39 51
509 39 52
441 39 53
485 39 54
401 39 55
481 39 56
487 39 57
451 39 58
465 39 59
489 39 60
526 39 61
488 39 62
493 39 63
493 39 64
485 39 65
425 39 66
514 39 67
414 39 68
456 39 69
466 39 70
471 39 71
471 39 72
454 39 73
462 39 74
451 39 75
496 39 76
443 39 77
462 39 78
514 39 79
439 39 80
477 39 81
442 39 82
459 39 83
420 39 84
528 39 85
487 39 86
497 39 87
462 39 88
481 39 89
437 39 90
479 39 91
477 39 92
477 39 93
438 39 94
498 39 95
472 39 96
439 39 97
486 39 98
481 39 99
466 39 100
446 40 1
435 40 2
479 40 3
433 40 4
438 40 5
452 40 6
468 40 7
438 40 8
502 40 9
424 40 10
462 40 11
453 40 12
473 40 13
457 40 14
427 40 15
434 40 16
478 40 17
506 40 18
457 40 19
470 40 20
460 40 21
478 40 22
492 40 23
486 40 24
457 40 25
465 40 26
472 40 27
445 40 28
459 40 29
557 40 30
541 40 31
444 40 32
468 40 33
500 40 34
494 40 35
481 40 36
491 40 37
457 40 38
449 40 39
584 40 40
453 40 41
477 40 42
416 40 43
494 40 44
477 40 45
469 40 46
450 40 47
463 40 48
480 40 49
443 40 50
433 40 51
463 40 52
467 40 53
487 40 54
452 40 55
466 40 56
424 40 57
469 40 58
472 40 59
448 40 60
492 40 61
478 40 62
461 40 63
503 40 64
445 40 65
467 40 66
448 40 67
476 40 68
463 40 69
454 40 70
461 40 71
459 40 72
539 40 73
461 40 74
460 40 75
449 40 76
442 40 77
469 40 78
490 40 79
449 40 80
433 40 81
484 40 82
506 40 83
471 40 84
461 40 85
449 40 86
435 40 87
438 40 88
478 40 89
446 40 90
469 40 91
462 40 92
473 40 93
486 40 94
478 40 95
442 40 96
476 40 97
452 40 98
448 40 99
490 40 100
433 41 1
447 41 2
505 41 3
501 41 4
498 41 5
469 41 6
484 41 7
453 41 8
450 41 9
414 41 10
451 41 11
472 41 12
492 41 13
509 41 14
509 41 15
501 41 16
481 41 17
468 41 18
523 41 19
462 41 20
465 41 21
465 41 22
492 41 23
463 41 24
445 41 25
454 41 26
523 41 27
443 41 28
464 41 29
429 41 30
454 41 31
471 41 32
470 41 33
487 41 34
477 41 35
453 41 36
458 41 37
473 41 38
432 41 39
437 41 40
582 41 41
470 41 42
434 41 43
467 41 44
495 41 45
483 41 46
505 41 47
470 41 48
449 41 49
478 41 50
490 41 51
481 41 52
507 41 53
464 41 54
396 41 55
437 41 56
456 41 57
430 41 58
458 41 59
453 41 60
492 41 61
479 41 62
544 41 63
459 41 64
451 41 65
442 41 66
451 41 67
415 41 68
477 41 69
501 41 70
492 41 71
504 41 72
473 41 73
464 41 74
446 41 75
436 41 76
428 41 77
470 41 78
478 41 79
506 41 80
443 41 81
468 41 82
457 41 83
440 41 84
477 41 85
460 41 86
440 41 87
429 41 88
508 41 89
513 41 90
535 41 91
484 41 92
460 41 93
447 41 94
464 41 95
437 41 96
440 41 97
475 41 98
482 41 99
480 41 100
447 42 1
469 42 2
485 42 3
433 42 4
452 42 5
485 42 6
466 42 7
443 42 8
442 42 9
408 42 10
510 42 11
510 42 12
507 42 13
448 42 14
462 42 15
450 42 16
501 42 17
517 42 18
476 42 19
503 42 20
476 42 21
513 42 22
511 42 23
438 42 24
516 42 25
512 42 26
474 42 27
464 42 28
427 42 29
462 42 30
473 42 31
468 42 32
504 42 33
519 42 34
498 42 35
508 42 36
506 42 37
481 42 38
473 42 39
474 42 40
467 42 41
582 42 42
468 42 43
537 42 44
503 42 45
506 42 46
481 42 47
491 42 48
500 42 49
473 42 50
425 42 51
481 42 52
450 42 53
514 42 54
391 42 55
504 42 56
468 42 57
482 42 58
486 42 59
477 42 60
512 42 61
504 42 62
504 42 63
510 42 64
458 42 65
418 42 66
489 42 67
415 42 68
473 42 69
479 42 70
467 42 71
462 42 72
469 42 73
493 42 74
417 42 75
484 42 76
426 42 77
473 42 78
500 42 79
432 42 80
448 42 81
461 42 82
449 42 83
413 42 84
484 42 85
495 42 86
477 42 87
459 42 88
512 42 89
443 42 90
462 42 91
460 42 92
525 42 93
440 42 94
495 42 95
475 42 96
442 42 97
488 42 98
502 42 99
492 42 100
449 43 1
417 43 2
439 43 3
414 43 4
434 43 5
465 43 6
432 43 7
417 43 8
422 43 9
398 43 10
446 43 11
469 43 12
495 43 13
432 43 14
441 43 15
438 43 16
473 43 17
465 43 18
470 43 19
452 43 20
482 43 21
462 43 22
469 43 23
404 43 24
446 43 25
472 43 26
492 43 27
470 43 28
395 43 29
420 43 30
416 43 31
447 43 32
493 43 33
484 43 34
474 43 35
476 43 36
479 43 37
483 43 38
485 43 39
419 43 40
459 43 41
488 43 42
531 43 43
483 43 44
473 43 45
459 43 46
452 43 47
450 43 48
463 43 49
457 43 50
437 43 51
492 43 52
426 43 53
465 43 54
374 43 55
471 43 56
459 43 57
428 43 58
448 43 59
475 43 60
493 43 61
472 43 62
484 43 63
464 43 64
467 43 65
401 43 66
483 43 67
386 43 68
422 43 69
456 43 70
443 43 71
440 43 72
427 43 73
464 43 74
413 43 75
481 43 76
402 43 77
444 43 78
483 43 79
423 43 80
441 43 81
410 43 82
411 43 83
389 43 84
496 43 85
460 43 86
470 43 87
449 43 88
477 43 89
430 43 90
461 43 91
464 43 92
485 43 93
394 43 94
483 43 95
476 43 96
410 43 97
477 43 98
482 43 99
437 43 100
448 44 1
463 44 2
491 44 3
441 44 4
460 44 5
508 44 6
502 44 7
440 44 8
441 44 9
403 44 10
487 44 11
506 44 12
512 44 13
468 44 14
473 44 15
458 44 16
511 44 17
521 44 18
461 44 19
478 44 20
491 44 21
501 44 22
515 44 23
474 44 24
480 44 25
489 44 26
490 44 27
469 44 28
444 44 29
475 44 30
485 44 31
484 44 32
499 44 33
511 44 34
516 44 35
497 44 36
508 44 37
510 44 38
452 44 39
471 44 40
476 44 41
508 44 42
455 44 43
603 44 44
511 44 45
481 44 46
467 44 47
505 44 48
486 44 49
501 44 50
432 44 51
486 44 52
458 44 53
487 44 54
402 44 55
487 44 56
474 44 57
472 44 58
477 44 59
470 44 60
507 44 61
503 44 62
497 44 63
502 44 64
474 44 65
422 44 66
486 44 67
437 44 68
502 44 69
458 44 70
476 44 71
481 44 72
497 44 73
480 44 74
429 44 75
501 44 76
439 44 77
492 44 78
520 44 79
432 44 80
459 44 81
438 44 82
488 44 83
430 44 84
495 44 85
498 44 86
479 44 87
465 44 88
507 44 89
456 44 90
486 44 91
461 44 92
528 44 93
436 44 94
500 44 95
465 44 96
444 44 97
470 44 98
501 44 99
483 44 100
467 45 1
456 45 2
497 45 3
453 45 4
476 45 5
518 45 6
508 45 7
482 45 8
468 45 9
415 45 10
536 45 11
509 45 12
554 45 13
484 45 14
490 45 15
454 45 16
504 45 17
536 45 18
488 45 19
503 45 20
499 45 21
511 45 22
527 45 23
486 45 24
496 45 25
523 45 26
500 45 27
475 45 28
470 45 29
469 45 30
480 45 31
486 45 32
517 45 33
538 45 34
547 45 35
493 45 36
499 45 37
487 45 38
477 45 39
475 45 40
506 45 41
515 45 42
467 45 43
530 45 44
603 45 45
527 45 46
503 45 47
517 45 48
524 45 49
509 45 50
457 45 51
504 45 52
500 45 53
516 45 54
422 45 55
484 45 56
475 45 57
483 45 58
496 45 59
501 45 60
521 45 61
507 45 62
512 45 63
506 45 64
474 45 65
433 45 66
513 45 67
455 45 68
501 45 69
500 45 70
481 45 71
490 45 72
514 45 73
501 45 74
447 45 75
497 45 76
455 45 77
499 45 78
550 45 79
482 45 80
482 45 81
475 45 82
470 45 83
459 45 84
490 45 85
503 45 86
479 45 87
464 45 88
548 45 89
501 45 90
502 45 91
514 45 92
494 45 93
461 45 94
512 45 95
467 45 96
431 45 97
531 45 98
503 45 99
517 45 100
442 46 1
460 46 2
510 46 3
446 46 4
475 46 5
496 46 6
474 46 7
463 46 8
464 46 9
402 46 10
529 46 11
506 46 12
535 46 13
481 46 14
464 46 15
443 46 16
509 46 17
511 46 18
488 46 19
506 46 20
492 46 21
533 46 22
521 46 23
481 46 24
526 46 25
500 46 26
487 46 27
456 46 28
463 46 29
473 46 30
471 46 31
492 46 32
502 46 33
543 46 34
515 46 35
468 46 36
494 46 37
475 46 38
442 46 39
466 46 40
492 46 41
498 46 42
443 46 43
512 46 44
529 46 45
588 46 46
488 46 47
520 46 48
518 46 49
483 46 50
441 46 51
495 46 52
505 46 53
520 46 54
411 46 55
489 46 56
449 46 57
482 46 58
503 46 59
488 46 60
503 46 61
485 46 62
530 46 63
495 46 64
459 46 65
433 46 66
489 46 67
441 46 68
505 46 69
491 46 70
473 46 71
485 46 72
503 46 73
526 46 74
436 46 75
478 46 76
435 46 77
478 46 78
498 46 79
462 46 80
466 46 81
476 46 82
462 46 83
459 46 84
476 46 85
506 46 86
464 46 87
462 46 88
540 46 89
482 46 90
506 46 91
486 46 92
495 46 93
469 46 94
499 46 95
452 46 96
414 46 97
502 46 98
493 46 99
527 46 100
440 47 1
471 47 2
506 47 3
510 47 4
517 47 5
473 47 6
500 47 7
483 47 8
458 47 9
445 47 10
493 47 11
502 47 12
518 47 13
518 47 14
505 47 15
502 47 16
544 47 17
490 47 18
526 47 19
502 47 20
482 47 21
488 47 22
537 47 23
484 47 24
503 47 25
473 47 26
513 47 27
461 47 28
460 47 29
450 47 30
474 47 31
477 47 32
521 47 33
535 47 34
513 47 35
485 47 36
511 47 37
487 47 38
462 47 39
464 47 40
521 47 41
507 47 42
452 47 43
504 47 44
518 47 45
525 47 46
569 47 47
507 47 48
500 47 49
489 47 50
492 47 51
501 47 52
516 47 53
521 47 54
416 47 55
489 47 56
475 47 57
478 47 58
501 47 59
490 47 60
500 47 61
502 47 62
555 47 63
492 47 64
463 47 65
452 47 66
485 47 67
430 47 68
507 47 69
539 47 70
506 47 71
527 47 72
485 47 73
504 47 74
459 47 75
474 47 76
467 47 77
497 47 78
504 47 79
490 47 80
461 47 81
479 47 82
477 47 83
460 47 84
468 47 85
498 47 86
460 47 87
456 47 88
529 47 89
519 47 90
535 47 91
525 47 92
480 47 93
491 47 94
488 47 95
496 47 96
458 47 97
486 47 98
507 47 99
519 47 100
447 48 1
464 48 2
510 48 3
449 48 4
470 48 5
498 48 6
504 48 7
459 48 8
451 48 9
397 48 10
527 48 11
507 48 12
528 48 13
471 48 14
474 48 15
459 48 16
520 48 17
527 48 18
482 48 19
503 48 20
509 48 21
499 48 22
538 48 23
488 48 24
492 48 25
486 48 26
506 48 27
463 48 28
466 48 29
482 48 30
488 48 31
476 48 32
514 48 33
546 48 34
520 48 35
474 48 36
494 48 37
485 48 38
455 48 39
477 48 40
494 48 41
496 48 42
446 48 43
535 48 44
532 48 45
523 48 46
506 48 47
588 48 48
515 48 49
485 48 50
447 48 51
494 48 52
502 48 53
509 48 54
411 48 55
490 48 56
469 48 57
486 48 58
495 48 59
484 48 60
507 48 61
508 48 62
503 48 63
501 48 64
466 48 65
441 48 66
486 48 67
440 48 68
511 48 69
488 48 70
484 48 71
489 48 72
523 48 73
498 48 74
444 48 75
497 48 76
453 48 77
495 48 78
512 48 79
457 48 80
467 48 81
459 48 82
474 48 83
460 48 84
485 48 85
485 48 86
457 48 87
467 48 88
532 48 89
499 48 90
501 48 91
494 48 92
500 48 93
466 48 94
495 48 95
460 48 96
439 48 97
492 48 98
509 48 99
531 48 100
469 49 1
470 49 2
496 49 3
441 49 4
462 49 5
514 49 6
499 49 7
474 49 8
470 49 9
409 49 10
539 49 11
529 49 12
546 49 13
461 49 14
457 49 15
442 49 16
511 49 17
542 49 18
480 49 19
497 49 20
498 49 21
530 49 22
527 49 23
467 49 24
520 49 25
526 49 26
490 49 27
478 49 28
452 49 29
484 49 30
479 49 31
470 49 32
514 49 33
546 49 34
536 49 35
504 49 36
514 49 37
489 49 38
484 49 39
489 49 40
479 49 41
513 49 42
464 49 43
527 49 44
540 49 45
544 49 46
500 49 47
530 49 48
590 49 49
471 49 50
449 49 51
499 49 52
487 49 53
545 49 54
414 49 55
523 49 56
464 49 57
508 49 58
495 49 59
508 49 60
508 49 61
507 49 62
508 49 63
527 49 64
459 49 65
431 49 66
503 49 67
456 49 68
514 49 69
485 49 70
490 49 71
473 49 72
512 49 73
519 49 74
434 49 75
501 49 76
460 49 77
502 49 78
545 49 79
467 49 80
476 49 81
465 49 82
463 49 83
460 49 84
500 49 85
479 49 86
469 49 87
478 49 88
514 49 89
471 49 90
498 49 91
496 49 92
509 49 93
467 49 94
501 49 95
475 49 96
429 49 97
503 49 98
497 49 99
531 49 100
478 50 1
437 50 2
501 50 3
441 50 4
446 50 5
519 50 6
501 50 7
481 50 8
440 50 9
433 50 10
491 50 11
498 50 12
511 50 13
480 50 14
468 50 15
475 50 16
477 50 17
488 50 18
477 50 19
485 50 20
481 50 21
469 50 22
492 50 23
500 50 24
464 50 25
474 50 26
503 50 27
497 50 28
461 50 29
447 50 30
453 50 31
474 50 32
505 50 33
501 50 34
509 50 35
488 50 36
485 50 37
519 50 38
472 50 39
450 50 40
482 50 41
483 50 42
471 50 43
524 50 44
519 50 45
478 50 46
473 50 47
490 50 48
472 50 49
579 50 50
470 50 51
527 50 52
477 50 53
477 50 54
421 50 55
453 50 56
504 50 57
470 50 58
463 50 59
505 50 60
530 50 61
504 50 62
504 50 63
485 50 64
469 50 65
441 50 66
506 50 67
404 50 68
480 50 69
469 50 70
451 50 71
464 50 72
474 50 73
466 50 74
460 50 75
495 50 76
474 50 77
466 50 78
523 50 79
456 50 80
488 50 81
468 50 82
473 50 83
443 50 84
522 50 85
530 50 86
499 50 87
491 50 88
512 50 89
478 50 90
484 50 91
482 50 92
480 50 93
451 50 94
526 50 95
472 50 96
461 50 97
474 50 98
528 50 99
467 50 100
448 51 1
438 51 2
485 51 3
485 51 4
478 51 5
463 51 6
463 51 7
486 51 8
446 51 9
458 51 10
423 51 11
445 51 12
472 51 13
486 51 14
461 51 15
500 51 16
473 51 17
456 51 18
512 51 19
454 51 20
462 51 21
424 51 22
487 51 23
462 51 24
427 51 25
436 51 26
492 51 27
470 51 28
446 51 29
427 51 30
430 51 31
454 51 32
482 51 33
469 51 34
473 51 35
472 51 36
462 51 37
474 51 38
457 51 39
437 51 40
497 51 41
429 51 42
438 51 43
445 51 44
462 51 45
447 51 46
484 51 47
440 51 48
441 51 49
489 51 50
554 51 51
495 51 52
478 51 53
481 51 54
429 51 55
453 51 56
452 51 57
441 51 58
450 51 59
473 51 60
473 51 61
467 51 62
505 51 63
452 51 64
455 51 65
468 51 66
465 51 67
422 51 68
452 51 69
503 51 70
462 51 71
477 51 72
464 51 73
422 51 74
473 51 75
425 51 76
474 51 77
474 51 78
457 51 79
482 51 80
450 51 81
450 51 82
443 51 83
449 51 84
464 51 85
458 51 86
454 51 87
465 51 88
466 51 89
483 51 90
507 51 91
487 51 92
416 51 93
468 51 94
480 51 95
464 51 96
458 51 97
440 51 98
460 51 99
460 51 100
496 52 1
438 52 2
495 52 3
440 52 4
447 52 5
509 52 6
474 52 7
476 52 8
441 52 9
431 52 10
476 52 11
503 52 12
532 52 13
469 52 14
456 52 15
469 52 16
518 52 17
519 52 18
495 52 19
482 52 20
493 52 21
490 52 22
527 52 23
461 52 24
486 52 25
492 52 26
509 52 27
485 52 28
444 52 29
461 52 30
445 52 31
494 52 32
525 52 33
525 52 34
515 52 35
497 52 36
511 52 37
516 52 38
489 52 39
464 52 40
486 52 41
493 52 42
488 52 43
517 52 44
506 52 45
502 52 46
492 52 47
493 52 48
513 52 49
518 52 50
477 52 51
586 52 52
483 52 53
506 52 54
422 52 55
502 52 56
481 52 57
486 52 58
477 52 59
507 52 60
539 52 61
514 52 62
521 52 63
493 52 64
494 52 65
449 52 66
505 52 67
415 52 68
461 52 69
491 52 70
456 52 71
475 52 72
475 52 73
481 52 74
459 52 75
502 52 76
457 52 77
479 52 78
503 52 79
455 52 80
483 52 81
464 52 82
456 52 83
430 52 84
531 52 85
506 52 86
496 52 87
500 52 88
514 52 89
472 52 90
481 52 91
486 52 92
478 52 93
459 52 94
536 52 95
488 52 96
453 52 97
491 52 98
524 52 99
493 52 100
441 53 1
454 53 2
516 53 3
498 53 4
506 53 5
480 53 6
486 53 7
468 53 8
466 53 9
430 53 10
478 53 11
477 53 12
516 53 13
515 53 14
504 53 15
501 53 16
496 53 17
491 53 18
508 53 19
496 53 20
484 53 21
475 53 22
534 53 23
492 53 24
468 53 25
472 53 26
511 53 27
455 53 28
482 53 29
456 53 30
476 53 31
460 53 32
498 53 33
513 53 34
516 53 35
470 53 36
480 53 37
463 53 38
434 53 39
479 53 40
530 53 41
481 53 42
430 53 43
492 53 44
513 53 45
521 53 46
529 53 47
516 53 48
481 53 49
487 53 50
490 53 51
484 53 52
574 53 53
509 53 54
427 53 55
464 53 56
466 53 57
476 53 58
497 53 59
466 53 60
492 53 61
503 53 62
513 53 63
481 53 64
443 53 65
461 53 66
457 53 67
439 53 68
497 53 69
522 53 70
486 53 71
515 53 72
505 53 73
470 53 74
460 53 75
447 53 76
458 53 77
499 53 78
485 53 79
504 53 80
448 53 81
463 53 82
481 53 83
478 53 84
464 53 85
474 53 86
450 53 87
456 53 88
523 53 89
525 53 90
519 53 91
512 53 92
474 53 93
483 53 94
483 53 95
452 53 96
445 53 97
493 53 98
498 53 99
500 53 100
442 54 1
486 54 2
495 54 3
450 54 4
462 54 5
482 54 6
482 54 7
470 54 8
460 54 9
435 54 10
503 54 11
498 54 12
523 54 13
472 54 14
445 54 15
456 54 16
505 54 17
528 54 18
487 54 19
515 54 20
482 54 21
497 54 22
521 54 23
450 54 24
490 54 25
510 54 26
473 54 27
474 54 28
433 54 29
465 54 30
467 54 31
462 54 32
484 54 33
548 54 34
535 54 35
521 54 36
534 54 37
483 54 38
463 54 39
473 54 40
465 54 41
509 54 42
451 54 43
515 54 44
501 54 45
521 54 46
479 54 47
485 54 48
524 54 49
464 54 50
461 54 51
500 54 52
473 54 53
608 54 54
402 54 55
542 54 56
472 54 57
500 54 58
526 54 59
489 54 60
489 54 61
528 54 62
501 54 63
528 54 64
470 54 65
438 54 66
487 54 67
450 54 68
490 54 69
491 54 70
487 54 71
480 54 72
497 54 73
463 54 74
441 54 75
470 54 76
459 54 77
505 54 78
505 54 79
450 54 80
448 54 81
459 54 82
437 54 83
449 54 84
477 54 85
481 54 86
475 54 87
473 54 88
487 54 89
467 54 90
489 54 91
503 54 92
513 54 93
460 54 94
509 54 95
487 54 96
435 54 97
485 54 98
483 54 99
525 54 100
445 55 1
395 55 2
476 55 3
425 55 4
431 55 5
463 55 6
460 55 7
472 55 8
481 55 9
449 55 10
422 55 11
428 55 12
451 55 13
451 55 14
424 55 15
440 55 16
444 55 17
463 55 18
445 55 19
452 55 20
443 55 21
429 55 22
455 55 23
504 55 24
418 55 25
425 55 26
461 55 27
447 55 28
469 55 29
483 55 30
480 55 31
444 55 32
442 55 33
463 55 34
479 55 35
444 55 36
445 55 37
448 55 38
426 55 39
492 55 40
437 55 41
423 55 42
410 55 43
454 55 44
441 55 45
436 55 46
424 55 47
428 55 48
427 55 49
467 55 50
455 55 51
451 55 52
452 55 53
444 55 54
489 55 55
415 55 56
421 55 57
427 55 58
445 55 59
469 55 60
470 55 61
460 55 62
452 55 63
439 55 64
428 55 65
482 55 66
461 55 67
456 55 68
451 55 69
447 55 70
423 55 71
440 55 72
485 55 73
424 55 74
492 55 75
436 55 76
465 55 77
440 55 78
445 55 79
448 55 80
439 55 81
486 55 82
492 55 83
469 55 84
443 55 85
450 55 86
422 55 87
441 55 88
465 55 89
431 55 90
452 55 91
445 55 92
424 55 93
493 55 94
455 55 95
417 55 96
466 55 97
422 55 98
429 55 99
443 55 100
445 56 1
479 56 2
471 56 3
451 56 4
471 56 5
459 56 6
454 56 7
447 56 8
440 56 9
427 56 10
491 56 11
509 56 12
505 56 13
454 56 14
443 56 15
460 56 16
516 56 17
523 56 18
488 56 19
477 56 20
473 56 21
481 56 22
521 56 23
433 56 24
502 56 25
504 56 26
475 56 27
474 56 28
410 56 29
465 56 30
465 56 31
451 56 32
490 56 33
531 56 34
516 56 35
509 56 36
524 56 37
481 56 38
478 56 39
465 56 40
467 56 41
510 56 42
469 56 43
513 56 44
480 56 45
501 56 46
482 56 47
486 56 48
509 56 49
453 56 50
447 56 51
495 56 52
454 56 53
550 56 54
393 56 55
571 56 56
460 56 57
489 56 58
493 56 59
481 56 60
493 56 61
508 56 62
497 56 63
520 56 64
478 56 65
416 56 66
482 56 67
429 56 68
478 56 69
497 56 70
480 56 71
468 56 72
470 56 73
485 56 74
426 56 75
482 56 76
429 56 77
485 56 78
499 56 79
447 56 80
437 56 81
446 56 82
435 56 83
429 56 84
501 56 85
474 56 86
454 56 87
459 56 88
472 56 89
456 56 90
492 56 91
480 56 92
503 56 93
437 56 94
495 56 95
485 56 96
420 56 97
479 56 98
492 56 99
507 56 100
457 57 1
445 57 2
472 57 3
449 57 4
449 57 5
522 57 6
480 57 7
470 57 8
444 57 9
428 57 10
464 57 11
490 57 12
483 57 13
451 57 14
461 57 15
469 57 16
475 57 17
500 57 18
474 57 19
474 57 20
488 57 21
464 57 22
505 57 23
459 57 24
457 57 25
479 57 26
490 57 27
485 57 28
430 57 29
437 57 30
445 57 31
468 57 32
491 57 33
477 57 34
499 57 35
514 57 36
494 57 37
502 57 38
488 57 39
445 57 40
472 57 41
505 57 42
483 57 43
525 57 44
495 57 45
468 57 46
473 57 47
473 57 48
473 57 49
510 57 50
455 57 51
497 57 52
468 57 53
493 57 54
399 57 55
473 57 56
549 57 57
449 57 58
463 57 59
489 57 60
496 57 61
506 57 62
472 57 63
489 57 64
466 57 65
442 57 66
490 57 67
411 57 68
467 57 69
470 57 70
471 57 71
456 57 72
464 57 73
441 57 74
432 57 75
486 57 76
455 57 77
497 57 78
504 57 79
449 57 80
458 57 81
428 57 82
455 57 83
431 57 84
500 57 85
498 57 86
466 57 87
488 57 88
487 57 89
447 57 90
469 57 91
482 57 92
500 57 93
436 57 94
499 57 95
477 57 96
433 57 97
474 57 98
504 57 99
470 57 100
452 58 1
440 58 2
464 58 3
427 58 4
448 58 5
483 58 6
471 58 7
443 58 8
450 58 9
399 58 10
482 58 11
469 58 12
519 58 13
452 58 14
434 58 15
430 58 16
494 58 17
521 58 18
463 58 19
470 58 20
460 58 21
486 58 22
505 58 23
456 58 24
471 58 25
498 58 26
455 58 27
448 58 28
432 58 29
467 58 30
455 58 31
435 58 32
497 58 33
524 58 34
518 58 35
495 58 36
504 58 37
465 58 38
445 58 39
478 58 40
450 58 41
479 58 42
424 58 43
507 58 44
506 58 45
505 58 46
473 58 47
497 58 48
515 58 49
457 58 50
437 58 51
483 58 52
475 58 53
530 58 54
407 58 55
495 58 56
445 58 57
550 58 58
502 58 59
470 58 60
490 58 61
486 58 62
472 58 63
506 58 64
456 58 65
426 58 66
462 58 67
431 58 68
475 58 69
470 58 70
468 58 71
463 58 72
481 58 73
470 58 74
424 58 75
458 58 76
450 58 77
492 58 78
496 58 79
455 58 80
450 58 81
438 58 82
450 58 83
446 58 84
476 58 85
473 58 86
452 58 87
474 58 88
483 58 89
469 58 90
477 58 91
467 58 92
477 58 93
432 58 94
476 58 95
442 58 96
414 58 97
478 58 98
481 58 99
506 58 100
433 59 1
472 59 2
477 59 3
457 59 4
476 59 5
453 59 6
468 59 7
445 59 8
452 59 9
441 59 10
483 59 11
454 59 12
507 59 13
455 59 14
462 59 15
454 59 16
518 59 17
496 59 18
490 59 19
491 59 20
469 59 21
468 59 22
524 59 23
460 59 24
470 59 25
491 59 26
469 59 27
447 59 28
442 59 29
453 59 30
479 59 31
445 59 32
504 59 33
540 59 34
533 59 35
495 59 36
526 59 37
448 59 38
444 59 39
457 59 40
470 59 41
481 59 42
439 59 43
512 59 44
490 59 45
501 59 46
466 59 47
491 59 48
477 59 49
461 59 50
449 59 51
465 59 52
478 59 53
534 59 54
411 59 55
503 59 56
452 59 57
480 59 58
574 59 59
463 59 60
461 59 61
510 59 62
496 59 63
489 59 64
452 59 65
439 59 66
479 59 67
432 59 68
466 59 69
498 59 70
477 59 71
457 59 72
473 59 73
469 59 74
439 59 75
454 59 76
442 59 77
492 59 78
489 59 79
452 59 80
438 59 81
452 59 82
444 59 83
458 59 84
452 59 85
471 59 86
458 59 87
449 59 88
504 59 89
484 59 90
488 59 91
482 59 92
480 59 93
441 59 94
474 59 95
470 59 96
426 59 97
466 59 98
488 59 99
504 59 100
463 60 1
421 60 2
484 60 3
431 60 4
452 60 5
510 60 6
477 60 7
469 60 8
451 60 9
438 60 10
452 60 11
484 60 12
504 60 13
466 60 14
461 60 15
460 60 16
468 60 17
466 60 18
474 60 19
470 60 20
473 60 21
474 60 22
498 60 23
464 60 24
464 60 25
470 60 26
480 60 27
511 60 28
444 60 29
442 60 30
445 60 31
467 60 32
490 60 33
503 60 34
483 60 35
497 60 36
471 60 37
506 60 38
472 60 39
445 60 40
470 60 41
480 60 42
473 60 43
488 60 44
493 60 45
477 60 46
472 60 47
472 60 48
476 60 49
515 60 50
468 60 51
510 60 52
461 60 53
486 60 54
422 60 55
453 60 56
488 60 57
453 60 58
466 60 59
558 60 60
496 60 61
491 60 62
491 60 63
482 60 64
455 60 65
444 60 66
484 60 67
416 60 68
468 60 69
481 60 70
439 60 71
460 60 72
466 60 73
452 60 74
451 60 75
480 60 76
464 60 77
462 60 78
486 60 79
445 60 80
452 60 81
449 60 82
452 60 83
434 60 84
482 60 85
496 60 86
475 60 87
486 60 88
487 60 89
451 60 90
471 60 91
476 60 92
461 60 93
463 60 94
505 60 95
479 60 96
452 60 97
478 60 98
493 60 99
479 60 100
487 61 1
428 61 2
498 61 3
443 61 4
461 61 5
516 61 6
499 61 7
464 61 8
462 61 9
414 61 10
495 61 11
502 61 12
523 61 13
478 61 14
461 61 15
467 61 16
494 61 17
509 61 18
496 61 19
474 61 20
509 61 21
503 61 22
502 61 23
492 61 24
468 61 25
482 61 26
530 61 27
494 61 28
455 61 29
486 61 30
479 61 31
470 61 32
501 61 33
525 61 34
498 61 35
479 61 36
476 61 37
531 61 38
489 61 39
485 61 40
491 61 41
493 61 42
471 61 43
522 61 44
505 61 45
489 61 46
474 61 47
494 61 48
491 61 49
509 61 50
461 61 51
514 61 52
475 61 53
487 61 54
421 61 55
478 61 56
479 61 57
466 61 58
460 61 59
497 61 60
618 61 61
489 61 62
516 61 63
477 61 64
490 61 65
448 61 66
496 61 67
416 61 68
480 61 69
475 61 70
454 61 71
470 61 72
489 61 73
476 61 74
454 61 75
504 61 76
455 61 77
457 61 78
513 61 79
451 61 80
499 61 81
483 61 82
494 61 83
437 61 84
535 61 85
520 61 86
493 61 87
470 61 88
504 61 89
467 61 90
484 61 91
472 61 92
492 61 93
474 61 94
515 61 95
455 61 96
471 61 97
499 61 98
489 61 99
492 61 100
483 62 1
478 62 2
523 62 3
471 62 4
488 62 5
524 62 6
500 62 7
489 62 8
486 62 9
456 62 10
508 62 11
531 62 12
549 62 13
486 62 14
488 62 15
481 62 16
529 62 17
536 62 18
506 62 19
519 62 20
504 62 21
532 62 22
548 62 23
490 62 24
508 62 25
521 62 26
515 62 27
489 62 28
469 62 29
494 62 30
492 62 31
489 62 32
530 62 33
547 62 34
551 62 35
533 62 36
547 62 37
508 62 38
489 62 39
499 62 40
502 62 41
526 62 42
482 62 43
558 62 44
531 62 45
532 62 46
506 62 47
519 62 48
534 62 49
512 62 50
483 62 51
542 62 52
506 62 53
548 62 54
432 62 55
522 62 56
500 62 57
510 62 58
524 62 59
511 62 60
514 62 61
589 62 62
519 62 63
538 62 64
480 62 65
463 62 66
512 62 67
460 62 68
510 62 69
509 62 70
489 62 71
508 62 72
513 62 73
503 62 74
468 62 75
516 62 76
473 62 77
530 62 78
536 62 79
481 62 80
473 62 81
478 62 82
482 62 83
471 62 84
506 62 85
509 62 86
499 62 87
499 62 88
530 62 89
491 62 90
508 62 91
510 62 92
515 62 93
488 62 94
531 62 95
494 62 96
458 62 97
516 62 98
533 62 99
521 62 100
457 63 1
465 63 2
520 63 3
503 63 4
517 63 5
489 63 6
500 63 7
472 63 8
462 63 9
414 63 10
490 63 11
504 63 12
510 63 13
535 63 14
494 63 15
497 63 16
519 63 17
503 63 18
558 63 19
489 63 20
507 63 21
506 63 22
509 63 23
471 63 24
480 63 25
492 63 26
540 63 27
474 63 28
450 63 29
467 63 30
471 63 31
486 63 32
518 63 33
528 63 34
513 63 35
483 63 36
504 63 37
503 63 38
467 63 39
470 63 40
554 63 41
495 63 42
459 63 43
500 63 44
506 63 45
517 63 46
527 63 47
487 63 48
486 63 49
486 63 50
487 63 51
505 63 52
499 63 53
510 63 54
409 63 55
480 63 56
453 63 57
463 63 58
481 63 59
477 63 60
520 63 61
496 63 62
622 63 63
487 63 64
489 63 65
434 63 66
490 63 67
435 63 68
489 63 69
503 63 70
519 63 71
526 63 72
483 63 73
505 63 74
452 63 75
475 63 76
457 63 77
479 63 78
518 63 79
502 63 80
477 63 81
485 63 82
475 63 83
437 63 84
507 63 85
498 63 86
484 63 87
457 63 88
525 63 89
522 63 90
562 63 91
512 63 92
488 63 93
465 63 94
513 63 95
461 63 96
463 63 97
491 63 98
499 63 99
498 63 100
459 64 1
481 64 2
475 64 3
435 64 4
452 64 5
492 64 6
477 64 7
455 64 8
457 64 9
414 64 10
481 64 11
504 64 12
488 64 13
452 64 14
461 64 15
439 64 16
486 64 17
522 64 18
471 64 19
487 64 20
456 64 21
484 64 22
522 64 23
454 64 24
480 64 25
503 64 26
465 64 27
464 64 28
420 64 29
472 64 30
461 64 31
447 64 32
484 64 33
498 64 34
517 64 35
517 64 36
540 64 37
477 64 38
468 64 39
488 64 40
469 64 41
502 64 42
450 64 43
510 64 44
495 64 45
496 64 46
473 64 47
475 64 48
496 64 49
471 64 50
441 64 51
504 64 52
461 64 53
531 64 54
401 64 55
498 64 56
466 64 57
490 64 58
482 64 59
461 64 60
473 64 61
501 64 62
486 64 63
592 64 64
474 64 65
431 64 66
492 64 67
453 64 68
494 64 69
471 64 70
493 64 71
477 64 72
487 64 73
466 64 74
431 64 75
468 64 76
458 64 77
506 64 78
513 64 79
450 64 80
454 64 81
440 64 82
461 64 83
438 64 84
493 64 85
471 64 86
456 64 87
468 64 88
488 64 89
457 64 90
487 64 91
483 64 92
495 64 93
447 64 94
504 64 95
474 64 96
429 64 97
486 64 98
484 64 99
471 64 100
475 65 1
459 65 2
493 65 3
439 65 4
455 65 5
496 65 6
474 65 7
466 65 8
449 65 9
433 65 10
481 65 11
490 65 12
516 65 13
462 65 14
430 65 15
440 65 16
518 65 17
530 65 18
493 65 19
492 65 20
507 65 21
500 65 22
519 65 23
464 65 24
477 65 25
485 65 26
504 65 27
490 65 28
432 65 29
470 65 30
465 65 31
489 65 32
517 65 33
523 65 34
514 65 35
518 65 36
515 65 37
518 65 38
498 65 39
465 65 40
472 65 41
489 65 42
484 65 43
521 65 44
498 65 45
490 65 46
470 65 47
480 65 48
482 65 49
493 65 50
463 65 51
520 65 52
458 65 53
512 65 54
413 65 55
502 65 56
470 65 57
470 65 58
480 65 59
491 65 60
532 65 61
499 65 62
507 65 63
496 65 64
549 65 65
434 65 66
526 65 67
431 65 68
465 65 69
479 65 70
464 65 71
473 65 72
468 65 73
474 65 74
453 65 75
501 65 76
444 65 77
474 65 78
510 65 79
448 65 80
479 65 81
459 65 82
463 65 83
434 65 84
519 65 85
516 65 86
498 65 87
484 65 88
500 65 89
454 65 90
498 65 91
483 65 92
471 65 93
462 65 94
544 65 95
477 65 96
432 65 97
496 65 98
497 65 99
497 65 100
429 66 1
419 66 2
486 66 3
440 66 4
437 66 5
466 66 6
455 66 7
455 66 8
474 66 9
453 66 10
414 66 11
442 66 12
437 66 13
430 66 14
444 66 15
454 66 16
446 66 17
462 66 18
452 66 19
460 66 20
449 66 21
420 66 22
485 66 23
477 66 24
417 66 25
420 66 26
483 66 27
435 66 28
457 66 29
462 66 30
468 66 31
440 66 32
440 66 33
458 66 34
454 66 35
426 66 36
439 66 37
451 66 38
413 66 39
479 66 40
447 66 41
426 66 42
406 66 43
454 66 44
431 66 45
438 66 46
440 66 47
450 66 48
425 66 49
452 66 50
462 66 51
460 66 52
459 66 53
455 66 54
452 66 55
412 66 56
429 66 57
422 66 58
453 66 59
457 66 60
466 66 61
464 66 62
442 66 63
450 66 64
427 66 65
531 66 66
439 66 67
440 66 68
455 66 69
457 66 70
441 66 71
442 66 72
487 66 73
412 66 74
481 66 75
415 66 76
451 66 77
443 66 78
429 66 79
436 66 80
423 66 81
483 66 82
486 66 83
459 66 84
438 66 85
434 66 86
426 66 87
439 66 88
454 66 89
445 66 90
447 66 91
461 66 92
432 66 93
498 66 94
454 66 95
424 66 96
484 66 97
422 66 98
439 66 99
446 66 100
473 67 1
462 67 2
495 67 3
438 67 4
454 67 5
505 67 6
492 67 7
484 67 8
451 67 9
423 67 10
515 67 11
494 67 12
514 67 13
455 67 14
444 67 15
449 67 16
516 67 17
528 67 18
490 67 19
495 67 20
506 67 21
497 67 22
511 67 23
485 67 24
493 67 25
492 67 26
484 67 27
466 67 28
448 67 29
460 67 30
460 67 31
492 67 32
508 67 33
524 67 34
524 67 35
497 67 36
509 67 37
484 67 38
502 67 39
459 67 40
465 67 41
496 67 42
469 67 43
519 67 44
513 67 45
494 67 46
471 67 47
489 67 48
495 67 49
495 67 50
459 67 51
511 67 52
458 67 53
513 67 54
421 67 55
493 67 56
471 67 57
468 67 58
484 67 59
490 67 60
525 67 61
503 67 62
510 67 63
505 67 64
489 67 65
432 67 66
569 67 67
458 67 68
473 67 69
474 67 70
470 67 71
472 67 72
472 67 73
467 67 74
462 67 75
499 67 76
471 67 77
498 67 78
527 67 79
454 67 80
504 67 81
461 67 82
471 67 83
450 67 84
503 67 85
501 67 86
487 67 87
490 67 88
502 67 89
453 67 90
486 67 91
489 67 92
476 67 93
479 67 94
528 67 95
479 67 96
436 67 97
487 67 98
474 67 99
487 67 100
419 68 1
441 68 2
483 68 3
428 68 4
445 68 5
455 68 6
467 68 7
468 68 8
486 68 9
423 68 10
449 68 11
447 68 12
447 68 13
453 68 14
426 68 15
427 68 16
446 68 17
485 68 18
445 68 19
446 68 20
430 68 21
447 68 22
456 68 23
480 68 24
434 68 25
443 68 26
449 68 27
436 68 28
471 68 29
480 68 30
481 68 31
456 68 32
428 68 33
456 68 34
463 68 35
444 68 36
454 68 37
428 68 38
433 68 39
485 68 40
446 68 41
429 68 42
388 68 43
459 68 44
461 68 45
456 68 46
430 68 47
448 68 48
451 68 49
434 68 50
454 68 51
437 68 52
452 68 53
463 68 54
437 68 55
436 68 56
408 68 57
435 68 58
441 68 59
453 68 60
442 68 61
450 68 62
451 68 63
474 68 64
425 68 65
450 68 66
461 68 67
524 68 68
474 68 69
429 68 70
455 68 71
440 68 72
502 68 73
423 68 74
453 68 75
418 68 76
465 68 77
477 68 78
464 68 79
456 68 80
434 68 81
465 68 82
482 68 83
460 68 84
424 68 85
437 68 86
412 68 87
443 68 88
445 68 89
432 68 90
475 68 91
454 68 92
434 68 93
480 68 94
455 68 95
430 68 96
441 68 97
435 68 98
419 68 99
462 68 100
432 69 1
482 69 2
491 69 3
464 69 4
479 69 5
467 69 6
492 69 7
461 69 8
479 69 9
411 69 10
496 69 11
502 69 12
491 69 13
477 69 14
492 69 15
455 69 16
465 69 17
482 69 18
468 69 19
488 69 20
434 69 21
477 69 22
488 69 23
493 69 24
483 69 25
473 69 26
484 69 27
450 69 28
472 69 29
468 69 30
481 69 31
460 69 32
446 69 33
493 69 34
492 69 35
449 69 36
461 69 37
471 69 38
422 69 39
462 69 40
491 69 41
476 69 42
427 69 43
494 69 44
506 69 45
497 69 46
478 69 47
503 69 48
488 69 49
474 69 50
449 69 51
455 69 52
475 69 53
488 69 54
414 69 55
459 69 56
452 69 57
451 69 58
468 69 59
460 69 60
470 69 61
482 69 62
489 69 63
497 69 64
426 69 65
427 69 66
449 69 67
463 69 68
580 69 69
463 69 70
494 69 71
481 69 72
510 69 73
484 69 74
435 69 75
465 69 76
449 69 77
492 69 78
502 69 79
464 69 80
431 69 81
464 69 82
473 69 83
452 69 84
452 69 85
459 69 86
442 69 87
423 69 88
501 69 89
476 69 90
489 69 91
478 69 92
486 69 93
464 69 94
455 69 95
448 69 96
444 69 97
470 69 98
479 69 99
495 69 100
448 70 1
456 70 2
489 70 3
494 70 4
494 70 5
448 70 6
455 70 7
455 70 8
444 70 9
454 70 10
453 70 11
479 70 12
512 70 13
478 70 14
486 70 15
493 70 16
523 70 17
472 70 18
516 70 19
471 70 20
461 70 21
454 70 22
541 70 23
459 70 24
471 70 25
462 70 26
490 70 27
453 70 28
439 70 29
439 70 30
467 70 31
449 70 32
500 70 33
525 70 34
511 70 35
487 70 36
496 70 37
461 70 38
440 70 39
452 70 40
512 70 41
489 70 42
448 70 43
474 70 44
491 70 45
496 70 46
511 70 47
478 70 48
470 70 49
485 70 50
491 70 51
499 70 52
492 70 53
507 70 54
417 70 55
494 70 56
461 70 57
468 70 58
498 70 59
473 70 60
492 70 61
493 70 62
515 70 63
474 70 64
452 70 65
460 70 66
462 70 67
409 70 68
469 70 69
571 70 70
467 70 71
483 70 72
465 70 73
471 70 74
453 70 75
441 70 76
449 70 77
470 70 78
470 70 79
483 70 80
424 70 81
463 70 82
447 70 83
449 70 84
466 70 85
481 70 86
454 70 87
449 70 88
510 70 89
493 70 90
501 70 91
488 70 92
445 70 93
465 70 94
474 70 95
465 70 96
451 70 97
472 70 98
501 70 99
489 70 100
435 71 1
488 71 2
494 71 3
504 71 4
507 71 5
465 71 6
488 71 7
448 71 8
470 71 9
415 71 10
485 71 11
487 71 12
478 71 13
485 71 14
488 71 15
482 71 16
503 71 17
511 71 18
531 71 19
477 71 20
473 71 21
477 71 22
513 71 23
462 71 24
477 71 25
487 71 26
503 71 27
450 71 28
435 71 29
468 71 30
476 71 31
468 71 32
497 71 33
503 71 34
506 71 35
466 71 36
516 71 37
465 71 38
459 71 39
469 71 40
523 71 41
494 71 42
443 71 43
508 71 44
494 71 45
485 71 46
518 71 47
486 71 48
486 71 49
450 71 50
460 71 51
466 71 52
485 71 53
513 71 54
387 71 55
493 71 56
462 71 57
467 71 58
489 71 59
439 71 60
474 71 61
481 71 62
544 71 63
519 71 64
457 71 65
425 71 66
483 71 67
452 71 68
501 71 69
491 71 70
570 71 71
502 71 72
488 71 73
486 71 74
434 71 75
464 71 76
449 71 77
492 71 78
512 71 79
489 71 80
454 71 81
445 71 82
465 71 83
439 71 84
473 71 85
451 71 86
452 71 87
438 71 88
501 71 89
498 71 90
538 71 91
511 71 92
499 71 93
442 71 94
477 71 95
457 71 96
434 71 97
460 71 98
477 71 99
484 71 100
439 72 1
455 72 2
514 72 3
477 72 4
487 72 5
472 72 6
502 72 7
465 72 8
443 72 9
401 72 10
478 72 11
480 72 12
501 72 13
515 72 14
494 72 15
470 72 16
506 72 17
490 72 18
491 72 19
484 72 20
480 72 21
490 72 22
505 72 23
473 72 24
474 72 25
444 72 26
515 72 27
443 72 28
448 72 29
461 72 30
457 72 31
476 72 32
481 72 33
509 72 34
482 72 35
474 72 36
489 72 37
495 72 38
438 72 39
458 72 40
519 72 41
478 72 42
431 72 43
491 72 44
503 72 45
496 72 46
524 72 47
486 72 48
469 72 49
473 72 50
474 72 51
490 72 52
493 72 53
490 72 54
408 72 55
462 72 56
450 72 57
454 72 58
448 72 59
455 72 60
487 72 61
473 72 62
530 72 63
485 72 64
462 72 65
425 72 66
455 72 67
428 72 68
501 72 69
487 72 70
500 72 71
572 72 72
485 72 73
479 72 74
446 72 75
472 72 76
439 72 77
493 72 78
478 72 79
467 72 80
451 72 81
459 72 82
467 72 83
428 72 84
474 72 85
489 72 86
456 72 87
432 72 88
506 72 89
500 72 90
538 72 91
506 72 92
479 72 93
460 72 94
483 72 95
458 72 96
442 72 97
472 72 98
488 72 99
510 72 100
430 73 1
448 73 2
501 73 3
443 73 4
453 73 5
480 73 6
501 73 7
461 73 8
501 73 9
418 73 10
491 73 11
485 73 12
490 73 13
469 73 14
463 73 15
448 73 16
472 73 17
512 73 18
455 73 19
482 73 20
466 73 21
489 73 22
495 73 23
520 73 24
469 73 25
472 73 26
476 73 27
442 73 28
482 73 29
538 73 30
530 73 31
454 73 32
458 73 33
502 73 34
492 73 35
462 73 36
474 73 37
471 73 38
432 73 39
524 73 40
476 73 41
477 73 42
411 73 43
501 73 44
504 73 45
496 73 46
468 73 47
498 73 48
488 73 49
471 73 50
442 73 51
456 73 52
483 73 53
499 73 54
448 73 55
455 73 56
433 73 57
448 73 58
471 73 59
476 73 60
483 73 61
481 73 62
477 73 63
505 73 64
434 73 65
462 73 66
461 73 67
487 73 68
499 73 69
460 73 70
468 73 71
475 73 72
601 73 73
462 73 74
469 73 75
450 73 76
457 73 77
479 73 78
495 73 79
457 73 80
450 73 81
498 73 82
503 73 83
481 73 84
455 73 85
456 73 86
424 73 87
434 73 88
489 73 89
472 73 90
487 73 91
464 73 92
482 73 93
494 73 94
464 73 95
427 73 96
467 73 97
458 73 98
464 73 99
504 73 100
439 74 1
447 74 2
501 74 3
434 74 4
453 74 5
454 74 6
460 74 7
430 74 8
461 74 9
384 74 10
501 74 11
497 74 12
513 74 13
450 74 14
452 74 15
420 74 16
488 74 17
476 74 18
481 74 19
479 74 20
481 74 21
517 74 22
487 74 23
441 74 24
502 74 25
470 74 26
505 74 27
438 74 28
438 74 29
469 74 30
466 74 31
466 74 32
495 74 33
521 74 34
485 74 35
459 74 36
496 74 37
465 74 38
448 74 39
466 74 40
473 74 41
490 74 42
461 74 43
501 74 44
487 74 45
516 74 46
489 74 47
490 74 48
514 74 49
444 74 50
421 74 51
474 74 52
461 74 53
475 74 54
393 74 55
475 74 56
426 74 57
460 74 58
463 74 59
457 74 60
489 74 61
484 74 62
516 74 63
476 74 64
450 74 65
406 74 66
460 74 67
420 74 68
487 74 69
463 74 70
471 74 71
474 74 72
465 74 73
565 74 74
418 74 75
497 74 76
419 74 77
455 74 78
504 74 79
434 74 80
446 74 81
466 74 82
440 74 83
418 74 84
484 74 85
465 74 86
469 74 87
431 74 88
523 74 89
461 74 90
484 74 91
477 74 92
484 74 93
451 74 94
485 74 95
455 74 96
420 74 97
478 74 98
492 74 99
499 74 100
432 75 1
429 75 2
496 75 3
456 75 4
459 75 5
456 75 6
471 75 7
481 75 8
484 75 9
466 75 10
443 75 11
444 75 12
466 75 13
470 75 14
453 75 15
462 75 16
481 75 17
466 75 18
482 75 19
454 75 20
456 75 21
434 75 22
482 75 23
497 75 24
442 75 25
437 75 26
487 75 27
465 75 28
460 75 29
485 75 30
498 75 31
464 75 32
468 75 33
488 75 34
484 75 35
449 75 36
463 75 37
474 75 38
442 75 39
480 75 40
478 75 41
456 75 42
421 75 43
469 75 44
454 75 45
458 75 46
467 75 47
452 75 48
436 75 49
469 75 50
470 75 51
466 75 52
463 75 53
466 75 54
464 75 55
439 75 56
434 75 57
418 75 58
465 75 59
466 75 60
469 75 61
466 75 62
490 75 63
459 75 64
445 75 65
495 75 66
471 75 67
465 75 68
458 75 69
477 75 70
456 75 71
472 75 72
493 75 73
441 75 74
529 75 75
435 75 76
466 75 77
453 75 78
451 75 79
458 75 80
441 75 81
494 75 82
500 75 83
468 75 84
445 75 85
464 75 86
442 75 87
429 75 88
482 75 89
466 75 90
492 75 91
457 75 92
439 75 93
501 75 94
467 75 95
439 75 96
491 75 97
436 75 98
455 75 99
465 75 100
470 76 1
443 76 2
481 76 3
416 76 4
436 76 5
503 76 6
498 76 7
452 76 8
454 76 9
388 76 10
506 76 11
492 76 12
518 76 13
448 76 14
448 76 15
423 76 16
490 76 17
513 76 18
455 76 19
488 76 20
506 76 21
518 76 22
490 76 23
473 76 24
483 76 25
485 76 26
515 76 27
464 76 28
445 76 29
472 76 30
464 76 31
468 76 32
502 76 33
513 76 34
496 76 35
477 76 36
493 76 37
513 76 38
483 76 39
456 76 40
467 76 41
497 76 42
481 76 43
541 76 44
501 76 45
481 76 46
467 76 47
497 76 48
500 76 49
483 76 50
412 76 51
493 76 52
445 76 53
483 76 54
412 76 55
476 76 56
472 76 57
443 76 58
459 76 59
492 76 60
537 76 61
497 76 62
496 76 63
483 76 64
482 76 65
422 76 66
499 76 67
415 76 68
485 76 69
449 76 70
457 76 71
475 76 72
482 76 73
496 76 74
440 76 75
566 76 76
432 76 77
456 76 78
515 76 79
421 76 80
491 76 81
464 76 82
465 76 83
421 76 84
523 76 85
499 76 86
494 76 87
452 76 88
508 76 89
442 76 90
477 76 91
467 76 92
505 76 93
458 76 94
505 76 95
468 76 96
448 76 97
486 76 98
495 76 99
480 76 100
447 77 1
428 77 2
479 77 3
443 77 4
446 77 5
480 77 6
482 77 7
495 77 8
461 77 9
447 77 10
447 77 11
456 77 12
463 77 13
459 77 14
454 77 15
471 77 16
455 77 17
470 77 18
468 77 19
464 77 20
450 77 21
434 77 22
476 77 23
491 77 24
436 77 25
451 77 26
466 77 27
470 77 28
459 77 29
447 77 30
451 77 31
447 77 32
465 77 33
455 77 34
471 77 35
454 77 36
462 77 37
476 77 38
442 77 39
458 77 40
460 77 41
457 77 42
421 77 43
470 77 44
463 77 45
457 77 46
466 77 47
455 77 48
451 77 49
492 77 50
481 77 51
478 77 52
467 77 53
472 77 54
437 77 55
438 77 56
454 77 57
427 77 58
446 77 59
479 77 60
472 77 61
474 77 62
473 77 63
470 77 64
438 77 65
466 77 66
478 77 67
455 77 68
472 77 69
451 77 70
456 77 71
441 77 72
487 77 73
424 77 74
467 77 75
435 77 76
531 77 77
467 77 78
485 77 79
460 77 80
461 77 81
463 77 82
482 77 83
458 77 84
455 77 85
465 77 86
456 77 87
462 77 88
462 77 89
449 77 90
466 77 91
455 77 92
445 77 93
477 77 94
484 77 95
445 77 96
474 77 97
435 77 98
454 77 99
451 77 100
445 78 1
469 78 2
467 78 3
454 78 4
462 78 5
481 78 6
476 78 7
463 78 8
468 78 9
426 78 10
469 78 11
482 78 12
480 78 13
453 78 14
457 78 15
450 78 16
489 78 17
515 78 18
473 78 19
488 78 20
460 78 21
473 78 22
513 78 23
465 78 24
467 78 25
465 78 26
456 78 27
435 78 28
453 78 29
467 78 30
466 78 31
456 78 32
475 78 33
475 78 34
502 78 35
506 78 36
506 78 37
465 78 38
452 78 39
476 78 40
469 78 41
482 78 42
435 78 43
505 78 44
499 78 45
475 78 46
465 78 47
477 78 48
477 78 49
463 78 50
465 78 51
487 78 52
476 78 53
506 78 54
407 78 55
479 78 56
475 78 57
470 78 58
482 78 59
460 78 60
457 78 61
499 78 62
463 78 63
515 78 64
449 78 65
435 78 66
491 78 67
470 78 68
489 78 69
469 78 70
481 78 71
478 78 72
490 78 73
436 78 74
436 78 75
457 78 76
444 78 77
565 78 78
488 78 79
462 78 80
441 78 81
432 78 82
469 78 83
453 78 84
445 78 85
456 78 86
427 78 87
464 78 88
471 78 89
456 78 90
486 78 91
488 78 92
474 78 93
447 78 94
481 78 95
478 78 96
424 78 97
477 78 98
463 78 99
496 78 100
467 79 1
460 79 2
499 79 3
447 79 4
472 79 5
516 79 6
500 79 7
463 79 8
457 79 9
399 79 10
542 79 11
507 79 12
529 79 13
469 79 14
480 79 15
453 79 16
517 79 17
503 79 18
496 79 19
485 79 20
513 79 21
509 79 22
513 79 23
480 79 24
490 79 25
514 79 26
511 79 27
490 79 28
447 79 29
470 79 30
481 79 31
474 79 32
528 79 33
534 79 34
521 79 35
501 79 36
529 79 37
497 79 38
485 79 39
478 79 40
499 79 41
502 79 42
472 79 43
534 79 44
543 79 45
517 79 46
500 79 47
521 79 48
519 79 49
505 79 50
442 79 51
502 79 52
493 79 53
508 79 54
410 79 55
488 79 56
483 79 57
483 79 58
497 79 59
483 79 60
524 79 61
504 79 62
517 79 63
517 79 64
479 79 65
419 79 66
509 79 67
448 79 68
500 79 69
480 79 70
496 79 71
478 79 72
479 79 73
509 79 74
426 79 75
516 79 76
466 79 77
485 79 78
596 79 79
470 79 80
487 79 81
456 79 82
472 79 83
451 79 84
512 79 85
500 79 86
492 79 87
473 79 88
529 79 89
481 79 90
499 79 91
506 79 92
496 79 93
453 79 94
525 79 95
467 79 96
437 79 97
518 79 98
519 79 99
497 79 100
435 80 1
445 80 2
499 80 3
492 80 4
498 80 5
473 80 6
480 80 7
464 80 8
471 80 9
432 80 10
442 80 11
468 80 12
482 80 13
490 80 14
482 80 15
483 80 16
461 80 17
472 80 18
506 80 19
437 80 20
436 80 21
456 80 22
483 80 23
488 80 24
445 80 25
463 80 26
481 80 27
446 80 28
449 80 29
445 80 30
464 80 31
448 80 32
462 80 33
473 80 34
503 80 35
459 80 36
459 80 37
456 80 38
435 80 39
459 80 40
524 80 41
460 80 42
414 80 43
464 80 44
489 80 45
477 80 46
490 80 47
464 80 48
465 80 49
463 80 50
484 80 51
463 80 52
502 80 53
470 80 54
424 80 55
454 80 56
449 80 57
458 80 58
462 80 59
453 80 60
462 80 61
479 80 62
517 80 63
480 80 64
432 80 65
442 80 66
445 80 67
443 80 68
480 80 69
483 80 70
488 80 71
480 80 72
491 80 73
456 80 74
449 80 75
425 80 76
448 80 77
475 80 78
486 80 79
547 80 80
432 80 81
465 80 82
470 80 83
471 80 84
459 80 85
445 80 86
428 80 87
429 80 88
490 80 89
498 80 90
511 80 91
472 80 92
443 80 93
455 80 94
455 80 95
424 80 96
445 80 97
458 80 98
477 80 99
454 80 100
477 81 1
431 81 2
496 81 3
426 81 4
443 81 5
497 81 6
505 81 7
462 81 8
443 81 9
390 81 10
499 81 11
459 81 12
511 81 13
454 81 14
443 81 15
440 81 16
474 81 17
502 81 18
468 81 19
491 81 20
504 81 21
484 81 22
472 81 23
479 81 24
452 81 25
464 81 26
507 81 27
450 81 28
456 81 29
441 81 30
441 81 31
472 81 32
487 81 33
504 81 34
498 81 35
466 81 36
480 81 37
476 81 38
473 81 39
442 81 40
469 81 41
461 81 42
452 81 43
509 81 44
490 81 45
472 81 46
452 81 47
469 81 48
475 81 49
490 81 50
449 81 51
492 81 52
464 81 53
479 81 54
407 81 55
439 81 56
459 81 57
455 81 58
457 81 59
467 81 60
530 81 61
474 81 62
480 81 63
461 81 64
471 81 65
427 81 66
524 81 67
424 81 68
463 81 69
446 81 70
447 81 71
456 81 72
465 81 73
467 81 74
436 81 75
499 81 76
445 81 77
464 81 78
495 81 79
432 81 80
543 81 81
452 81 82
465 81 83
432 81 84
507 81 85
509 81 86
482 81 87
469 81 88
502 81 89
459 81 90
479 81 91
475 81 92
474 81 93
459 81 94
504 81 95
453 81 96
426 81 97
462 81 98
465 81 99
481 81 100
441 82 1
443 82 2
527 82 3
453 82 4
454 82 5
467 82 6
506 82 7
480 82 8
486 82 9
434 82 10
485 82 11
475 82 12
494 82 13
475 82 14
457 82 15
450 82 16
479 82 17
501 82 18
484 82 19
489 82 20
468 82 21
489 82 22
475 82 23
509 82 24
462 82 25
453 82 26
509 82 27
454 82 28
487 82 29
498 82 30
509 82 31
461 82 32
469 82 33
504 82 34
486 82 35
460 82 36
461 82 37
482 82 38
443 82 39
496 82 40
485 82 41
465 82 42
421 82 43
475 82 44
488 82 45
480 82 46
478 82 47
475 82 48
471 82 49
484 82 50
468 82 51
475 82 52
477 82 53
484 82 54
461 82 55
446 82 56
428 82 57
444 82 58
464 82 59
472 82 60
522 82 61
488 82 62
512 82 63
462 82 64
459 82 65
474 82 66
467 82 67
446 82 68
474 82 69
472 82 70
445 82 71
476 82 72
523 82 73
468 82 74
481 82 75
465 82 76
459 82 77
458 82 78
478 82 79
459 82 80
467 82 81
561 82 82
497 82 83
465 82 84
480 82 85
484 82 86
466 82 87
444 82 88
493 82 89
470 82 90
483 82 91
478 82 92
455 82 93
513 82 94
481 82 95
445 82 96
487 82 97
467 82 98
475 82 99
506 82 100
454 83 1
430 83 2
502 83 3
439 83 4
447 83 5
490 83 6
502 83 7
459 83 8
502 83 9
437 83 10
473 83 11
477 83 12
480 83 13
453 83 14
461 83 15
443 83 16
470 83 17
497 83 18
456 83 19
465 83 20
466 83 21
480 83 22
484 83 23
529 83 24
457 83 25
449 83 26
490 83 27
467 83 28
474 83 29
516 83 30
540 83 31
454 83 32
468 83 33
483 83 34
485 83 35
453 83 36
465 83 37
485 83 38
435 83 39
515 83 40
462 83 41
461 83 42
419 83 43
509 83 44
479 83 45
471 83 46
451 83 47
486 83 48
469 83 49
493 83 50
443 83 51
456 83 52
464 83 53
454 83 54
451 83 55
436 83 56
449 83 57
442 83 58
456 83 59
475 83 60
504 83 61
472 83 62
470 83 63
473 83 64
451 83 65
478 83 66
468 83 67
466 83 68
490 83 69
452 83 70
448 83 71
464 83 72
525 83 73
465 83 74
479 83 75
462 83 76
462 83 77
468 83 78
487 83 79
452 83 80
457 83 81
489 83 82
568 83 83
477 83 84
469 83 85
492 83 86
444 83 87
441 83 88
487 83 89
452 83 90
475 83 91
454 83 92
458 83 93
501 83 94
475 83 95
432 83 96
489 83 97
455 83 98
460 83 99
482 83 100
426 84 1
446 84 2
501 84 3
468 84 4
469 84 5
473 84 6
491 84 7
493 84 8
508 84 9
455 84 10
446 84 11
441 84 12
476 84 13
465 84 14
452 84 15
466 84 16
477 84 17
478 84 18
482 84 19
466 84 20
453 84 21
441 84 22
498 84 23
512 84 24
449 84 25
445 84 26
468 84 27
437 84 28
482 84 29
465 84 30
479 84 31
470 84 32
474 84 33
471 84 34
508 84 35
456 84 36
470 84 37
448 84 38
426 84 39
485 84 40
474 84 41
444 84 42
413 84 43
474 84 44
479 84 45
476 84 46
472 84 47
478 84 48
464 84 49
472 84 50
479 84 51
456 84 52
499 84 53
484 84 54
435 84 55
442 84 56
437 84 57
451 84 58
479 84 59
468 84 60
447 84 61
480 84 62
475 84 63
473 84 64
429 84 65
475 84 66
468 84 67
474 84 68
482 84 69
482 84 70
469 84 71
460 84 72
516 84 73
449 84 74
469 84 75
426 84 76
471 84 77
486 84 78
469 84 79
497 84 80
447 84 81
466 84 82
489 84 83
530 84 84
425 84 85
455 84 86
419 84 87
460 84 88
491 84 89
473 84 90
498 84 91
474 84 92
428 84 93
491 84 94
469 84 95
426 84 96
446 84 97
438 84 98
455 84 99
467 84 100
504 85 1
437 85 2
501 85 3
449 85 4
459 85 5
531 85 6
503 85 7
473 85 8
451 85 9
414 85 10
491 85 11
497 85 12
520 85 13
484 85 14
462 85 15
478 85 16
491 85 17
512 85 18
492 85 19
478 85 20
525 85 21
499 85 22
501 85 23
473 85 24
464 85 25
497 85 26
552 85 27
504 85 28
442 85 29
469 85 30
461 85 31
478 85 32
517 85 33
523 85 34
508 85 35
493 85 36
500 85 37
527 85 38
509 85 39
467 85 40
494 85 41
496 85 42
497 85 43
523 85 44
507 85 45
486 85 46
476 85 47
485 85 48
499 85 49
522 85 50
472 85 51
528 85 52
476 85 53
500 85 54
424 85 55
483 85 56
502 85 57
468 85 58
465 85 59
498 85 60
571 85 61
496 85 62
520 85 63
493 85 64
509 85 65
436 85 66
521 85 67
408 85 68
472 85 69
468 85 70
471 85 71
480 85 72
468 85 73
482 85 74
449 85 75
524 85 76
455 85 77
453 85 78
538 85 79
462 85 80
508 85 81
470 85 82
463 85 83
429 85 84
585 85 85
517 85 86
519 85 87
485 85 88
506 85 89
470 85 90
493 85 91
499 85 92
501 85 93
456 85 94
535 85 95
479 85 96
458 85 97
495 85 98
517 85 99
484 85 100
478 86 1
462 86 2
514 86 3
455 86 4
480 86 5
505 86 6
493 86 7
465 86 8
434 86 9
425 86 10
493 86 11
510 86 12
527 86 13
487 86 14
480 86 15
467 86 16
508 86 17
503 86 18
495 86 19
494 86 20
496 86 21
501 86 22
506 86 23
493 86 24
489 86 25
476 86 26
505 86 27
479 86 28
463 86 29
454 86 30
465 86 31
496 86 32
519 86 33
530 86 34
501 86 35
486 86 36
486 86 37
518 86 38
473 86 39
452 86 40
492 86 41
501 86 42
477 86 43
537 86 44
510 86 45
503 86 46
486 86 47
500 86 48
491 86 49
531 86 50
462 86 51
516 86 52
473 86 53
486 86 54
419 86 55
478 86 56
481 86 57
481 86 58
471 86 59
500 86 60
538 86 61
493 86 62
526 86 63
477 86 64
491 86 65
434 86 66
514 86 67
420 86 68
483 86 69
482 86 70
461 86 71
492 86 72
474 86 73
489 86 74
451 86 75
509 86 76
460 86 77
485 86 78
508 86 79
452 86 80
496 86 81
466 86 82
474 86 83
435 86 84
509 86 85
583 86 86
502 86 87
486 86 88
518 86 89
481 86 90
501 86 91
483 86 92
485 86 93
463 86 94
534 86 95
493 86 96
453 86 97
488 86 98
515 86 99
504 86 100
482 87 1
454 87 2
501 87 3
430 87 4
443 87 5
490 87 6
469 87 7
446 87 8
436 87 9
419 87 10
478 87 11
478 87 12
515 87 13
454 87 14
441 87 15
435 87 16
493 87 17
496 87 18
486 87 19
474 87 20
493 87 21
490 87 22
487 87 23
458 87 24
456 87 25
477 87 26
517 87 27
478 87 28
434 87 29
446 87 30
436 87 31
466 87 32
510 87 33
502 87 34
486 87 35
460 87 36
487 87 37
494 87 38
501 87 39
434 87 40
466 87 41
483 87 42
480 87 43
503 87 44
481 87 45
479 87 46
464 87 47
461 87 48
480 87 49
496 87 50
442 87 51
505 87 52
440 87 53
490 87 54
398 87 55
465 87 56
468 87 57
450 87 58
460 87 59
480 87 60
537 87 61
482 87 62
514 87 63
472 87 64
495 87 65
431 87 66
502 87 67
401 87 68
449 87 69
463 87 70
452 87 71
459 87 72
442 87 73
480 87 74
436 87 75
512 87 76
448 87 77
438 87 78
510 87 79
427 87 80
495 87 81
470 87 82
453 87 83
411 87 84
529 87 85
511 87 86
551 87 87
466 87 88
495 87 89
442 87 90
466 87 91
472 87 92
464 87 93
456 87 94
532 87 95
464 87 96
457 87 97
476 87 98
491 87 99
462 87 100
467 88 1
435 88 2
496 88 3
427 88 4
431 88 5
507 88 6
472 88 7
467 88 8
426 88 9
413 88 10
467 88 11
470 88 12
490 88 13
452 88 14
432 88 15
444 88 16
479 88 17
502 88 18
470 88 19
486 88 20
501 88 21
469 88 22
487 88 23
449 88 24
454 88 25
461 88 26
484 88 27
471 88 28
447 88 29
443 88 30
428 88 31
477 88 32
503 88 33
487 88 34
486 88 35
498 88 36
495 88 37
476 88 38
481 88 39
450 88 40
451 88 41
470 88 42
461 88 43
500 88 44
478 88 45
473 88 46
461 88 47
477 88 48
474 88 49
507 88 50
463 88 51
518 88 52
457 88 53
496 88 54
411 88 55
464 88 56
479 88 57
478 88 58
463 88 59
481 88 60
500 88 61
499 88 62
479 88 63
483 88 64
485 88 65
434 88 66
509 88 67
419 88 68
443 88 69
454 88 70
448 88 71
440 88 72
456 88 73
441 88 74
432 88 75
471 88 76
456 88 77
491 88 78
490 88 79
434 88 80
493 88 81
445 88 82
445 88 83
428 88 84
507 88 85
498 88 86
482 88 87
543 88 88
477 88 89
438 88 90
469 88 91
472 88 92
463 88 93
453 88 94
530 88 95
472 88 96
421 88 97
461 88 98
474 88 99
473 88 100
473 89 1
473 89 2
530 89 3
479 89 4
489 89 5
499 89 6
504 89 7
463 89 8
483 89 9
430 89 10
511 89 11
516 89 12
543 89 13
499 89 14
497 89 15
471 89 16
518 89 17
507 89 18
511 89 19
514 89 20
503 89 21
521 89 22
543 89 23
500 89 24
504 89 25
501 89 26
529 89 27
482 89 28
477 89 29
477 89 30
499 89 31
488 89 32
511 89 33
549 89 34
541 89 35
488 89 36
510 89 37
500 89 38
465 89 39
485 89 40
530 89 41
516 89 42
482 89 43
538 89 44
544 89 45
531 89 46
510 89 47
530 89 48
507 89 49
513 89 50
457 89 51
511 89 52
511 89 53
515 89 54
426 89 55
474 89 56
479 89 57
474 89 58
508 89 59
494 89 60
523 89 61
519 89 62
544 89 63
513 89 64
479 89 65
455 89 66
501 89 67
441 89 68
517 89 69
509 89 70
494 89 71
510 89 72
513 89 73
523 89 74
460 89 75
506 89 76
448 89 77
487 89 78
526 89 79
484 89 80
482 89 81
485 89 82
488 89 83
464 89 84
503 89 85
513 89 86
484 89 87
456 89 88
603 89 89
514 89 90
516 89 91
512 89 92
499 89 93
480 89 94
511 89 95
471 89 96
462 89 97
514 89 98
527 89 99
498 89 100
425 90 1
452 90 2
486 90 3
513 90 4
525 90 5
448 90 6
484 90 7
442 90 8
434 90 9
412 90 10
457 90 11
453 90 12
492 90 13
508 90 14
507 90 15
494 90 16
486 90 17
468 90 18
526 90 19
463 90 20
461 90 21
448 90 22
492 90 23
461 90 24
439 90 25
444 90 26
516 90 27
438 90 28
439 90 29
434 90 30
460 90 31
437 90 32
482 90 33
514 90 34
495 90 35
451 90 36
472 90 37
453 90 38
423 90 39
439 90 40
540 90 41
458 90 42
424 90 43
473 90 44
498 90 45
476 90 46
505 90 47
477 90 48
448 90 49
469 90 50
483 90 51
455 90 52
509 90 53
486 90 54
395 90 55
450 90 56
447 90 57
455 90 58
483 90 59
433 90 60
478 90 61
461 90 62
533 90 63
464 90 64
449 90 65
436 90 66
443 90 67
418 90 68
474 90 69
503 90 70
502 90 71
502 90 72
473 90 73
463 90 74
443 90 75
422 90 76
440 90 77
480 90 78
463 90 79
490 90 80
452 90 81
443 90 82
448 90 83
435 90 84
461 90 85
474 90 86
431 90 87
424 90 88
513 90 89
575 90 90
542 90 91
496 90 92
465 90 93
441 90 94
456 90 95
448 90 96
441 90 97
456 90 98
490 90 99
493 90 100
452 91 1
454 91 2
491 91 3
507 91 4
521 91 5
468 91 6
495 91 7
450 91 8
448 91 9
404 91 10
466 91 11
466 91 12
505 91 13
522 91 14
504 91 15
485 91 16
507 91 17
485 91 18
522 91 19
456 91 20
473 91 21
468 91 22
498 91 23
464 91 24
453 91 25
463 91 26
508 91 27
447 91 28
440 91 29
442 91 30
454 91 31
452 91 32
488 91 33
499 91 34
492 91 35
472 91 36
490 91 37
479 91 38
443 91 39
447 91 40
540 91 41
461 91 42
433 91 43
488 91 44
502 91 45
484 91 46
510 91 47
476 91 48
468 91 49
474 91 50
472 91 51
469 91 52
498 91 53
482 91 54
383 91 55
461 91 56
446 91 57
467 91 58
476 91 59
447 91 60
486 91 61
461 91 62
551 91 63
475 91 64
469 91 65
416 91 66
460 91 67
429 91 68
486 91 69
495 91 70
514 91 71
515 91 72
480 91 73
473 91 74
436 91 75
446 91 76
440 91 77
486 91 78
491 91 79
499 91 80
451 91 81
441 91 82
460 91 83
435 91 84
477 91 85
475 91 86
445 91 87
440 91 88
494 91 89
530 91 90
588 91 91
499 91 92
474 91 93
438 91 94
476 91 95
452 91 96
438 91 97
472 91 98
484 91 99
491 91 100
450 92 1
466 92 2
511 92 3
488 92 4
499 92 5
485 92 6
496 92 7
481 92 8
470 92 9
436 92 10
492 92 11
466 92 12
498 92 13
501 92 14
478 92 15
479 92 16
507 92 17
504 92 18
512 92 19
500 92 20
483 92 21
461 92 22
524 92 23
477 92 24
451 92 25
474 92 26
528 92 27
466 92 28
462 92 29
451 92 30
472 92 31
467 92 32
497 92 33
529 92 34
508 92 35
481 92 36
516 92 37
470 92 38
465 92 39
481 92 40
497 92 41
467 92 42
454 92 43
504 92 44
517 92 45
488 92 46
499 92 47
493 92 48
487 92 49
473 92 50
489 92 51
493 92 52
507 92 53
528 92 54
432 92 55
479 92 56
479 92 57
462 92 58
499 92 59
467 92 60
486 92 61
500 92 62
510 92 63
496 92 64
467 92 65
457 92 66
480 92 67
460 92 68
497 92 69
488 92 70
509 92 71
502 92 72
485 92 73
466 92 74
451 92 75
475 92 76
462 92 77
501 92 78
514 92 79
475 92 80
464 92 81
470 92 82
462 92 83
457 92 84
484 92 85
467 92 86
468 92 87
458 92 88
517 92 89
503 92 90
511 92 91
579 92 92
471 92 93
482 92 94
502 92 95
498 92 96
455 92 97
494 92 98
483 92 99
510 92 100
445 93 1
474 93 2
485 93 3
434 93 4
455 93 5
496 93 6
504 93 7
448 93 8
445 93 9
397 93 10
519 93 11
515 93 12
519 93 13
469 93 14
474 93 15
448 93 16
491 93 17
522 93 18
463 93 19
488 93 20
484 93 21
519 93 22
495 93 23
459 93 24
492 93 25
513 93 26
493 93 27
476 93 28
444 93 29
474 93 30
466 93 31
476 93 32
496 93 33
513 93 34
504 93 35
502 93 36
509 93 37
520 93 38
457 93 39
469 93 40
480 93 41
534 93 42
464 93 43
560 93 44
515 93 45
513 93 46
478 93 47
504 93 48
504 93 49
480 93 50
421 93 51
486 93 52
464 93 53
512 93 54
401 93 55
504 93 56
485 93 57
483 93 58
484 93 59
469 93 60
520 93 61
504 93 62
503 93 63
521 93 64
464 93 65
426 93 66
482 93 67
430 93 68
511 93 69
453 93 70
489 93 71
485 93 72
489 93 73
491 93 74
429 93 75
505 93 76
436 93 77
492 93 78
520 93 79
433 93 80
463 93 81
450 93 82
455 93 83
423 93 84
496 93 85
488 93 86
464 93 87
458 93 88
503 93 89
466 93 90
490 93 91
474 93 92
577 93 93
427 93 94
491 93 95
472 93 96
442 93 97
478 93 98
502 93 99
505 93 100
441 94 1
423 94 2
518 94 3
447 94 4
458 94 5
463 94 6
470 94 7
484 94 8
491 94 9
450 94 10
446 94 11
438 94 12
480 94 13
463 94 14
445 94 15
448 94 16
462 94 17
469 94 18
480 94 19
477 94 20
466 94 21
443 94 22
496 94 23
482 94 24
451 94 25
438 94 26
483 94 27
445 94 28
465 94 29
475 94 30
490 94 31
453 94 32
465 94 33
491 94 34
472 94 35
443 94 36
463 94 37
457 94 38
435 94 39
491 94 40
460 94 41
447 94 42
401 94 43
457 94 44
455 94 45
481 94 46
480 94 47
473 94 48
458 94 49
462 94 50
462 94 51
464 94 52
485 94 53
476 94 54
448 94 55
430 94 56
424 94 57
438 94 58
454 94 59
467 94 60
481 94 61
467 94 62
477 94 63
466 94 64
444 94 65
489 94 66
460 94 67
457 94 68
474 94 69
470 94 70
439 94 71
467 94 72
498 94 73
446 94 74
485 94 75
440 94 76
469 94 77
447 94 78
456 94 79
444 94 80
443 94 81
491 94 82
502 94 83
479 94 84
443 94 85
463 94 86
458 94 87
444 94 88
488 94 89
455 94 90
476 94 91
472 94 92
426 94 93
560 94 94
491 94 95
426 94 96
474 94 97
453 94 98
451 94 99
475 94 100
486 95 1
440 95 2
513 95 3
432 95 4
459 95 5
514 95 6
480 95 7
480 95 8
434 95 9
429 95 10
475 95 11
478 95 12
515 95 13
468 95 14
447 95 15
455 95 16
479 95 17
500 95 18
489 95 19
489 95 20
510 95 21
468 95 22
510 95 23
457 95 24
448 95 25
467 95 26
520 95 27
472 95 28
443 95 29
446 95 30
434 95 31
490 95 32
512 95 33
494 95 34
498 95 35
498 95 36
504 95 37
495 95 38
491 95 39
453 95 40
473 95 41
478 95 42
481 95 43
511 95 44
494 95 45
482 95 46
471 95 47
485 95 48
473 95 49
514 95 50
467 95 51
540 95 52
481 95 53
498 95 54
405 95 55
476 95 56
480 95 57
464 95 58
470 95 59
473 95 60
520 95 61
508 95 62
508 95 63
484 95 64
507 95 65
437 95 66
499 95 67
413 95 68
459 95 69
464 95 70
459 95 71
463 95 72
445 95 73
459 95 74
435 95 75
503 95 76
459 95 77
479 95 78
521 95 79
450 95 80
488 95 81
451 95 82
446 95 83
432 95 84
520 95 85
521 95 86
504 95 87
502 95 88
497 95 89
460 95 90
486 95 91
511 95 92
468 95 93
457 95 94
591 95 95
486 95 96
453 95 97
493 95 98
505 95 99
473 95 100
455 96 1
453 96 2
471 96 3
446 96 4
464 96 5
470 96 6
461 96 7
456 96 8
431 96 9
449 96 10
469 96 11
493 96 12
484 96 13
463 96 14
467 96 15
477 96 16
501 96 17
491 96 18
488 96 19
486 96 20
480 96 21
465 96 22
505 96 23
450 96 24
467 96 25
478 96 26
496 96 27
491 96 28
441 96 29
447 96 30
452 96 31
465 96 32
496 96 33
515 96 34
478 96 35
506 96 36
495 96 37
489 96 38
487 96 39
457 96 40
464 96 41
506 96 42
490 96 43
501 96 44
481 96 45
475 96 46
483 96 47
469 96 48
476 96 49
493 96 50
465 96 51
520 96 52
459 96 53
503 96 54
413 96 55
498 96 56
484 96 57
461 96 58
478 96 59
495 96 60
506 96 61
511 96 62
494 96 63
497 96 64
468 96 65
451 96 66
495 96 67
434 96 68
471 96 69
486 96 70
459 96 71
465 96 72
456 96 73
454 96 74
457 96 75
482 96 76
466 96 77
494 96 78
484 96 79
434 96 80
460 96 81
456 96 82
448 96 83
417 96 84
489 96 85
502 96 86
479 96 87
479 96 88
484 96 89
462 96 90
466 96 91
495 96 92
489 96 93
448 96 94
500 96 95
549 96 96
461 96 97
482 96 98
494 96 99
497 96 100
447 97 1
429 97 2
503 97 3
457 97 4
452 97 5
477 97 6
479 97 7
458 97 8
481 97 9
450 97 10
434 97 11
468 97 12
459 97 13
474 97 14
461 97 15
475 97 16
457 97 17
461 97 18
476 97 19
438 97 20
452 97 21
446 97 22
472 97 23
488 97 24
426 97 25
432 97 26
514 97 27
472 97 28
452 97 29
495 97 30
497 97 31
452 97 32
457 97 33
473 97 34
454 97 35
448 97 36
448 97 37
490 97 38
447 97 39
494 97 40
479 97 41
462 97 42
419 97 43
476 97 44
444 97 45
442 97 46
466 97 47
453 97 48
434 97 49
480 97 50
464 97 51
470 97 52
458 97 53
453 97 54
451 97 55
437 97 56
444 97 57
418 97 58
443 97 59
464 97 60
501 97 61
475 97 62
497 97 63
457 97 64
445 97 65
485 97 66
443 97 67
431 97 68
466 97 69
458 97 70
448 97 71
464 97 72
491 97 73
446 97 74
488 97 75
452 97 76
464 97 77
447 97 78
470 97 79
455 97 80
439 97 81
499 97 82
505 97 83
444 97 84
472 97 85
464 97 86
457 97 87
430 97 88
472 97 89
466 97 90
478 97 91
461 97 92
457 97 93
492 97 94
478 97 95
445 97 96
541 97 97
449 97 98
475 97 99
461 97 100
467 98 1
440 98 2
486 98 3
431 98 4
453 98 5
498 98 6
458 98 7
442 98 8
451 98 9
385 98 10
480 98 11
497 98 12
526 98 13
463 98 14
457 98 15
438 98 16
474 98 17
512 98 18
479 98 19
484 98 20
499 98 21
514 98 22
497 98 23
440 98 24
459 98 25
497 98 26
486 98 27
459 98 28
433 98 29
461 98 30
459 98 31
467 98 32
478 98 33
502 98 34
476 98 35
494 98 36
494 98 37
483 98 38
474 98 39
474 98 40
485 98 41
506 98 42
464 98 43
491 98 44
519 98 45
501 98 46
467 98 47
479 98 48
507 98 49
459 98 50
436 98 51
487 98 52
473 98 53
503 98 54
390 98 55
479 98 56
455 98 57
452 98 58
471 98 59
475 98 60
518 98 61
490 98 62
497 98 63
493 98 64
467 98 65
407 98 66
464 98 67
430 98 68
464 98 69
469 98 70
457 98 71
471 98 72
473 98 73
466 98 74
414 98 75
475 98 76
422 98 77
481 98 78
522 98 79
447 98 80
442 98 81
447 98 82
453 98 83
425 98 84
485 98 85
476 98 86
474 98 87
458 98 88
511 98 89
445 98 90
479 98 91
485 98 92
473 98 93
439 98 94
515 98 95
455 98 96
425 98 97
572 98 98
490 98 99
482 98 100
475 99 1
469 99 2
497 99 3
461 99 4
469 99 5
487 99 6
476 99 7
461 99 8
439 99 9
423 99 10
492 99 11
513 99 12
527 99 13
479 99 14
475 99 15
466 99 16
518 99 17
509 99 18
485 99 19
507 99 20
475 99 21
495 99 22
537 99 23
487 99 24
497 99 25
489 99 26
494 99 27
460 99 28
442 99 29
469 99 30
460 99 31
479 99 32
523 99 33
527 99 34
535 99 35
507 99 36
506 99 37
496 99 38
463 99 39
464 99 40
498 99 41
514 99 42
465 99 43
525 99 44
511 99 45
515 99 46
502 99 47
511 99 48
501 99 49
528 99 50
459 99 51
525 99 52
493 99 53
515 99 54
418 99 55
501 99 56
484 99 57
489 99 58
493 99 59
492 99 60
514 99 61
520 99 62
520 99 63
504 99 64
478 99 65
445 99 66
484 99 67
411 99 68
492 99 69
505 99 70
474 99 71
485 99 72
485 99 73
497 99 74
446 99 75
495 99 76
451 99 77
484 99 78
511 99 79
462 99 80
455 99 81
461 99 82
454 99 83
446 99 84
499 99 85
518 99 86
488 99 87
480 99 88
529 99 89
489 99 90
503 99 91
484 99 92
499 99 93
465 99 94
531 99 95
479 99 96
450 99 97
494 99 98
574 99 99
507 99 100
441 100 1
462 100 2
495 100 3
442 100 4
458 100 5
479 100 6
491 100 7
450 100 8
454 100 9
414 100 10
519 100 11
498 100 12
524 100 13
466 100 14
462 100 15
444 100 16
522 100 17
523 100 18
468 100 19
499 100 20
474 100 21
505 100 22
506 100 23
466 100 24
492 100 25
484 100 26
488 100 27
447 100 28
467 100 29
480 100 30
500 100 31
467 100 32
508 100 33
538 100 34
518 100 35
513 100 36
505 100 37
467 100 38
444 100 39
476 100 40
478 100 41
488 100 42
431 100 43
507 100 44
510 100 45
523 100 46
479 100 47
503 100 48
509 100 49
461 100 50
443 100 51
484 100 52
483 100 53
518 100 54
415 100 55
493 100 56
452 100 57
482 100 58
508 100 59
473 100 60
506 100 61
495 100 62
489 100 63
487 100 64
467 100 65
438 100 66
483 100 67
447 100 68
503 100 69
488 100 70
476 100 71
483 100 72
503 100 73
503 100 74
443 100 75
474 100 76
436 100 77
500 100 78
491 100 79
445 100 80
451 100 81
471 100 82
457 100 83
438 100 84
464 100 85
484 100 86
456 100 87
455 100 88
486 100 89
484 100 90
507 100 91
478 100 92
497 100 93
464 100 94
477 100 95
466 100 96
436 100 97
486 100 98
473 100 99
601 100 100
