988 1 1
753 1 2
840 1 3
763 1 4
781 1 5
883 1 6
822 1 7
799 1 8
786 1 9
720 1 10
837 1 11
842 1 12
938 1 13
797 1 14
815 1 15
791 1 16
865 1 17
904 1 18
848 1 19
856 1 20
897 1 21
851 1 22
899 1 23
818 1 24
823 1 25
885 1 26
887 1 27
855 1 28
762 1 29
815 1 30
803 1 31
798 1 32
891 1 33
912 1 34
898 1 35
878 1 36
895 1 37
877 1 38
886 1 39
815 1 40
818 1 41
864 1 42
877 1 43
889 1 44
881 1 45
861 1 46
819 1 47
841 1 48
896 1 49
896 1 50
788 1 51
930 1 52
830 1 53
860 1 54
739 1 55
871 1 56
840 1 57
855 1 58
862 1 59
885 1 60
972 1 61
895 1 62
845 1 63
856 1 64
852 1 65
766 1 66
911 1 67
725 1 68
812 1 69
853 1 70
796 1 71
818 1 72
822 1 73
839 1 74
774 1 75
901 1 76
787 1 77
823 1 78
920 1 79
791 1 80
855 1 81
771 1 82
838 1 83
745 1 84
940 1 85
894 1 86
875 1 87
850 1 88
888 1 89
794 1 90
837 1 91
848 1 92
829 1 93
791 1 94
926 1 95
824 1 96
771 1 97
908 1 98
899 1 99
850 1 100
752 2 1
1009 2 2
910 2 3
847 2 4
832 2 5
817 2 6
845 2 7
793 2 8
816 2 9
760 2 10
890 2 11
927 2 12
872 2 13
819 2 14
854 2 15
795 2 16
889 2 17
932 2 18
869 2 19
916 2 20
811 2 21
892 2 22
896 2 23
824 2 24
906 2 25
860 2 26
854 2 27
800 2 28
795 2 29
856 2 30
855 2 31
853 2 32
854 2 33
891 2 34
928 2 35
873 2 36
911 2 37
844 2 38
821 2 39
828 2 40
871 2 41
901 2 42
784 2 43
931 2 44
874 2 45
891 2 46
860 2 47
877 2 48
857 2 49
839 2 50
784 2 51
856 2 52
792 2 53
929 2 54
714 2 55
898 2 56
821 2 57
836 2 58
885 2 59
800 2 60
851 2 61
910 2 62
910 2 63
925 2 64
842 2 65
755 2 66
843 2 67
791 2 68
922 2 69
840 2 70
924 2 71
875 2 72
868 2 73
860 2 74
782 2 75
853 2 76
784 2 77
887 2 78
884 2 79
791 2 80
779 2 81
831 2 82
822 2 83
768 2 84
813 2 85
843 2 86
846 2 87
793 2 88
893 2 89
834 2 90
882 2 91
870 2 92
898 2 93
806 2 94
868 2 95
819 2 96
783 2 97
824 2 98
869 2 99
871 2 100
828 3 1
866 3 2
1135 3 3
877 3 4
884 3 5
946 3 6
956 3 7
878 3 8
873 3 9
791 3 10
901 3 11
934 3 12
959 3 13
932 3 14
923 3 15
861 3 16
901 3 17
925 3 18
919 3 19
940 3 20
923 3 21
937 3 22
956 3 23
893 3 24
879 3 25
845 3 26
974 3 27
869 3 28
926 3 29
871 3 30
888 3 31
941 3 32
878 3 33
962 3 34
893 3 35
882 3 36
882 3 37
899 3 38
843 3 39
878 3 40
934 3 41
877 3 42
799 3 43
945 3 44
923 3 45
945 3 46
909 3 47
940 3 48
896 3 49
916 3 50
897 3 51
925 3 52
919 3 53
931 3 54
787 3 55
841 3 56
812 3 57
855 3 58
882 3 59
910 3 60
934 3 61
934 3 62
982 3 63
879 3 64
886 3 65
844 3 66
890 3 67
836 3 68
927 3 69
879 3 70
880 3 71
947 3 72
931 3 73
914 3 74
857 3 75
886 3 76
849 3 77
897 3 78
908 3 79
855 3 80
886 3 81
929 3 82
884 3 83
829 3 84
888 3 85
915 3 86
906 3 87
897 3 88
966 3 89
914 3 90
950 3 91
938 3 92
861 3 93
939 3 94
959 3 95
832 3 96
853 3 97
883 3 98
903 3 99
943 3 100
772 4 1
853 4 2
915 4 3
1034 4 4
975 4 5
783 4 6
849 4 7
817 4 8
837 4 9
802 4 10
820 4 11
830 4 12
866 4 13
906 4 14
911 4 15
915 4 16
897 4 17
858 4 18
998 4 19
858 4 20
807 4 21
796 4 22
939 4 23
845 4 24
815 4 25
798 4 26
897 4 27
783 4 28
814 4 29
792 4 30
855 4 31
810 4 32
867 4 33
894 4 34
900 4 35
823 4 36
852 4 37
783 4 38
792 4 39
815 4 40
979 4 41
819 4 42
762 4 43
838 4 44
872 4 45
849 4 46
930 4 47
849 4 48
803 4 49
850 4 50
919 4 51
845 4 52
925 4 53
887 4 54
728 4 55
825 4 56
799 4 57
803 4 58
883 4 59
780 4 60
840 4 61
857 4 62
974 4 63
837 4 64
814 4 65
814 4 66
818 4 67
787 4 68
852 4 69
937 4 70
938 4 71
894 4 72
866 4 73
816 4 74
804 4 75
752 4 76
816 4 77
884 4 78
855 4 79
918 4 80
808 4 81
836 4 82
842 4 83
827 4 84
798 4 85
823 4 86
778 4 87
787 4 88
910 4 89
962 4 90
985 4 91
929 4 92
789 4 93
841 4 94
832 4 95
811 4 96
811 4 97
825 4 98
865 4 99
870 4 100
788 5 1
810 5 2
895 5 3
961 5 4
1064 5 5
815 5 6
870 5 7
816 5 8
821 5 9
783 5 10
856 5 11
846 5 12
905 5 13
968 5 14
932 5 15
922 5 16
916 5 17
861 5 18
987 5 19
864 5 20
817 5 21
840 5 22
951 5 23
851 5 24
838 5 25
845 5 26
899 5 27
820 5 28
805 5 29
803 5 30
859 5 31
815 5 32
891 5 33
953 5 34
892 5 35
820 5 36
862 5 37
825 5 38
796 5 39
819 5 40
965 5 41
846 5 42
776 5 43
883 5 44
897 5 45
906 5 46
947 5 47
891 5 48
843 5 49
850 5 50
884 5 51
855 5 52
928 5 53
906 5 54
725 5 55
839 5 56
802 5 57
830 5 58
885 5 59
797 5 60
885 5 61
844 5 62
1006 5 63
872 5 64
829 5 65
782 5 66
824 5 67
822 5 68
884 5 69
932 5 70
926 5 71
934 5 72
857 5 73
865 5 74
799 5 75
800 5 76
820 5 77
881 5 78
876 5 79
922 5 80
819 5 81
816 5 82
856 5 83
790 5 84
833 5 85
882 5 86
794 5 87
781 5 88
921 5 89
988 5 90
1004 5 91
950 5 92
852 5 93
841 5 94
852 5 95
861 5 96
810 5 97
853 5 98
888 5 99
893 5 100
878 6 1
810 6 2
933 6 3
823 6 4
856 6 5
1088 6 6
990 6 7
874 6 8
862 6 9
749 6 10
924 6 11
932 6 12
938 6 13
893 6 14
884 6 15
845 6 16
885 6 17
970 6 18
883 6 19
890 6 20
939 6 21
936 6 22
948 6 23
887 6 24
847 6 25
930 6 26
978 6 27
913 6 28
849 6 29
848 6 30
858 6 31
896 6 32
917 6 33
923 6 34
920 6 35
908 6 36
903 6 37
946 6 38
912 6 39
868 6 40
903 6 41
905 6 42
864 6 43
988 6 44
980 6 45
923 6 46
892 6 47
920 6 48
918 6 49
939 6 50
842 6 51
938 6 52
899 6 53
932 6 54
767 6 55
847 6 56
936 6 57
841 6 58
875 6 59
940 6 60
984 6 61
925 6 62
949 6 63
947 6 64
890 6 65
807 6 66
923 6 67
826 6 68
925 6 69
837 6 70
911 6 71
898 6 72
922 6 73
858 6 74
817 6 75
940 6 76
834 6 77
914 6 78
991 6 79
852 6 80
892 6 81
835 6 82
897 6 83
798 6 84
971 6 85
913 6 86
886 6 87
894 6 88
929 6 89
890 6 90
913 6 91
938 6 92
928 6 93
836 6 94
950 6 95
851 6 96
832 6 97
922 6 98
919 6 99
896 6 100
819 7 1
816 7 2
967 7 3
861 7 4
874 7 5
930 7 6
1073 7 7
911 7 8
878 7 9
780 7 10
932 7 11
865 7 12
950 7 13
924 7 14
914 7 15
864 7 16
920 7 17
914 7 18
905 7 19
907 7 20
883 7 21
898 7 22
884 7 23
964 7 24
840 7 25
863 7 26
970 7 27
873 7 28
921 7 29
859 7 30
902 7 31
875 7 32
927 7 33
953 7 34
944 7 35
861 7 36
882 7 37
929 7 38
846 7 39
857 7 40
909 7 41
885 7 42
812 7 43
970 7 44
954 7 45
918 7 46
917 7 47
931 7 48
894 7 49
950 7 50
873 7 51
899 7 52
893 7 53
906 7 54
786 7 55
830 7 56
881 7 57
843 7 58
887 7 59
877 7 60
950 7 61
927 7 62
953 7 63
870 7 64
841 7 65
823 7 66
915 7 67
820 7 68
928 7 69
853 7 70
874 7 71
931 7 72
946 7 73
876 7 74
853 7 75
921 7 76
868 7 77
887 7 78
946 7 79
857 7 80
905 7 81
920 7 82
929 7 83
855 7 84
898 7 85
939 7 86
890 7 87
847 7 88
934 7 89
917 7 90
930 7 91
911 7 92
921 7 93
884 7 94
908 7 95
847 7 96
864 7 97
839 7 98
914 7 99
926 7 100
796 8 1
798 8 2
907 8 3
823 8 4
852 8 5
932 8 6
922 8 7
998 8 8
864 8 9
801 8 10
835 8 11
822 8 12
887 8 13
890 8 14
818 8 15
858 8 16
859 8 17
915 8 18
888 8 19
878 8 20
839 8 21
849 8 22
880 8 23
889 8 24
843 8 25
838 8 26
888 8 27
869 8 28
870 8 29
819 8 30
801 8 31
913 8 32
841 8 33
844 8 34
910 8 35
857 8 36
837 8 37
879 8 38
851 8 39
838 8 40
880 8 41
829 8 42
803 8 43
873 8 44
907 8 45
901 8 46
850 8 47
823 8 48
852 8 49
900 8 50
914 8 51
898 8 52
886 8 53
907 8 54
792 8 55
820 8 56
840 8 57
800 8 58
837 8 59
898 8 60
877 8 61
878 8 62
896 8 63
862 8 64
834 8 65
818 8 66
900 8 67
865 8 68
866 8 69
856 8 70
850 8 71
872 8 72
874 8 73
791 8 74
860 8 75
838 8 76
866 8 77
903 8 78
872 8 79
883 8 80
851 8 81
857 8 82
846 8 83
864 8 84
835 8 85
868 8 86
817 8 87
870 8 88
880 8 89
838 8 90
900 8 91
916 8 92
821 8 93
876 8 94
905 8 95
825 8 96
811 8 97
841 8 98
834 8 99
859 8 100
789 9 1
814 9 2
912 9 3
842 9 4
835 9 5
851 9 6
872 9 7
860 9 8
1030 9 9
848 9 10
816 9 11
820 9 12
872 9 13
831 9 14
814 9 15
818 9 16
859 9 17
876 9 18
886 9 19
832 9 20
837 9 21
842 9 22
888 9 23
902 9 24
828 9 25
852 9 26
888 9 27
841 9 28
862 9 29
913 9 30
962 9 31
838 9 32
847 9 33
874 9 34
903 9 35
836 9 36
871 9 37
841 9 38
834 9 39
956 9 40
844 9 41
838 9 42
777 9 43
867 9 44
855 9 45
886 9 46
851 9 47
843 9 48
874 9 49
816 9 50
832 9 51
841 9 52
883 9 53
897 9 54
799 9 55
842 9 56
801 9 57
812 9 58
862 9 59
854 9 60
863 9 61
884 9 62
883 9 63
874 9 64
809 9 65
873 9 66
844 9 67
898 9 68
874 9 69
858 9 70
860 9 71
836 9 72
935 9 73
838 9 74
875 9 75
816 9 76
830 9 77
871 9 78
893 9 79
866 9 80
781 9 81
892 9 82
937 9 83
911 9 84
812 9 85
807 9 86
801 9 87
794 9 88
878 9 89
808 9 90
875 9 91
882 9 92
824 9 93
925 9 94
838 9 95
799 9 96
854 9 97
843 9 98
826 9 99
839 9 100
735 10 1
750 10 2
841 10 3
835 10 4
825 10 5
779 10 6
781 10 7
818 10 8
841 10 9
945 10 10
679 10 11
749 10 12
777 10 13
823 10 14
797 10 15
842 10 16
799 10 17
774 10 18
845 10 19
752 10 20
729 10 21
707 10 22
843 10 23
796 10 24
734 10 25
748 10 26
817 10 27
798 10 28
791 10 29
783 10 30
822 10 31
764 10 32
778 10 33
807 10 34
834 10 35
825 10 36
812 10 37
773 10 38
768 10 39
825 10 40
813 10 41
762 10 42
742 10 43
790 10 44
765 10 45
747 10 46
790 10 47
742 10 48
734 10 49
808 10 50
866 10 51
816 10 52
793 10 53
822 10 54
790 10 55
774 10 56
783 10 57
752 10 58
830 10 59
802 10 60
774 10 61
860 10 62
811 10 63
808 10 64
785 10 65
868 10 66
783 10 67
774 10 68
773 10 69
839 10 70
773 10 71
779 10 72
788 10 73
713 10 74
845 10 75
705 10 76
800 10 77
829 10 78
783 10 79
834 10 80
700 10 81
807 10 82
814 10 83
800 10 84
739 10 85
774 10 86
744 10 87
775 10 88
792 10 89
803 10 90
824 10 91
817 10 92
723 10 93
831 10 94
800 10 95
794 10 96
837 10 97
738 10 98
784 10 99
774 10 100
829 11 1
865 11 2
932 11 3
806 11 4
857 11 5
922 11 6
955 11 7
831 11 8
845 11 9
707 11 10
1111 11 11
963 11 12
987 11 13
852 11 14
867 11 15
797 11 16
942 11 17
986 11 18
879 11 19
946 11 20
891 11 21
975 11 22
936 11 23
872 11 24
963 11 25
985 11 26
922 11 27
890 11 28
822 11 29
874 11 30
914 11 31
845 11 32
928 11 33
1030 11 34
961 11 35
902 11 36
906 11 37
896 11 38
854 11 39
863 11 40
902 11 41
966 11 42
842 11 43
951 11 44
1010 11 45
985 11 46
903 11 47
996 11 48
999 11 49
892 11 50
786 11 51
880 11 52
876 11 53
976 11 54
732 11 55
915 11 56
815 11 57
893 11 58
919 11 59
885 11 60
977 11 61
905 11 62
957 11 63
930 11 64
849 11 65
757 11 66
934 11 67
821 11 68
950 11 69
868 11 70
891 11 71
892 11 72
929 11 73
947 11 74
774 11 75
931 11 76
813 11 77
878 11 78
996 11 79
828 11 80
895 11 81
880 11 82
860 11 83
814 11 84
902 11 85
910 11 86
861 11 87
835 11 88
954 11 89
907 11 90
922 11 91
913 11 92
950 11 93
834 11 94
892 11 95
837 11 96
799 11 97
920 11 98
908 11 99
996 11 100
804 12 1
890 12 2
932 12 3
798 12 4
845 12 5
892 12 6
851 12 7
773 12 8
787 12 9
721 12 10
927 12 11
1112 12 12
938 12 13
838 12 14
866 12 15
784 12 16
887 12 17
936 12 18
839 12 19
873 12 20
833 12 21
975 12 22
931 12 23
836 12 24
959 12 25
921 12 26
849 12 27
850 12 28
768 12 29
857 12 30
870 12 31
857 12 32
854 12 33
928 12 34
896 12 35
893 12 36
866 12 37
894 12 38
838 12 39
839 12 40
874 12 41
935 12 42
834 12 43
955 12 44
918 12 45
949 12 46
862 12 47
899 12 48
945 12 49
864 12 50
766 12 51
910 12 52
808 12 53
902 12 54
708 12 55
919 12 56
811 12 57
858 12 58
836 12 59
881 12 60
940 12 61
908 12 62
941 12 63
954 12 64
850 12 65
753 12 66
897 12 67
797 12 68
955 12 69
851 12 70
872 12 71
863 12 72
879 12 73
905 12 74
764 12 75
884 12 76
780 12 77
870 12 78
925 12 79
799 12 80
811 12 81
819 12 82
843 12 83
737 12 84
875 12 85
908 12 86
838 12 87
835 12 88
907 12 89
831 12 90
859 12 91
834 12 92
932 12 93
810 12 94
882 12 95
844 12 96
786 12 97
877 12 98
910 12 99
911 12 100
902 13 1
852 13 2
982 13 3
860 13 4
913 13 5
946 13 6
938 13 7
887 13 8
861 13 9
773 13 10
980 13 11
972 13 12
1138 13 13
939 13 14
924 13 15
872 13 16
992 13 17
1026 13 18
928 13 19
936 13 20
954 13 21
1010 13 22
1022 13 23
879 13 24
962 13 25
974 13 26
944 13 27
897 13 28
867 13 29
926 13 30
905 13 31
919 13 32
971 13 33
1061 13 34
994 13 35
948 13 36
948 13 37
962 13 38
914 13 39
913 13 40
947 13 41
986 13 42
870 13 43
1020 13 44
1045 13 45
1027 13 46
961 13 47
983 13 48
1030 13 49
949 13 50
863 13 51
988 13 52
956 13 53
1014 13 54
779 13 55
972 13 56
884 13 57
969 13 58
947 13 59
944 13 60
1018 13 61
971 13 62
998 13 63
957 13 64
891 13 65
813 13 66
922 13 67
830 13 68
942 13 69
941 13 70
888 13 71
960 13 72
965 13 73
945 13 74
829 13 75
956 13 76
846 13 77
924 13 78
983 13 79
897 13 80
884 13 81
886 13 82
883 13 83
842 13 84
935 13 85
981 13 86
937 13 87
904 13 88
1007 13 89
947 13 90
958 13 91
941 13 92
976 13 93
904 13 94
979 13 95
878 13 96
852 13 97
990 13 98
975 13 99
1003 13 100
823 14 1
818 14 2
964 14 3
935 14 4
969 14 5
882 14 6
902 14 7
874 14 8
844 14 9
800 14 10
818 14 11
869 14 12
909 14 13
1069 14 14
906 14 15
918 14 16
899 14 17
873 14 18
967 14 19
882 14 20
842 14 21
873 14 22
936 14 23
881 14 24
806 14 25
834 14 26
957 14 27
860 14 28
869 14 29
823 14 30
844 14 31
868 14 32
883 14 33
924 14 34
875 14 35
874 14 36
863 14 37
893 14 38
824 14 39
849 14 40
998 14 41
862 14 42
780 14 43
874 14 44
892 14 45
910 14 46
941 14 47
851 14 48
830 14 49
885 14 50
934 14 51
901 14 52
936 14 53
911 14 54
783 14 55
845 14 56
834 14 57
827 14 58
858 14 59
861 14 60
916 14 61
880 14 62
1043 14 63
863 14 64
880 14 65
821 14 66
812 14 67
814 14 68
900 14 69
915 14 70
884 14 71
984 14 72
870 14 73
842 14 74
835 14 75
821 14 76
842 14 77
895 14 78
878 14 79
941 14 80
814 14 81
874 14 82
868 14 83
813 14 84
869 14 85
918 14 86
863 14 87
826 14 88
918 14 89
946 14 90
992 14 91
950 14 92
839 14 93
883 14 94
918 14 95
856 14 96
861 14 97
895 14 98
899 14 99
899 14 100
809 15 1
840 15 2
954 15 3
912 15 4
952 15 5
867 15 6
936 15 7
846 15 8
842 15 9
821 15 10
868 15 11
896 15 12
932 15 13
941 15 14
1049 15 15
936 15 16
940 15 17
876 15 18
930 15 19
881 15 20
852 15 21
859 15 22
942 15 23
886 15 24
853 15 25
837 15 26
962 15 27
868 15 28
875 15 29
810 15 30
895 15 31
861 15 32
878 15 33
956 15 34
909 15 35
871 15 36
897 15 37
893 15 38
794 15 39
840 15 40
972 15 41
897 15 42
818 15 43
928 15 44
941 15 45
904 15 46
953 15 47
897 15 48
858 15 49
931 15 50
872 15 51
895 15 52
925 15 53
889 15 54
777 15 55
835 15 56
857 15 57
819 15 58
894 15 59
860 15 60
899 15 61
898 15 62
959 15 63
877 15 64
838 15 65
836 15 66
859 15 67
798 15 68
926 15 69
945 15 70
909 15 71
985 15 72
887 15 73
868 15 74
860 15 75
830 15 76
832 15 77
917 15 78
900 15 79
874 15 80
816 15 81
853 15 82
915 15 83
804 15 84
841 15 85
901 15 86
823 15 87
800 15 88
969 15 89
976 15 90
975 15 91
925 15 92
900 15 93
849 15 94
848 15 95
882 15 96
851 15 97
871 15 98
924 15 99
920 15 100
757 16 1
750 16 2
881 16 3
911 16 4
927 16 5
821 16 6
843 16 7
840 16 8
786 16 9
821 16 10
743 16 11
796 16 12
831 16 13
924 16 14
882 16 15
1020 16 16
854 16 17
785 16 18
940 16 19
806 16 20
794 16 21
736 16 22
875 16 23
818 16 24
761 16 25
776 16 26
892 16 27
839 16 28
804 16 29
738 16 30
805 16 31
785 16 32
841 16 33
854 16 34
830 16 35
809 16 36
789 16 37
838 16 38
782 16 39
772 16 40
947 16 41
808 16 42
773 16 43
813 16 44
819 16 45
816 16 46
897 16 47
809 16 48
751 16 49
896 16 50
957 16 51
861 16 52
904 16 53
842 16 54
739 16 55
795 16 56
827 16 57
756 16 58
817 16 59
822 16 60
871 16 61
840 16 62
931 16 63
791 16 64
769 16 65
820 16 66
797 16 67
736 16 68
801 16 69
907 16 70
834 16 71
864 16 72
823 16 73
747 16 74
815 16 75
731 16 76
842 16 77
821 16 78
803 16 79
896 16 80
774 16 81
801 16 82
819 16 83
774 16 84
824 16 85
816 16 86
775 16 87
811 16 88
845 16 89
915 16 90
908 16 91
867 16 92
781 16 93
819 16 94
805 16 95
813 16 96
821 16 97
776 16 98
839 16 99
816 16 100
848 17 1
890 17 2
944 17 3
883 17 4
902 17 5
898 17 6
904 17 7
859 17 8
840 17 9
787 17 10
970 17 11
941 17 12
1014 17 13
894 17 14
886 17 15
881 17 16
1121 17 17
992 17 18
951 17 19
957 17 20
952 17 21
977 17 22
1021 17 23
872 17 24
958 17 25
916 17 26
940 17 27
871 17 28
822 17 29
884 17 30
900 17 31
899 17 32
1013 17 33
1085 17 34
1008 17 35
973 17 36
991 17 37
913 17 38
912 17 39
872 17 40
935 17 41
950 17 42
892 17 43
1001 17 44
960 17 45
990 17 46
942 17 47
960 17 48
968 17 49
913 17 50
880 17 51
992 17 52
909 17 53
1018 17 54
747 17 55
974 17 56
897 17 57
907 17 58
974 17 59
925 17 60
989 17 61
957 17 62
983 17 63
928 17 64
906 17 65
817 17 66
953 17 67
824 17 68
895 17 69
977 17 70
907 17 71
947 17 72
900 17 73
938 17 74
833 17 75
956 17 76
827 17 77
938 17 78
962 17 79
856 17 80
879 17 81
866 17 82
872 17 83
832 17 84
922 17 85
953 17 86
893 17 87
875 17 88
964 17 89
897 17 90
964 17 91
955 17 92
928 17 93
877 17 94
954 17 95
942 17 96
811 17 97
936 17 98
945 17 99
1014 17 100
847 18 1
896 18 2
900 18 3
813 18 4
834 18 5
913 18 6
910 18 7
853 18 8
846 18 9
718 18 10
956 18 11
924 18 12
982 18 13
845 18 14
804 18 15
787 18 16
929 18 17
1136 18 18
874 18 19
931 18 20
908 18 21
983 18 22
947 18 23
858 18 24
939 18 25
937 18 26
851 18 27
847 18 28
806 18 29
916 18 30
876 18 31
880 18 32
911 18 33
972 18 34
980 18 35
932 18 36
936 18 37
886 18 38
896 18 39
889 18 40
870 18 41
934 18 42
812 18 43
989 18 44
958 18 45
971 18 46
873 18 47
920 18 48
975 18 49
856 18 50
795 18 51
905 18 52
851 18 53
1011 18 54
730 18 55
951 18 56
855 18 57
925 18 58
899 18 59
880 18 60
943 18 61
920 18 62
935 18 63
968 18 64
916 18 65
760 18 66
930 18 67
838 18 68
910 18 69
835 18 70
912 18 71
879 18 72
931 18 73
885 18 74
796 18 75
910 18 76
797 18 77
917 18 78
951 18 79
827 18 80
882 18 81
846 18 82
862 18 83
814 18 84
897 18 85
915 18 86
833 18 87
868 18 88
923 18 89
842 18 90
917 18 91
898 18 92
932 18 93
856 18 94
926 18 95
838 18 96
767 18 97
917 18 98
893 18 99
965 18 100
800 19 1
822 19 2
927 19 3
950 19 4
958 19 5
853 19 6
884 19 7
852 19 8
838 19 9
780 19 10
851 19 11
850 19 12
893 19 13
947 19 14
881 19 15
927 19 16
918 19 17
867 19 18
1090 19 19
869 19 20
878 19 21
848 19 22
928 19 23
831 19 24
837 19 25
864 19 26
994 19 27
850 19 28
808 19 29
785 19 30
817 19 31
864 19 32
923 19 33
938 19 34
916 19 35
866 19 36
877 19 37
859 19 38
850 19 39
818 19 40
1013 19 41
865 19 42
826 19 43
860 19 44
884 19 45
913 19 46
943 19 47
849 19 48
853 19 49
879 19 50
933 19 51
906 19 52
923 19 53
915 19 54
728 19 55
858 19 56
833 19 57
806 19 58
884 19 59
844 19 60
915 19 61
894 19 62
1078 19 63
860 19 64
859 19 65
806 19 66
856 19 67
780 19 68
839 19 69
941 19 70
924 19 71
916 19 72
841 19 73
876 19 74
820 19 75
810 19 76
822 19 77
864 19 78
895 19 79
931 19 80
856 19 81
861 19 82
848 19 83
803 19 84
884 19 85
866 19 86
860 19 87
828 19 88
941 19 89
960 19 90
1006 19 91
941 19 92
831 19 93
841 19 94
903 19 95
843 19 96
817 19 97
876 19 98
881 19 99
882 19 100
853 20 1
876 20 2
956 20 3
829 20 4
856 20 5
926 20 6
903 20 7
856 20 8
854 20 9
763 20 10
973 20 11
894 20 12
971 20 13
881 20 14
852 20 15
811 20 16
935 20 17
966 20 18
881 20 19
1101 20 20
929 20 21
965 20 22
1005 20 23
902 20 24
928 20 25
918 20 26
913 20 27
843 20 28
904 20 29
897 20 30
878 20 31
885 20 32
939 20 33
993 20 34
977 20 35
923 20 36
927 20 37
895 20 38
834 20 39
894 20 40
890 20 41
924 20 42
868 20 43
959 20 44
972 20 45
981 20 46
884 20 47
987 20 48
941 20 49
920 20 50
845 20 51
932 20 52
926 20 53
1005 20 54
807 20 55
882 20 56
859 20 57
888 20 58
955 20 59
950 20 60
966 20 61
965 20 62
930 20 63
925 20 64
878 20 65
851 20 66
924 20 67
834 20 68
941 20 69
899 20 70
860 20 71
889 20 72
974 20 73
891 20 74
818 20 75
939 20 76
856 20 77
921 20 78
928 20 79
797 20 80
891 20 81
899 20 82
850 20 83
840 20 84
898 20 85
933 20 86
907 20 87
898 20 88
969 20 89
885 20 90
907 20 91
946 20 92
911 20 93
905 20 94
975 20 95
867 20 96
807 20 97
943 20 98
916 20 99
988 20 100
905 21 1
797 21 2
956 21 3
795 21 4
828 21 5
952 21 6
919 21 7
843 21 8
831 21 9
746 21 10
911 21 11
869 21 12
982 21 13
854 21 14
848 21 15
831 21 16
901 21 17
974 21 18
898 21 19
927 21 20
1072 21 21
924 21 22
954 21 23
851 21 24
865 21 25
889 21 26
993 21 27
903 21 28
841 21 29
867 21 30
861 21 31
902 21 32
952 21 33
979 21 34
925 21 35
867 21 36
901 21 37
969 21 38
925 21 39
865 21 40
882 21 41
882 21 42
917 21 43
977 21 44
943 21 45
946 21 46
873 21 47
950 21 48
913 21 49
917 21 50
837 21 51
957 21 52
881 21 53
947 21 54
756 21 55
885 21 56
887 21 57
849 21 58
877 21 59
931 21 60
1036 21 61
912 21 62
940 21 63
855 21 64
955 21 65
820 21 66
945 21 67
769 21 68
852 21 69
852 21 70
869 21 71
904 21 72
894 21 73
889 21 74
835 21 75
955 21 76
812 21 77
842 21 78
942 21 79
808 21 80
932 21 81
847 21 82
870 21 83
794 21 84
972 21 85
950 21 86
930 21 87
894 21 88
968 21 89
880 21 90
904 21 91
914 21 92
926 21 93
872 21 94
996 21 95
847 21 96
814 21 97
923 21 98
904 21 99
903 21 100
828 22 1
862 22 2
957 22 3
801 22 4
859 22 5
940 22 6
914 22 7
795 22 8
854 22 9
691 22 10
986 22 11
991 22 12
1027 22 13
876 22 14
867 22 15
788 22 16
952 22 17
990 22 18
880 22 19
923 22 20
928 22 21
1102 22 22
949 22 23
855 22 24
944 22 25
930 22 26
918 22 27
851 22 28
824 22 29
907 22 30
889 22 31
892 22 32
923 22 33
982 22 34
917 22 35
924 22 36
934 22 37
908 22 38
861 22 39
889 22 40
900 22 41
956 22 42
851 22 43
1001 22 44
951 22 45
1014 22 46
899 22 47
938 22 48
1001 22 49
857 22 50
788 22 51
919 22 52
888 22 53
956 22 54
719 22 55
927 22 56
819 22 57
876 22 58
884 22 59
880 22 60
969 22 61
939 22 62
982 22 63
934 22 64
867 22 65
750 22 66
875 22 67
817 22 68
931 22 69
859 22 70
889 22 71
914 22 72
929 22 73
976 22 74
759 22 75
948 22 76
784 22 77
903 22 78
974 22 79
833 22 80
856 22 81
843 22 82
861 22 83
784 22 84
894 22 85
927 22 86
877 22 87
847 22 88
952 22 89
859 22 90
920 22 91
881 22 92
967 22 93
836 22 94
925 22 95
831 22 96
781 22 97
948 22 98
920 22 99
946 22 100
866 23 1
888 23 2
952 23 3
915 23 4
946 23 5
923 23 6
905 23 7
877 23 8
873 23 9
822 23 10
949 23 11
920 23 12
1010 23 13
903 23 14
897 23 15
904 23 16
1025 23 17
994 23 18
962 23 19
993 23 20
936 23 21
940 23 22
1138 23 23
880 23 24
936 23 25
949 23 26
937 23 27
871 23 28
837 23 29
900 23 30
918 23 31
895 23 32
1009 23 33
1052 23 34
1005 23 35
957 23 36
979 23 37
914 23 38
891 23 39
914 23 40
939 23 41
961 23 42
871 23 43
1005 23 44
998 23 45
979 23 46
965 23 47
1014 23 48
962 23 49
941 23 50
894 23 51
979 23 52
965 23 53
1028 23 54
790 23 55
971 23 56
891 23 57
925 23 58
1017 23 59
937 23 60
957 23 61
997 23 62
970 23 63
980 23 64
916 23 65
854 23 66
933 23 67
837 23 68
945 23 69
1014 23 70
935 23 71
933 23 72
964 23 73
925 23 74
859 23 75
902 23 76
866 23 77
949 23 78
941 23 79
885 23 80
849 23 81
873 23 82
897 23 83
866 23 84
912 23 85
922 23 86
891 23 87
883 23 88
986 23 89
929 23 90
960 23 91
976 23 92
915 23 93
914 23 94
966 23 95
918 23 96
841 23 97
965 23 98
988 23 99
991 23 100
799 24 1
793 24 2
943 24 3
841 24 4
839 24 5
913 24 6
947 24 7
892 24 8
906 24 9
800 24 10
856 24 11
852 24 12
874 24 13
875 24 14
854 24 15
826 24 16
842 24 17
900 24 18
849 24 19
884 24 20
828 24 21
854 24 22
884 24 23
1043 24 24
831 24 25
811 24 26
871 24 27
819 24 28
902 24 29
891 24 30
923 24 31
851 24 32
847 24 33
876 24 34
906 24 35
799 24 36
817 24 37
882 24 38
809 24 39
892 24 40
860 24 41
817 24 42
752 24 43
898 24 44
908 24 45
892 24 46
851 24 47
877 24 48
831 24 49
939 24 50
836 24 51
846 24 52
895 24 53
843 24 54
840 24 55
779 24 56
840 24 57
795 24 58
836 24 59
861 24 60
905 24 61
864 24 62
874 24 63
867 24 64
815 24 65
861 24 66
872 24 67
844 24 68
928 24 69
824 24 70
835 24 71
861 24 72
963 24 73
826 24 74
874 24 75
840 24 76
882 24 77
863 24 78
880 24 79
856 24 80
850 24 81
901 24 82
961 24 83
890 24 84
835 24 85
893 24 86
805 24 87
822 24 88
908 24 89
864 24 90
892 24 91
887 24 92
821 24 93
927 24 94
887 24 95
784 24 96
851 24 97
826 24 98
867 24 99
859 24 100
798 25 1
884 25 2
904 25 3
793 25 4
849 25 5
864 25 6
860 25 7
822 25 8
835 25 9
711 25 10
958 25 11
975 25 12
949 25 13
831 25 14
843 25 15
790 25 16
941 25 17
937 25 18
890 25 19
935 25 20
858 25 21
980 25 22
949 25 23
840 25 24
1064 25 25
919 25 26
845 25 27
827 25 28
813 25 29
866 25 30
852 25 31
896 25 32
874 25 33
972 25 34
928 25 35
857 25 36
899 25 37
888 25 38
826 25 39
837 25 40
882 25 41
945 25 42
821 25 43
941 25 44
941 25 45
1010 25 46
885 25 47
939 25 48
945 25 49
864 25 50
775 25 51
901 25 52
846 25 53
943 25 54
704 25 55
934 25 56
812 25 57
859 25 58
892 25 59
881 25 60
919 25 61
908 25 62
949 25 63
912 25 64
832 25 65
741 25 66
902 25 67
808 25 68
939 25 69
860 25 70
866 25 71
867 25 72
900 25 73
949 25 74
784 25 75
910 25 76
772 25 77
890 25 78
898 25 79
804 25 80
822 25 81
848 25 82
831 25 83
786 25 84
861 25 85
897 25 86
831 25 87
818 25 88
952 25 89
828 25 90
893 25 91
856 25 92
907 25 93
827 25 94
882 25 95
849 25 96
734 25 97
891 25 98
898 25 99
929 25 100
865 26 1
859 26 2
898 26 3
795 26 4
850 26 5
940 26 6
883 26 7
819 26 8
849 26 9
745 26 10
982 26 11
950 26 12
983 26 13
844 26 14
855 26 15
819 26 16
918 26 17
982 26 18
894 26 19
910 26 20
924 26 21
952 26 22
960 26 23
839 26 24
923 26 25
1061 26 26
895 26 27
903 26 28
804 26 29
853 26 30
866 26 31
849 26 32
944 26 33
997 26 34
993 26 35
925 26 36
941 26 37
905 26 38
920 26 39
868 26 40
890 26 41
979 26 42
873 26 43
970 26 44
980 26 45
982 26 46
889 26 47
945 26 48
980 26 49
894 26 50
793 26 51
920 26 52
878 26 53
987 26 54
755 26 55
953 26 56
854 26 57
933 26 58
926 26 59
925 26 60
983 26 61
941 26 62
957 26 63
958 26 64
879 26 65
780 26 66
941 26 67
810 26 68
900 26 69
895 26 70
874 26 71
848 26 72
895 26 73
905 26 74
786 26 75
928 26 76
842 26 77
873 26 78
993 26 79
846 26 80
874 26 81
857 26 82
843 26 83
787 26 84
939 26 85
921 26 86
914 26 87
870 26 88
930 26 89
856 26 90
883 26 91
886 26 92
951 26 93
818 26 94
914 26 95
856 26 96
787 26 97
944 26 98
929 26 99
918 26 100
880 27 1
806 27 2
994 27 3
880 27 4
899 27 5
922 27 6
923 27 7
842 27 8
854 27 9
793 27 10
866 27 11
879 27 12
937 27 13
936 27 14
898 27 15
871 27 16
918 27 17
892 27 18
981 27 19
888 27 20
952 27 21
901 27 22
936 27 23
855 27 24
811 27 25
834 27 26
1124 27 27
891 27 28
854 27 29
868 27 30
870 27 31
884 27 32
958 27 33
964 27 34
902 27 35
874 27 36
890 27 37
934 27 38
899 27 39
853 27 40
962 27 41
848 27 42
899 27 43
925 27 44
907 27 45
901 27 46
919 27 47
890 27 48
869 27 49
907 27 50
896 27 51
932 27 52
900 27 53
893 27 54
776 27 55
854 27 56
849 27 57
814 27 58
882 27 59
874 27 60
1013 27 61
904 27 62
1030 27 63
834 27 64
924 27 65
827 27 66
874 27 67
753 27 68
875 27 69
907 27 70
886 27 71
945 27 72
864 27 73
912 27 74
857 27 75
932 27 76
807 27 77
835 27 78
931 27 79
864 27 80
882 27 81
897 27 82
880 27 83
792 27 84
993 27 85
909 27 86
959 27 87
831 27 88
953 27 89
930 27 90
964 27 91
949 27 92
872 27 93
868 27 94
965 27 95
850 27 96
885 27 97
891 27 98
936 27 99
911 27 100
845 28 1
810 28 2
871 28 3
804 28 4
848 28 5
920 28 6
876 28 7
859 28 8
812 28 9
804 28 10
848 28 11
910 28 12
908 28 13
873 28 14
847 28 15
884 28 16
882 28 17
871 28 18
896 28 19
816 28 20
872 28 21
838 28 22
895 28 23
842 28 24
863 28 25
876 28 26
900 28 27
1029 28 28
757 28 29
835 28 30
851 28 31
865 28 32
877 28 33
941 28 34
899 28 35
912 28 36
849 28 37
990 28 38
900 28 39
833 28 40
853 28 41
882 28 42
881 28 43
945 28 44
898 28 45
851 28 46
850 28 47
852 28 48
864 28 49
948 28 50
861 28 51
924 28 52
818 28 53
902 28 54
743 28 55
903 28 56
890 28 57
821 28 58
860 28 59
936 28 60
956 28 61
904 28 62
922 28 63
871 28 64
860 28 65
788 28 66
888 28 67
779 28 68
870 28 69
851 28 70
838 28 71
856 28 72
853 28 73
825 28 74
827 28 75
870 28 76
829 28 77
844 28 78
914 28 79
824 28 80
821 28 81
806 28 82
845 28 83
787 28 84
914 28 85
912 28 86
865 28 87
870 28 88
897 28 89
842 28 90
882 28 91
876 28 92
892 28 93
805 28 94
897 28 95
906 28 96
838 28 97
850 28 98
913 28 99
857 28 100
850 29 1
793 29 2
997 29 3
855 29 4
871 29 5
911 29 6
988 29 7
909 29 8
895 29 9
810 29 10
887 29 11
862 29 12
928 29 13
913 29 14
905 29 15
856 29 16
869 29 17
896 29 18
887 29 19
936 29 20
882 29 21
873 29 22
897 29 23
958 29 24
842 29 25
849 29 26
929 29 27
854 29 28
1001 29 29
874 29 30
896 29 31
882 29 32
878 29 33
920 29 34
922 29 35
845 29 36
859 29 37
883 29 38
835 29 39
895 29 40
883 29 41
847 29 42
789 29 43
908 29 44
937 29 45
919 29 46
891 29 47
909 29 48
868 29 49
935 29 50
876 29 51
884 29 52
922 29 53
893 29 54
845 29 55
803 29 56
839 29 57
835 29 58
873 29 59
898 29 60
939 29 61
909 29 62
895 29 63
853 29 64
849 29 65
863 29 66
885 29 67
845 29 68
930 29 69
858 29 70
840 29 71
888 29 72
948 29 73
850 29 74
841 29 75
881 29 76
885 29 77
895 29 78
908 29 79
871 29 80
899 29 81
932 29 82
917 29 83
871 29 84
853 29 85
919 29 86
862 29 87
874 29 88
922 29 89
905 29 90
919 29 91
935 29 92
849 29 93
938 29 94
918 29 95
844 29 96
847 29 97
870 29 98
879 29 99
942 29 100
791 30 1
808 30 2
891 30 3
799 30 4
795 30 5
793 30 6
851 30 7
783 30 8
895 30 9
759 30 10
839 30 11
831 30 12
858 30 13
814 30 14
786 30 15
775 30 16
878 30 17
923 30 18
807 30 19
856 30 20
838 30 21
870 30 22
875 30 23
896 30 24
834 30 25
816 30 26
833 30 27
801 30 28
833 30 29
1081 30 30
990 30 31
823 30 32
839 30 33
919 30 34
897 30 35
856 30 36
875 30 37
838 30 38
817 30 39
1021 30 40
820 30 41
821 30 42
740 30 43
900 30 44
842 30 45
852 30 46
804 30 47
852 30 48
845 30 49
814 30 50
787 30 51
832 30 52
814 30 53
874 30 54
834 30 55
844 30 56
742 30 57
824 30 58
827 30 59
803 30 60
896 30 61
874 30 62
863 30 63
882 30 64
819 30 65
842 30 66
813 30 67
852 30 68
862 30 69
807 30 70
846 30 71
852 30 72
990 30 73
849 30 74
864 30 75
833 30 76
790 30 77
823 30 78
850 30 79
800 30 80
792 30 81
904 30 82
897 30 83
828 30 84
818 30 85
829 30 86
782 30 87
780 30 88
854 30 89
820 30 90
869 30 91
827 30 92
861 30 93
902 30 94
853 30 95
789 30 96
867 30 97
792 30 98
839 30 99
901 30 100
769 31 1
809 31 2
905 31 3
833 31 4
830 31 5
813 31 6
889 31 7
772 31 8
934 31 9
783 31 10
896 31 11
862 31 12
889 31 13
830 31 14
849 31 15
798 31 16
881 31 17
911 31 18
854 31 19
859 31 20
830 31 21
888 31 22
908 31 23
908 31 24
861 31 25
852 31 26
874 31 27
829 31 28
847 31 29
992 31 30
1096 31 31
805 31 32
864 31 33
940 31 34
920 31 35
868 31 36
865 31 37
857 31 38
802 31 39
997 31 40
860 31 41
879 31 42
771 31 43
932 31 44
897 31 45
879 31 46
832 31 47
895 31 48
874 31 49
825 31 50
781 31 51
804 31 52
836 31 53
865 31 54
800 31 55
857 31 56
771 31 57
826 31 58
887 31 59
823 31 60
923 31 61
875 31 62
878 31 63
881 31 64
829 31 65
830 31 66
831 31 67
854 31 68
883 31 69
844 31 70
854 31 71
852 31 72
1000 31 73
873 31 74
852 31 75
834 31 76
788 31 77
843 31 78
887 31 79
826 31 80
785 31 81
915 31 82
961 31 83
848 31 84
829 31 85
847 31 86
790 31 87
760 31 88
909 31 89
855 31 90
891 31 91
830 31 92
870 31 93
877 31 94
814 31 95
792 31 96
876 31 97
841 31 98
860 31 99
924 31 100
776 32 1
843 32 2
971 32 3
801 32 4
823 32 5
911 32 6
885 32 7
890 32 8
813 32 9
753 32 10
843 32 11
877 32 12
883 32 13
860 32 14
833 32 15
812 32 16
890 32 17
912 32 18
870 32 19
895 32 20
897 32 21
889 32 22
903 32 23
879 32 24
872 32 25
799 32 26
920 32 27
841 32 28
870 32 29
848 32 30
808 32 31
1034 32 32
862 32 33
883 32 34
861 32 35
850 32 36
852 32 37
891 32 38
833 32 39
828 32 40
871 32 41
854 32 42
792 32 43
922 32 44
890 32 45
918 32 46
863 32 47
867 32 48
836 32 49
897 32 50
836 32 51
921 32 52
855 32 53
880 32 54
756 32 55
818 32 56
828 32 57
794 32 58
827 32 59
859 32 60
893 32 61
882 32 62
917 32 63
838 32 64
867 32 65
795 32 66
891 32 67
821 32 68
884 32 69
847 32 70
863 32 71
890 32 72
874 32 73
849 32 74
833 32 75
854 32 76
808 32 77
877 32 78
858 32 79
805 32 80
843 32 81
848 32 82
848 32 83
800 32 84
831 32 85
906 32 86
844 32 87
876 32 88
923 32 89
827 32 90
876 32 91
882 32 92
839 32 93
877 32 94
939 32 95
839 32 96
783 32 97
837 32 98
858 32 99
890 32 100
881 33 1
830 33 2
955 33 3
843 33 4
890 33 5
937 33 6
916 33 7
876 33 8
844 33 9
790 33 10
923 33 11
932 33 12
1027 33 13
886 33 14
875 33 15
860 33 16
1014 33 17
974 33 18
944 33 19
916 33 20
948 33 21
951 33 22
983 33 23
862 33 24
890 33 25
922 33 26
971 33 27
918 33 28
809 33 29
869 33 30
883 33 31
894 33 32
1095 33 33
1033 33 34
981 33 35
995 33 36
975 33 37
934 33 38
953 33 39
874 33 40
918 33 41
930 33 42
939 33 43
991 33 44
960 33 45
965 33 46
935 33 47
945 33 48
957 33 49
941 33 50
883 33 51
997 33 52
899 33 53
953 33 54
770 33 55
938 33 56
909 33 57
927 33 58
954 33 59
961 33 60
1001 33 61
964 33 62
1009 33 63
936 33 64
946 33 65
816 33 66
956 33 67
781 33 68
858 33 69
947 33 70
882 33 71
914 33 72
874 33 73
951 33 74
831 33 75
960 33 76
855 33 77
892 33 78
962 33 79
869 33 80
905 33 81
863 33 82
846 33 83
822 33 84
970 33 85
988 33 86
961 33 87
916 33 88
965 33 89
929 33 90
952 33 91
936 33 92
935 33 93
871 33 94
985 33 95
929 33 96
854 33 97
924 33 98
995 33 99
958 33 100
860 34 1
843 34 2
954 34 3
865 34 4
916 34 5
873 34 6
908 34 7
837 34 8
840 34 9
799 34 10
976 34 11
941 34 12
1054 34 13
921 34 14
913 34 15
883 34 16
1032 34 17
952 34 18
942 34 19
930 34 20
918 34 21
938 34 22
1002 34 23
870 34 24
938 34 25
925 34 26
959 34 27
899 34 28
834 34 29
906 34 30
929 34 31
866 34 32
965 34 33
1198 34 34
1004 34 35
952 34 36
961 34 37
910 34 38
866 34 39
911 34 40
936 34 41
941 34 42
879 34 43
978 34 44
994 34 45
993 34 46
945 34 47
990 34 48
992 34 49
922 34 50
854 34 51
968 34 52
927 34 53
1019 34 54
781 34 55
975 34 56
855 34 57
922 34 58
992 34 59
931 34 60
992 34 61
964 34 62
996 34 63
926 34 64
884 34 65
813 34 66
912 34 67
806 34 68
936 34 69
976 34 70
890 34 71
935 34 72
946 34 73
976 34 74
842 34 75
932 34 76
832 34 77
884 34 78
962 34 79
877 34 80
858 34 81
897 34 82
851 34 83
838 34 84
940 34 85
953 34 86
880 34 87
858 34 88
1027 34 89
966 34 90
961 34 91
944 34 92
932 34 93
877 34 94
925 34 95
924 34 96
849 34 97
928 34 98
977 34 99
1034 34 100
847 35 1
856 35 2
880 35 3
835 35 4
852 35 5
879 35 6
879 35 7
859 35 8
848 35 9
792 35 10
927 35 11
882 35 12
954 35 13
852 35 14
828 35 15
821 35 16
966 35 17
976 35 18
902 35 19
926 35 20
874 35 21
894 35 22
956 35 23
864 35 24
905 35 25
941 35 26
880 35 27
854 35 28
794 35 29
875 35 30
873 35 31
828 35 32
954 35 33
996 35 34
1138 35 35
937 35 36
974 35 37
847 35 38
878 35 39
879 35 40
881 35 41
889 35 42
882 35 43
978 35 44
960 35 45
950 35 46
873 35 47
921 35 48
930 35 49
894 35 50
839 35 51
929 35 52
890 35 53
1000 35 54
772 35 55
951 35 56
856 35 57
923 35 58
963 35 59
891 35 60
908 35 61
995 35 62
925 35 63
957 35 64
885 35 65
800 35 66
934 35 67
815 35 68
883 35 69
900 35 70
889 35 71
869 35 72
911 35 73
894 35 74
817 35 75
927 35 76
825 35 77
922 35 78
949 35 79
879 35 80
844 35 81
837 35 82
848 35 83
855 35 84
891 35 85
890 35 86
843 35 87
863 35 88
952 35 89
901 35 90
924 35 91
910 35 92
895 35 93
830 35 94
919 35 95
846 35 96
760 35 97
867 35 98
929 35 99
924 35 100
837 36 1
848 36 2
904 36 3
839 36 4
856 36 5
902 36 6
874 36 7
848 36 8
818 36 9
802 36 10
883 36 11
925 36 12
965 36 13
838 36 14
846 36 15
839 36 16
949 36 17
958 36 18
895 36 19
905 36 20
856 36 21
925 36 22
971 36 23
818 36 24
878 36 25
883 36 26
881 36 27
881 36 28
776 36 29
870 36 30
875 36 31
869 36 32
955 36 33
974 36 34
952 36 35
1100 36 36
1003 36 37
908 36 38
897 36 39
886 36 40
875 36 41
949 36 42
862 36 43
969 36 44
901 36 45
892 36 46
878 36 47
863 36 48
915 36 49
902 36 50
860 36 51
950 36 52
858 36 53
980 36 54
753 36 55
952 36 56
899 36 57
909 36 58
936 36 59
901 36 60
926 36 61
990 36 62
902 36 63
971 36 64
922 36 65
788 36 66
898 36 67
805 36 68
857 36 69
901 36 70
864 36 71
875 36 72
859 36 73
870 36 74
807 36 75
898 36 76
822 36 77
958 36 78
925 36 79
831 36 80
823 36 81
826 36 82
823 36 83
808 36 84
886 36 85
914 36 86
868 36 87
908 36 88
886 36 89
850 36 90
907 36 91
907 36 92
920 36 93
838 36 94
946 36 95
912 36 96
828 36 97
916 36 98
951 36 99
957 36 100
841 37 1
862 37 2
882 37 3
829 37 4
847 37 5
841 37 6
873 37 7
814 37 8
824 37 9
772 37 10
917 37 11
860 37 12
961 37 13
833 37 14
854 37 15
809 37 16
995 37 17
961 37 18
876 37 19
900 37 20
884 37 21
883 37 22
965 37 23
815 37 24
897 37 25
909 37 26
875 37 27
831 37 28
782 37 29
873 37 30
885 37 31
829 37 32
958 37 33
1021 37 34
989 37 35
996 37 36
1098 37 37
860 37 38
885 37 39
883 37 40
847 37 41
904 37 42
828 37 43
973 37 44
914 37 45
934 37 46
887 37 47
893 37 48
922 37 49
860 37 50
804 37 51
933 37 52
864 37 53
1011 37 54
736 37 55
969 37 56
835 37 57
919 37 58
998 37 59
851 37 60
906 37 61
948 37 62
900 37 63
979 37 64
911 37 65
771 37 66
904 37 67
804 37 68
867 37 69
910 37 70
901 37 71
895 37 72
868 37 73
882 37 74
785 37 75
891 37 76
805 37 77
922 37 78
946 37 79
798 37 80
840 37 81
811 37 82
822 37 83
801 37 84
883 37 85
894 37 86
854 37 87
842 37 88
918 37 89
887 37 90
918 37 91
922 37 92
921 37 93
832 37 94
914 37 95
907 37 96
780 37 97
884 37 98
916 37 99
953 37 100
863 38 1
790 38 2
879 38 3
820 38 4
830 38 5
929 38 6
923 38 7
837 38 8
818 38 9
754 38 10
882 38 11
900 38 12
937 38 13
881 38 14
864 38 15
859 38 16
895 38 17
926 38 18
899 38 19
828 38 20
921 38 21
877 38 22
891 38 23
870 38 24
864 38 25
875 38 26
977 38 27
947 38 28
787 38 29
869 38 30
852 38 31
875 38 32
881 38 33
958 38 34
880 38 35
867 38 36
869 38 37
1086 38 38
889 38 39
834 38 40
911 38 41
904 38 42
876 38 43
982 38 44
937 38 45
884 38 46
893 38 47
882 38 48
889 38 49
959 38 50
825 38 51
944 38 52
832 38 53
885 38 54
726 38 55
897 38 56
906 38 57
802 38 58
811 38 59
893 38 60
1024 38 61
887 38 62
950 38 63
874 38 64
905 38 65
783 38 66
876 38 67
737 38 68
902 38 69
838 38 70
871 38 71
905 38 72
881 38 73
863 38 74
830 38 75
930 38 76
805 38 77
830 38 78
939 38 79
816 38 80
839 38 81
834 38 82
871 38 83
775 38 84
976 38 85
928 38 86
889 38 87
830 38 88
918 38 89
858 38 90
903 38 91
883 38 92
920 38 93
811 38 94
908 38 95
860 38 96
845 38 97
886 38 98
921 38 99
871 38 100
911 39 1
809 39 2
865 39 3
798 39 4
821 39 5
930 39 6
858 39 7
826 39 8
823 39 9
750 39 10
867 39 11
865 39 12
932 39 13
827 39 14
818 39 15
821 39 16
895 39 17
935 39 18
881 39 19
843 39 20
938 39 21
861 39 22
914 39 23
825 39 24
847 39 25
923 39 26
915 39 27
909 39 28
756 39 29
855 39 30
819 39 31
847 39 32
939 39 33
929 39 34
900 39 35
893 39 36
921 39 37
946 39 38
1032 39 39
840 39 40
865 39 41
910 39 42
898 39 43
925 39 44
903 39 45
869 39 46
862 39 47
839 39 48
899 39 49
903 39 50
816 39 51
945 39 52
806 39 53
887 39 54
729 39 55
889 39 56
894 39 57
828 39 58
854 39 59
904 39 60
978 39 61
899 39 62
914 39 63
905 39 64
902 39 65
768 39 66
945 39 67
757 39 68
830 39 69
860 39 70
868 39 71
868 39 72
828 39 73
844 39 74
825 39 75
926 39 76
805 39 77
846 39 78
947 39 79
807 39 80
877 39 81
810 39 82
840 39 83
761 39 84
970 39 85
902 39 86
916 39 87
850 39 88
878 39 89
813 39 90
877 39 91
880 39 92
875 39 93
798 39 94
920 39 95
871 39 96
803 39 97
898 39 98
896 39 99
854 39 100
815 40 1
793 40 2
886 40 3
804 40 4
809 40 5
824 40 6
858 40 7
797 40 8
933 40 9
779 40 10
846 40 11
822 40 12
872 40 13
844 40 14
792 40 15
789 40 16
873 40 17
930 40 18
842 40 19
871 40 20
845 40 21
883 40 22
912 40 23
890 40 24
839 40 25
855 40 26
861 40 27
816 40 28
848 40 29
1039 40 30
1006 40 31
811 40 32
861 40 33
927 40 34
908 40 35
883 40 36
895 40 37
829 40 38
835 40 39
1093 40 40
830 40 41
873 40 42
763 40 43
906 40 44
882 40 45
869 40 46
830 40 47
861 40 48
887 40 49
811 40 50
792 40 51
858 40 52
861 40 53
905 40 54
829 40 55
865 40 56
775 40 57
863 40 58
866 40 59
822 40 60
917 40 61
889 40 62
857 40 63
921 40 64
822 40 65
863 40 66
818 40 67
879 40 68
850 40 69
836 40 70
853 40 71
848 40 72
1003 40 73
847 40 74
846 40 75
827 40 76
808 40 77
863 40 78
892 40 79
824 40 80
788 40 81
898 40 82
936 40 83
865 40 84
832 40 85
830 40 86
790 40 87
804 40 88
882 40 89
824 40 90
860 40 91
851 40 92
871 40 93
901 40 94
876 40 95
814 40 96
874 40 97
837 40 98
834 40 99
917 40 100
793 41 1
821 41 2
940 41 3
941 41 4
939 41 5
862 41 6
894 41 7
829 41 8
823 41 9
763 41 10
831 41 11
876 41 12
914 41 13
956 41 14
955 41 15
930 41 16
897 41 17
862 41 18
984 41 19
860 41 20
849 41 21
864 41 22
921 41 23
850 41 24
827 41 25
840 41 26
970 41 27
816 41 28
849 41 29
786 41 30
838 41 31
865 41 32
874 41 33
910 41 34
883 41 35
841 41 36
843 41 37
873 41 38
806 41 39
802 41 40
1090 41 41
861 41 42
807 41 43
854 41 44
912 41 45
907 41 46
943 41 47
874 41 48
830 41 49
893 41 50
912 41 51
895 41 52
940 41 53
858 41 54
718 41 55
812 41 56
845 41 57
793 41 58
852 41 59
837 41 60
915 41 61
885 41 62
1024 41 63
848 41 64
839 41 65
806 41 66
825 41 67
766 41 68
884 41 69
934 41 70
916 41 71
936 41 72
865 41 73
859 41 74
816 41 75
809 41 76
781 41 77
861 41 78
879 41 79
942 41 80
810 41 81
862 41 82
843 41 83
806 41 84
876 41 85
853 41 86
813 41 87
790 41 88
940 41 89
972 41 90
1002 41 91
909 41 92
849 41 93
822 41 94
857 41 95
809 41 96
808 41 97
880 41 98
898 41 99
890 41 100
824 42 1
871 42 2
903 42 3
807 42 4
838 42 5
896 42 6
868 42 7
808 42 8
818 42 9
750 42 10
954 42 11
947 42 12
945 42 13
827 42 14
863 42 15
824 42 16
932 42 17
967 42 18
883 42 19
939 42 20
876 42 21
958 42 22
954 42 23
808 42 24
963 42 25
952 42 26
877 42 27
863 42 28
786 42 29
863 42 30
881 42 31
871 42 32
941 42 33
970 42 34
921 42 35
954 42 36
939 42 37
892 42 38
887 42 39
880 42 40
862 42 41
1088 42 42
875 42 43
996 42 44
936 42 45
947 42 46
892 42 47
912 42 48
930 42 49
879 42 50
778 42 51
906 42 52
831 42 53
958 42 54
720 42 55
945 42 56
870 42 57
892 42 58
911 42 59
889 42 60
959 42 61
938 42 62
940 42 63
946 42 64
858 42 65
765 42 66
902 42 67
768 42 68
874 42 69
890 42 70
862 42 71
859 42 72
876 42 73
915 42 74
765 42 75
906 42 76
778 42 77
875 42 78
927 42 79
794 42 80
825 42 81
858 42 82
837 42 83
756 42 84
886 42 85
923 42 86
876 42 87
851 42 88
950 42 89
822 42 90
850 42 91
854 42 92
975 42 93
819 42 94
917 42 95
882 42 96
821 42 97
915 42 98
941 42 99
918 42 100
828 43 1
765 43 2
811 43 3
770 43 4
809 43 5
859 43 6
797 43 7
761 43 8
771 43 9
727 43 10
820 43 11
862 43 12
917 43 13
793 43 14
816 43 15
804 43 16
872 43 17
858 43 18
872 43 19
836 43 20
884 43 21
853 43 22
873 43 23
733 43 24
822 43 25
873 43 26
908 43 27
870 43 28
717 43 29
769 43 30
768 43 31
818 43 32
912 43 33
902 43 34
872 43 35
886 43 36
877 43 37
889 43 38
903 43 39
768 43 40
850 43 41
898 43 42
997 43 43
888 43 44
869 43 45
852 43 46
838 43 47
829 43 48
858 43 49
839 43 50
803 43 51
920 43 52
780 43 53
857 43 54
683 43 55
873 43 56
850 43 57
787 43 58
835 43 59
879 43 60
924 43 61
873 43 62
896 43 63
854 43 64
867 43 65
732 43 66
888 43 67
706 43 68
770 43 69
847 43 70
821 43 71
810 43 72
778 43 73
859 43 74
749 43 75
900 43 76
730 43 77
816 43 78
887 43 79
779 43 80
817 43 81
747 43 82
750 43 83
701 43 84
914 43 85
846 43 86
869 43 87
831 43 88
873 43 89
802 43 90
848 43 91
860 43 92
898 43 93
724 43 94
887 43 95
884 43 96
747 43 97
882 43 98
898 43 99
807 43 100
832 44 1
860 44 2
916 44 3
827 44 4
862 44 5
947 44 6
936 44 7
806 44 8
810 44 9
741 44 10
906 44 11
942 44 12
957 44 13
868 44 14
886 44 15
844 44 16
955 44 17
977 44 18
859 44 19
895 44 20
909 44 21
936 44 22
961 44 23
873 44 24
895 44 25
911 44 26
910 44 27
879 44 28
816 44 29
885 44 30
902 44 31
901 44 32
933 44 33
962 44 34
960 44 35
927 44 36
933 44 37
953 44 38
850 44 39
876 44 40
884 44 41
938 44 42
855 44 43
1131 44 44
960 44 45
902 44 46
873 44 47
943 44 48
899 44 49
935 44 50
797 44 51
913 44 52
844 44 53
908 44 54
743 44 55
910 44 56
884 44 57
875 44 58
890 44 59
876 44 60
952 44 61
939 44 62
934 44 63
928 44 64
896 44 65
778 44 66
898 44 67
809 44 68
930 44 69
844 44 70
885 44 71
899 44 72
920 44 73
887 44 74
791 44 75
936 44 76
808 44 77
908 44 78
963 44 79
800 44 80
847 44 81
809 44 82
907 44 83
791 44 84
917 44 85
933 44 86
886 44 87
867 44 88
940 44 89
849 44 90
902 44 91
862 44 92
984 44 93
810 44 94
928 44 95
866 44 96
815 44 97
880 44 98
940 44 99
900 44 100
857 45 1
832 45 2
919 45 3
842 45 4
883 45 5
954 45 6
946 45 7
881 45 8
864 45 9
755 45 10
997 45 11
935 45 12
1038 45 13
898 45 14
908 45 15
822 45 16
931 45 17
996 45 18
909 45 19
943 45 20
911 45 21
958 45 22
978 45 23
895 45 24
927 45 25
973 45 26
913 45 27
877 45 28
868 45 29
869 45 30
889 45 31
900 45 32
959 45 33
1005 45 34
1019 45 35
911 45 36
909 45 37
895 45 38
889 45 39
873 45 40
942 45 41
946 45 42
865 45 43
978 45 44
1132 45 45
993 45 46
931 45 47
958 45 48
972 45 49
940 45 50
835 45 51
940 45 52
921 45 53
957 45 54
774 45 55
899 45 56
877 45 57
894 45 58
925 45 59
931 45 60
971 45 61
935 45 62
949 45 63
937 45 64
875 45 65
786 45 66
941 45 67
837 45 68
931 45 69
925 45 70
891 45 71
905 45 72
950 45 73
925 45 74
814 45 75
925 45 76
829 45 77
924 45 78
1018 45 79
896 45 80
887 45 81
874 45 82
866 45 83
842 45 84
900 45 85
932 45 86
876 45 87
855 45 88
1019 45 89
935 45 90
925 45 91
957 45 92
915 45 93
853 45 94
940 45 95
857 45 96
785 45 97
985 45 98
937 45 99
962 45 100
811 46 1
837 46 2
946 46 3
827 46 4
884 46 5
910 46 6
885 46 7
849 46 8
857 46 9
732 46 10
979 46 11
934 46 12
1006 46 13
889 46 14
863 46 15
808 46 16
949 46 17
953 46 18
909 46 19
946 46 20
907 46 21
996 46 22
975 46 23
886 46 24
982 46 25
930 46 26
894 46 27
842 46 28
852 46 29
872 46 30
866 46 31
910 46 32
933 46 33
1017 46 34
954 46 35
863 46 36
904 46 37
875 46 38
821 46 39
855 46 40
910 46 41
914 46 42
820 46 43
948 46 44
983 46 45
1117 46 46
904 46 47
966 46 48
962 46 49
897 46 50
807 46 51
926 46 52
937 46 53
964 46 54
752 46 55
905 46 56
828 46 57
895 46 58
938 46 59
910 46 60
938 46 61
894 46 62
989 46 63
911 46 64
853 46 65
788 46 66
900 46 67
815 46 68
930 46 69
906 46 70
871 46 71
898 46 72
926 46 73
972 46 74
798 46 75
891 46 76
790 46 77
881 46 78
918 46 79
857 46 80
861 46 81
875 46 82
851 46 83
842 46 84
876 46 85
938 46 86
856 46 87
858 46 88
999 46 89
896 46 90
939 46 91
903 46 92
916 46 93
867 46 94
918 46 95
828 46 96
752 46 97
930 46 98
916 46 99
982 46 100
806 47 1
868 47 2
944 47 3
957 47 4
972 47 5
868 47 6
929 47 7
889 47 8
850 47 9
820 47 10
914 47 11
922 47 12
963 47 13
970 47 14
944 47 15
926 47 16
1016 47 17
906 47 18
984 47 19
945 47 20
886 47 21
903 47 22
1005 47 23
896 47 24
934 47 25
875 47 26
949 47 27
858 47 28
848 47 29
832 47 30
875 47 31
880 47 32
974 47 33
999 47 34
948 47 35
901 47 36
947 47 37
902 47 38
863 47 39
857 47 40
971 47 41
930 47 42
839 47 43
928 47 44
959 47 45
983 47 46
1068 47 47
941 47 48
921 47 49
913 47 50
912 47 51
945 47 52
958 47 53
971 47 54
766 47 55
905 47 56
881 47 57
884 47 58
928 47 59
906 47 60
930 47 61
928 47 62
1040 47 63
915 47 64
862 47 65
833 47 66
891 47 67
804 47 68
936 47 69
1005 47 70
942 47 71
986 47 72
895 47 73
935 47 74
848 47 75
884 47 76
862 47 77
925 47 78
930 47 79
912 47 80
844 47 81
885 47 82
887 47 83
842 47 84
858 47 85
919 47 86
852 47 87
846 47 88
976 47 89
965 47 90
998 47 91
989 47 92
889 47 93
913 47 94
906 47 95
923 47 96
842 47 97
904 47 98
943 47 99
967 47 100
826 48 1
862 48 2
946 48 3
834 48 4
875 48 5
912 48 6
940 48 7
837 48 8
836 48 9
720 48 10
981 48 11
939 48 12
980 48 13
868 48 14
889 48 15
839 48 16
970 48 17
980 48 18
897 48 19
946 48 20
937 48 21
932 48 22
1010 48 23
893 48 24
920 48 25
910 48 26
938 48 27
857 48 28
869 48 29
894 48 30
905 48 31
881 48 32
960 48 33
1027 48 34
968 48 35
883 48 36
906 48 37
892 48 38
852 48 39
882 48 40
917 48 41
915 48 42
831 48 43
998 48 44
995 48 45
985 48 46
940 48 47
1111 48 48
960 48 49
899 48 50
822 48 51
927 48 52
926 48 53
949 48 54
752 48 55
914 48 56
872 48 57
898 48 58
927 48 59
894 48 60
948 48 61
952 48 62
939 48 63
927 48 64
866 48 65
806 48 66
892 48 67
817 48 68
954 48 69
903 48 70
901 48 71
913 48 72
966 48 73
924 48 74
809 48 75
922 48 76
826 48 77
920 48 78
943 48 79
840 48 80
857 48 81
845 48 82
879 48 83
841 48 84
892 48 85
898 48 86
844 48 87
866 48 88
987 48 89
930 48 90
926 48 91
922 48 92
931 48 93
865 48 94
908 48 95
856 48 96
800 48 97
919 48 98
958 48 99
1004 48 100
862 49 1
864 49 2
919 49 3
817 49 4
855 49 5
941 49 6
929 49 7
869 49 8
873 49 9
746 49 10
1003 49 11
979 49 12
1019 49 13
851 49 14
845 49 15
806 49 16
948 49 17
1014 49 18
894 49 19
927 49 20
914 49 21
991 49 22
985 49 23
856 49 24
968 49 25
982 49 26
899 49 27
886 49 28
835 49 29
896 49 30
884 49 31
868 49 32
957 49 33
1023 49 34
991 49 35
938 49 36
941 49 37
904 49 38
911 49 39
903 49 40
889 49 41
946 49 42
862 49 43
975 49 44
1013 49 45
1022 49 46
929 49 47
983 49 48
1107 49 49
873 49 50
829 49 51
934 49 52
897 49 53
1015 49 54
754 49 55
982 49 56
859 49 57
943 49 58
921 49 59
947 49 60
944 49 61
943 49 62
945 49 63
974 49 64
854 49 65
787 49 66
925 49 67
843 49 68
957 49 69
895 49 70
908 49 71
877 49 72
947 49 73
965 49 74
793 49 75
935 49 76
843 49 77
936 49 78
1009 49 79
862 49 80
875 49 81
853 49 82
847 49 83
845 49 84
921 49 85
883 49 86
864 49 87
892 49 88
948 49 89
876 49 90
926 49 91
924 49 92
943 49 93
861 49 94
924 49 95
879 49 96
783 49 97
937 49 98
926 49 99
988 49 100
874 50 1
803 50 2
930 50 3
819 50 4
828 50 5
958 50 6
930 50 7
876 50 8
804 50 9
789 50 10
903 50 11
917 50 12
949 50 13
881 50 14
870 50 15
871 50 16
886 50 17
907 50 18
884 50 19
902 50 20
881 50 21
867 50 22
912 50 23
921 50 24
861 50 25
878 50 26
926 50 27
923 50 28
846 50 29
828 50 30
835 50 31
875 50 32
942 50 33
937 50 34
947 50 35
903 50 36
879 50 37
958 50 38
877 50 39
825 50 40
886 50 41
889 50 42
872 50 43
975 50 44
967 50 45
891 50 46
870 50 47
902 50 48
873 50 49
1086 50 50
863 50 51
987 50 52
876 50 53
880 50 54
773 50 55
842 50 56
934 50 57
870 50 58
859 50 59
933 50 60
986 50 61
934 50 62
933 50 63
892 50 64
875 50 65
805 50 66
930 50 67
735 50 68
880 50 69
863 50 70
828 50 71
862 50 72
871 50 73
860 50 74
844 50 75
923 50 76
862 50 77
855 50 78
964 50 79
843 50 80
892 50 81
862 50 82
874 50 83
809 50 84
962 50 85
987 50 86
923 50 87
909 50 88
943 50 89
888 50 90
891 50 91
894 50 92
891 50 93
827 50 94
972 50 95
867 50 96
840 50 97
867 50 98
986 50 99
864 50 100
821 51 1
796 51 2
900 51 3
900 51 4
886 51 5
842 51 6
845 51 7
894 51 8
819 51 9
842 51 10
770 51 11
809 51 12
876 51 13
890 51 14
847 51 15
917 51 16
875 51 17
838 51 18
950 51 19
843 51 20
845 51 21
779 51 22
910 51 23
846 51 24
790 51 25
799 51 26
900 51 27
860 51 28
814 51 29
788 51 30
789 51 31
835 51 32
894 51 33
875 51 34
872 51 35
873 51 36
847 51 37
869 51 38
849 51 39
803 51 40
910 51 41
781 51 42
804 51 43
811 51 44
846 51 45
837 51 46
895 51 47
811 51 48
813 51 49
902 51 50
1034 51 51
925 51 52
888 51 53
892 51 54
788 51 55
836 51 56
832 51 57
813 51 58
833 51 59
877 51 60
879 51 61
865 51 62
927 51 63
835 51 64
849 51 65
863 51 66
849 51 67
781 51 68
830 51 69
933 51 70
851 51 71
884 51 72
848 51 73
769 51 74
872 51 75
783 51 76
865 51 77
871 51 78
836 51 79
890 51 80
824 51 81
820 51 82
813 51 83
825 51 84
847 51 85
842 51 86
838 51 87
861 51 88
857 51 89
901 51 90
933 51 91
903 51 92
758 51 93
868 51 94
891 51 95
856 51 96
839 51 97
811 51 98
857 51 99
850 51 100
918 52 1
806 52 2
916 52 3
815 52 4
832 52 5
942 52 6
878 52 7
873 52 8
815 52 9
790 52 10
882 52 11
923 52 12
992 52 13
866 52 14
845 52 15
859 52 16
969 52 17
971 52 18
920 52 19
906 52 20
914 52 21
914 52 22
987 52 23
850 52 24
906 52 25
920 52 26
941 52 27
905 52 28
820 52 29
854 52 30
822 52 31
918 52 32
979 52 33
982 52 34
961 52 35
935 52 36
942 52 37
956 52 38
922 52 39
858 52 40
894 52 41
911 52 42
915 52 43
967 52 44
947 52 45
947 52 46
906 52 47
922 52 48
954 52 49
966 52 50
873 52 51
1114 52 52
890 52 53
946 52 54
777 52 55
945 52 56
897 52 57
903 52 58
887 52 59
949 52 60
1016 52 61
959 52 62
969 52 63
916 52 64
926 52 65
827 52 66
941 52 67
770 52 68
851 52 69
913 52 70
846 52 71
883 52 72
877 52 73
888 52 74
841 52 75
940 52 76
835 52 77
892 52 78
935 52 79
843 52 80
895 52 81
851 52 82
844 52 83
788 52 84
980 52 85
952 52 86
918 52 87
936 52 88
956 52 89
879 52 90
883 52 91
905 52 92
891 52 93
849 52 94
999 52 95
909 52 96
829 52 97
916 52 98
982 52 99
918 52 100
808 53 1
832 53 2
962 53 3
929 53 4
949 53 5
880 53 6
906 53 7
858 53 8
862 53 9
791 53 10
885 53 11
887 53 12
965 53 13
961 53 14
943 53 15
921 53 16
924 53 17
911 53 18
945 53 19
926 53 20
886 53 21
891 53 22
1005 53 23
911 53 24
871 53 25
873 53 26
945 53 27
843 53 28
889 53 29
848 53 30
886 53 31
847 53 32
927 53 33
957 53 34
956 53 35
875 53 36
880 53 37
858 53 38
807 53 39
894 53 40
986 53 41
885 53 42
793 53 43
910 53 44
955 53 45
984 53 46
982 53 47
964 53 48
892 53 49
905 53 50
904 53 51
908 53 52
1073 53 53
949 53 54
783 53 55
864 53 56
860 53 57
879 53 58
925 53 59
869 53 60
922 53 61
934 53 62
955 53 63
894 53 64
826 53 65
847 53 66
834 53 67
811 53 68
921 53 69
969 53 70
895 53 71
968 53 72
941 53 73
870 53 74
848 53 75
829 53 76
842 53 77
922 53 78
892 53 79
943 53 80
819 53 81
853 53 82
895 53 83
878 53 84
848 53 85
877 53 86
825 53 87
843 53 88
970 53 89
986 53 90
972 53 91
957 53 92
880 53 93
897 53 94
891 53 95
833 53 96
816 53 97
916 53 98
926 53 99
938 53 100
807 54 1
897 54 2
923 54 3
831 54 4
854 54 5
882 54 6
894 54 7
859 54 8
848 54 9
793 54 10
940 54 11
915 54 12
972 54 13
872 54 14
824 54 15
827 54 16
934 54 17
984 54 18
900 54 19
969 54 20
889 54 21
933 54 22
969 54 23
827 54 24
913 54 25
951 54 26
873 54 27
874 54 28
798 54 29
864 54 30
862 54 31
857 54 32
894 54 33
1024 54 34
993 54 35
970 54 36
987 54 37
889 54 38
862 54 39
872 54 40
859 54 41
937 54 42
837 54 43
956 54 44
929 54 45
980 54 46
885 54 47
906 54 48
971 54 49
859 54 50
847 54 51
936 54 52
871 54 53
1144 54 54
738 54 55
1010 54 56
869 54 57
935 54 58
974 54 59
913 54 60
906 54 61
982 54 62
936 54 63
981 54 64
879 54 65
803 54 66
895 54 67
840 54 68
911 54 69
901 54 70
900 54 71
891 54 72
924 54 73
854 54 74
810 54 75
874 54 76
840 54 77
937 54 78
936 54 79
828 54 80
824 54 81
844 54 82
808 54 83
824 54 84
876 54 85
890 54 86
874 54 87
884 54 88
903 54 89
869 54 90
902 54 91
935 54 92
953 54 93
848 54 94
939 54 95
898 54 96
794 54 97
899 54 98
900 54 99
980 54 100
812 55 1
715 55 2
880 55 3
784 55 4
795 55 5
847 55 6
849 55 7
870 55 8
887 55 9
822 55 10
768 55 11
779 55 12
826 55 13
831 55 14
782 55 15
794 55 16
808 55 17
845 55 18
822 55 19
836 55 20
803 55 21
791 55 22
836 55 23
936 55 24
767 55 25
781 55 26
838 55 27
827 55 28
866 55 29
891 55 30
885 55 31
808 55 32
820 55 33
854 55 34
875 55 35
811 55 36
806 55 37
816 55 38
786 55 39
908 55 40
797 55 41
765 55 42
742 55 43
821 55 44
810 55 45
813 55 46
779 55 47
788 55 48
781 55 49
860 55 50
839 55 51
831 55 52
835 55 53
817 55 54
910 55 55
758 55 56
764 55 57
781 55 58
820 55 59
868 55 60
873 55 61
847 55 62
832 55 63
808 55 64
790 55 65
890 55 66
846 55 67
847 55 68
828 55 69
826 55 70
772 55 71
808 55 72
895 55 73
774 55 74
899 55 75
802 55 76
859 55 77
802 55 78
816 55 79
825 55 80
800 55 81
897 55 82
909 55 83
866 55 84
796 55 85
829 55 86
766 55 87
811 55 88
847 55 89
804 55 90
824 55 91
825 55 92
773 55 93
914 55 94
833 55 95
761 55 96
861 55 97
768 55 98
795 55 99
818 55 100
817 56 1
884 56 2
867 56 3
836 56 4
869 56 5
835 56 6
830 56 7
816 56 8
808 56 9
775 56 10
918 56 11
937 56 12
939 56 13
832 56 14
818 56 15
838 56 16
960 56 17
969 56 18
903 56 19
891 56 20
862 56 21
895 56 22
969 56 23
786 56 24
932 56 25
934 56 26
873 56 27
875 56 28
747 56 29
859 56 30
857 56 31
833 56 32
910 56 33
989 56 34
953 56 35
950 56 36
964 56 37
891 56 38
891 56 39
851 56 40
866 56 41
942 56 42
875 56 43
944 56 44
890 56 45
940 56 46
890 56 47
899 56 48
947 56 49
837 56 50
819 56 51
932 56 52
835 56 53
1029 56 54
710 56 55
1076 56 56
849 56 57
908 56 58
915 56 59
889 56 60
918 56 61
943 56 62
924 56 63
957 56 64
892 56 65
757 56 66
881 56 67
791 56 68
882 56 69
915 56 70
882 56 71
867 56 72
863 56 73
893 56 74
776 56 75
896 56 76
775 56 77
895 56 78
920 56 79
823 56 80
799 56 81
816 56 82
795 56 83
782 56 84
919 56 85
874 56 86
837 56 87
847 56 88
870 56 89
848 56 90
906 56 91
889 56 92
929 56 93
806 56 94
908 56 95
901 56 96
767 56 97
892 56 98
924 56 99
949 56 100
840 57 1
818 57 2
874 57 3
832 57 4
833 57 5
972 57 6
893 57 7
868 57 8
814 57 9
788 57 10
859 57 11
903 57 12
892 57 13
829 57 14
858 57 15
862 57 16
877 57 17
925 57 18
878 57 19
883 57 20
894 57 21
857 57 22
937 57 23
846 57 24
846 57 25
882 57 26
907 57 27
903 57 28
792 57 29
799 57 30
819 57 31
859 57 32
916 57 33
886 57 34
927 57 35
958 57 36
898 57 37
932 57 38
909 57 39
818 57 40
869 57 41
930 57 42
896 57 43
970 57 44
917 57 45
873 57 46
877 57 47
879 57 48
873 57 49
954 57 50
840 57 51
929 57 52
868 57 53
911 57 54
732 57 55
881 57 56
1030 57 57
827 57 58
861 57 59
911 57 60
931 57 61
940 57 62
878 57 63
902 57 64
863 57 65
810 57 66
901 57 67
759 57 68
862 57 69
869 57 70
870 57 71
843 57 72
857 57 73
808 57 74
793 57 75
902 57 76
841 57 77
919 57 78
930 57 79
832 57 80
841 57 81
787 57 82
839 57 83
799 57 84
924 57 85
922 57 86
859 57 87
906 57 88
895 57 89
835 57 90
865 57 91
895 57 92
926 57 93
806 57 94
926 57 95
882 57 96
795 57 97
878 57 98
937 57 99
869 57 100
836 58 1
804 58 2
857 58 3
790 58 4
830 58 5
886 58 6
876 58 7
814 58 8
833 58 9
729 58 10
890 58 11
862 58 12
971 58 13
840 58 14
807 58 15
780 58 16
923 58 17
969 58 18
854 58 19
872 58 20
849 58 21
905 58 22
942 58 23
840 58 24
873 58 25
928 58 26
833 58 27
834 58 28
795 58 29
866 58 30
838 58 31
803 58 32
932 58 33
981 58 34
960 58 35
921 58 36
927 58 37
852 58 38
833 58 39
882 58 40
830 58 41
878 58 42
785 58 43
935 58 44
944 58 45
947 58 46
876 58 47
922 58 48
958 58 49
846 58 50
802 58 51
903 58 52
873 58 53
989 58 54
750 58 55
918 58 56
821 58 57
1027 58 58
934 58 59
877 58 60
916 58 61
906 58 62
881 58 63
933 58 64
852 58 65
783 58 66
847 58 67
790 58 68
877 58 69
864 58 70
862 58 71
862 58 72
888 58 73
872 58 74
780 58 75
855 58 76
825 58 77
909 58 78
915 58 79
845 58 80
827 58 81
809 58 82
828 58 83
820 58 84
878 58 85
876 58 86
829 58 87
878 58 88
897 58 89
872 58 90
881 58 91
871 58 92
880 58 93
801 58 94
875 58 95
818 58 96
756 58 97
888 58 98
899 58 99
943 58 100
794 59 1
872 59 2
884 59 3
850 59 4
890 59 5
826 59 6
868 59 7
812 59 8
836 59 9
809 59 10
895 59 11
831 59 12
943 59 13
837 59 14
860 59 15
829 59 16
973 59 17
919 59 18
902 59 19
924 59 20
856 59 21
870 59 22
979 59 23
843 59 24
875 59 25
909 59 26
861 59 27
823 59 28
808 59 29
837 59 30
882 59 31
822 59 32
943 59 33
1016 59 34
995 59 35
923 59 36
971 59 37
817 59 38
830 59 39
842 59 40
862 59 41
880 59 42
813 59 43
951 59 44
906 59 45
939 59 46
863 59 47
917 59 48
885 59 49
852 59 50
826 59 51
869 59 52
884 59 53
996 59 54
757 59 55
938 59 56
828 59 57
895 59 58
1077 59 59
862 59 60
854 59 61
942 59 62
921 59 63
902 59 64
841 59 65
806 59 66
882 59 67
801 59 68
861 59 69
927 59 70
880 59 71
847 59 72
878 59 73
865 59 74
810 59 75
846 59 76
802 59 77
909 59 78
902 59 79
832 59 80
805 59 81
828 59 82
812 59 83
844 59 84
826 59 85
868 59 86
838 59 87
829 59 88
936 59 89
904 59 90
901 59 91
898 59 92
891 59 93
815 59 94
869 59 95
864 59 96
775 59 97
865 59 98
909 59 99
942 59 100
854 60 1
777 60 2
901 60 3
803 60 4
846 60 5
946 60 6
892 60 7
871 60 8
842 60 9
807 60 10
841 60 11
890 60 12
947 60 13
869 60 14
858 60 15
851 60 16
875 60 17
869 60 18
886 60 19
883 60 20
878 60 21
889 60 22
933 60 23
866 60 24
866 60 25
878 60 26
891 60 27
956 60 28
830 60 29
830 60 30
833 60 31
866 60 32
920 60 33
952 60 34
902 60 35
927 60 36
868 60 37
943 60 38
883 60 39
831 60 40
868 60 41
887 60 42
889 60 43
905 60 44
925 60 45
900 60 46
879 60 47
883 60 48
894 60 49
960 60 50
866 60 51
958 60 52
854 60 53
909 60 54
782 60 55
847 60 56
901 60 57
843 60 58
874 60 59
1054 60 60
937 60 61
922 60 62
919 60 63
897 60 64
855 60 65
820 60 66
897 60 67
777 60 68
872 60 69
897 60 70
814 60 71
856 60 72
867 60 73
842 60 74
827 60 75
905 60 76
857 60 77
857 60 78
906 60 79
830 60 80
840 60 81
837 60 82
840 60 83
804 60 84
894 60 85
929 60 86
879 60 87
909 60 88
907 60 89
848 60 90
878 60 91
896 60 92
856 60 93
867 60 94
938 60 95
891 60 96
837 60 97
892 60 98
920 60 99
895 60 100
904 61 1
778 61 2
924 61 3
826 61 4
861 61 5
954 61 6
926 61 7
853 61 8
852 61 9
754 61 10
912 61 11
928 61 12
976 61 13
887 61 14
854 61 15
861 61 16
916 61 17
947 61 18
925 61 19
884 61 20
936 61 21
938 61 22
930 61 23
907 61 24
867 61 25
895 61 26
982 61 27
916 61 28
835 61 29
902 61 30
890 61 31
871 61 32
936 61 33
979 61 34
922 61 35
893 61 36
870 61 37
978 61 38
914 61 39
895 61 40
908 61 41
902 61 42
883 61 43
962 61 44
942 61 45
915 61 46
879 61 47
918 61 48
912 61 49
948 61 50
854 61 51
963 61 52
879 61 53
903 61 54
771 61 55
894 61 56
882 61 57
859 61 58
853 61 59
922 61 60
1168 61 61
908 61 62
965 61 63
879 61 64
918 61 65
821 61 66
913 61 67
763 61 68
886 61 69
877 61 70
840 61 71
875 61 72
902 61 73
878 61 74
834 61 75
940 61 76
839 61 77
838 61 78
950 61 79
835 61 80
919 61 81
898 61 82
917 61 83
798 61 84
988 61 85
969 61 86
912 61 87
869 61 88
926 61 89
872 61 90
891 61 91
882 61 92
911 61 93
875 61 94
954 61 95
848 61 96
871 61 97
934 61 98
916 61 99
915 61 100
890 62 1
874 62 2
969 62 3
873 62 4
903 62 5
962 62 6
929 62 7
903 62 8
898 62 9
836 62 10
943 62 11
980 62 12
1026 62 13
900 62 14
906 62 15
878 62 16
982 62 17
999 62 18
940 62 19
974 62 20
932 62 21
997 62 22
1020 62 23
902 62 24
946 62 25
968 62 26
951 62 27
908 62 28
865 62 29
920 62 30
912 62 31
910 62 32
988 62 33
1021 62 34
1030 62 35
1000 62 36
1011 62 37
941 62 38
916 62 39
923 62 40
933 62 41
975 62 42
898 62 43
1033 62 44
985 62 45
1000 62 46
941 62 47
964 62 48
994 62 49
953 62 50
896 62 51
1019 62 52
937 62 53
1024 62 54
796 62 55
977 62 56
927 62 57
947 62 58
971 62 59
951 62 60
962 62 61
1109 62 62
967 62 63
998 62 64
897 62 65
851 62 66
944 62 67
849 62 68
945 62 69
941 62 70
901 62 71
942 62 72
945 62 73
928 62 74
863 62 75
969 62 76
867 62 77
987 62 78
989 62 79
893 62 80
870 62 81
879 62 82
891 62 83
863 62 84
932 62 85
947 62 86
919 62 87
929 62 88
984 62 89
911 62 90
938 62 91
950 62 92
955 62 93
907 62 94
983 62 95
917 62 96
839 62 97
964 62 98
996 62 99
974 62 100
840 63 1
853 63 2
973 63 3
935 63 4
963 63 5
904 63 6
934 63 7
869 63 8
860 63 9
759 63 10
910 63 11
931 63 12
958 63 13
1004 63 14
921 63 15
911 63 16
970 63 17
930 63 18
1045 63 19
921 63 20
930 63 21
948 63 22
952 63 23
866 63 24
896 63 25
918 63 26
999 63 27
880 63 28
829 63 29
863 63 30
873 63 31
899 63 32
967 63 33
990 63 34
952 63 35
904 63 36
933 63 37
935 63 38
875 63 39
867 63 40
1036 63 41
915 63 42
858 63 43
927 63 44
943 63 45
979 63 46
987 63 47
911 63 48
909 63 49
904 63 50
903 63 51
953 63 52
922 63 53
948 63 54
750 63 55
892 63 56
840 63 57
859 63 58
892 63 59
890 63 60
968 63 61
928 63 62
1177 63 63
907 63 64
913 63 65
791 63 66
904 63 67
809 63 68
904 63 69
934 63 70
963 63 71
985 63 72
888 63 73
940 63 74
828 63 75
893 63 76
839 63 77
887 63 78
959 63 79
930 63 80
881 63 81
899 63 82
881 63 83
799 63 84
940 63 85
929 63 86
903 63 87
851 63 88
975 63 89
978 63 90
1048 63 91
961 63 92
907 63 93
868 63 94
952 63 95
853 63 96
853 63 97
919 63 98
937 63 99
925 63 100
835 64 1
882 64 2
874 64 3
801 64 4
836 64 5
905 64 6
881 64 7
827 64 8
840 64 9
752 64 10
893 64 11
930 64 12
904 64 13
828 64 14
852 64 15
796 64 16
897 64 17
970 64 18
866 64 19
907 64 20
834 64 21
902 64 22
968 64 23
833 64 24
892 64 25
935 64 26
852 64 27
860 64 28
768 64 29
874 64 30
853 64 31
821 64 32
894 64 33
922 64 34
951 64 35
956 64 36
991 64 37
873 64 38
867 64 39
897 64 40
862 64 41
927 64 42
841 64 43
942 64 44
917 64 45
929 64 46
873 64 47
882 64 48
924 64 49
868 64 50
807 64 51
936 64 52
848 64 53
989 64 54
734 64 55
924 64 56
855 64 57
909 64 58
894 64 59
854 64 60
874 64 61
929 64 62
901 64 63
1104 64 64
875 64 65
791 64 66
902 64 67
839 64 68
914 64 69
868 64 70
911 64 71
885 64 72
898 64 73
857 64 74
785 64 75
869 64 76
835 64 77
943 64 78
941 64 79
830 64 80
829 64 81
804 64 82
848 64 83
798 64 84
906 64 85
867 64 86
836 64 87
865 64 88
901 64 89
845 64 90
898 64 91
901 64 92
914 64 93
821 64 94
928 64 95
875 64 96
786 64 97
902 64 98
906 64 99
874 64 100
883 65 1
839 65 2
917 65 3
814 65 4
844 65 5
919 65 6
870 65 7
855 65 8
825 65 9
793 65 10
889 65 11
909 65 12
966 65 13
860 65 14
800 65 15
807 65 16
955 65 17
991 65 18
919 65 19
916 65 20
938 65 21
935 65 22
970 65 23
848 65 24
887 65 25
900 65 26
930 65 27
908 65 28
791 65 29
869 65 30
859 65 31
911 65 32
961 65 33
974 65 34
957 65 35
965 65 36
939 65 37
959 65 38
932 65 39
859 65 40
873 65 41
906 65 42
903 65 43
965 65 44
926 65 45
924 65 46
867 65 47
887 65 48
893 65 49
919 65 50
848 65 51
983 65 52
844 65 53
955 65 54
755 65 55
936 65 56
872 65 57
874 65 58
890 65 59
919 65 60
1001 65 61
926 65 62
945 65 63
924 65 64
1042 65 65
792 65 66
978 65 67
796 65 68
856 65 69
881 65 70
856 65 71
880 65 72
860 65 73
874 65 74
833 65 75
940 65 76
813 65 77
882 65 78
947 65 79
824 65 80
885 65 81
846 65 82
858 65 83
792 65 84
960 65 85
966 65 86
920 65 87
900 65 88
926 65 89
842 65 90
918 65 91
899 65 92
874 65 93
852 65 94
1013 65 95
888 65 96
788 65 97
929 65 98
936 65 99
924 65 100
781 66 1
762 66 2
906 66 3
816 66 4
809 66 5
853 66 6
842 66 7
841 66 8
873 66 9
836 66 10
754 66 11
803 66 12
807 66 13
791 66 14
816 66 15
831 66 16
822 66 17
849 66 18
836 66 19
842 66 20
819 66 21
769 66 22
902 66 23
878 66 24
768 66 25
768 66 26
888 66 27
799 66 28
839 66 29
854 66 30
862 66 31
810 66 32
811 66 33
845 66 34
832 66 35
780 66 36
800 66 37
824 66 38
763 66 39
886 66 40
814 66 41
778 66 42
738 66 43
829 66 44
789 66 45
815 66 46
816 66 47
831 66 48
775 66 49
835 66 50
852 66 51
854 66 52
853 66 53
843 66 54
834 66 55
761 66 56
781 66 57
773 66 58
832 66 59
841 66 60
859 66 61
861 66 62
813 66 63
828 66 64
788 66 65
991 66 66
805 66 67
810 66 68
831 66 69
851 66 70
807 66 71
815 66 72
899 66 73
752 66 74
893 66 75
762 66 76
826 66 77
810 66 78
780 66 79
800 66 80
772 66 81
892 66 82
901 66 83
846 66 84
794 66 85
800 66 86
776 66 87
811 66 88
835 66 89
823 66 90
819 66 91
857 66 92
785 66 93
925 66 94
833 66 95
775 66 96
894 66 97
775 66 98
810 66 99
821 66 100
879 67 1
852 67 2
922 67 3
820 67 4
845 67 5
937 67 6
918 67 7
896 67 8
836 67 9
771 67 10
958 67 11
914 67 12
963 67 13
840 67 14
825 67 15
821 67 16
954 67 17
992 67 18
914 67 19
932 67 20
929 67 21
930 67 22
954 67 23
892 67 24
916 67 25
915 67 26
893 67 27
863 67 28
826 67 29
850 67 30
854 67 31
917 67 32
947 67 33
979 67 34
980 67 35
926 67 36
933 67 37
892 67 38
940 67 39
847 67 40
863 67 41
917 67 42
872 67 43
961 67 44
959 67 45
924 67 46
877 67 47
914 67 48
926 67 49
924 67 50
848 67 51
960 67 52
849 67 53
956 67 54
778 67 55
915 67 56
868 67 57
876 67 58
900 67 59
915 67 60
981 67 61
933 67 62
944 67 63
940 67 64
913 67 65
789 67 66
1062 67 67
859 67 68
878 67 69
878 67 70
872 67 71
874 67 72
876 67 73
861 67 74
848 67 75
930 67 76
867 67 77
932 67 78
983 67 79
841 67 80
934 67 81
846 67 82
875 67 83
825 67 84
924 67 85
933 67 86
900 67 87
916 67 88
929 67 89
846 67 90
897 67 91
915 67 92
884 67 93
889 67 94
979 67 95
886 67 96
800 67 97
908 67 98
890 67 99
909 67 100
758 68 1
805 68 2
885 68 3
791 68 4
813 68 5
829 68 6
859 68 7
860 68 8
896 68 9
771 68 10
815 68 11
809 68 12
815 68 13
827 68 14
779 68 15
772 68 16
815 68 17
892 68 18
816 68 19
824 68 20
782 68 21
823 68 22
838 68 23
879 68 24
797 68 25
809 68 26
809 68 27
795 68 28
867 68 29
886 68 30
885 68 31
841 68 32
784 68 33
835 68 34
847 68 35
812 68 36
822 68 37
774 68 38
796 68 39
895 68 40
812 68 41
775 68 42
704 68 43
830 68 44
845 68 45
845 68 46
784 68 47
822 68 48
823 68 49
788 68 50
827 68 51
803 68 52
828 68 53
854 68 54
800 68 55
795 68 56
737 68 57
793 68 58
807 68 59
833 68 60
806 68 61
825 68 62
824 68 63
872 68 64
774 68 65
826 68 66
839 68 67
984 68 68
867 68 69
784 68 70
837 68 71
803 68 72
926 68 73
765 68 74
823 68 75
761 68 76
851 68 77
881 68 78
844 68 79
835 68 80
791 68 81
848 68 82
886 68 83
845 68 84
755 68 85
795 68 86
749 68 87
813 68 88
809 68 89
794 68 90
866 68 91
840 68 92
786 68 93
891 68 94
831 68 95
784 68 96
808 68 97
794 68 98
769 68 99
848 68 100
789 69 1
887 69 2
909 69 3
864 69 4
891 69 5
858 69 6
914 69 7
840 69 8
883 69 9
741 69 10
910 69 11
930 69 12
908 69 13
878 69 14
912 69 15
831 69 16
850 69 17
887 69 18
865 69 19
900 69 20
791 69 21
883 69 22
903 69 23
910 69 24
902 69 25
868 69 26
882 69 27
824 69 28
867 69 29
865 69 30
883 69 31
851 69 32
821 69 33
911 69 34
907 69 35
826 69 36
842 69 37
868 69 38
779 69 39
851 69 40
910 69 41
864 69 42
783 69 43
911 69 44
939 69 45
925 69 46
891 69 47
927 69 48
899 69 49
876 69 50
824 69 51
841 69 52
879 69 53
903 69 54
760 69 55
849 69 56
828 69 57
829 69 58
853 69 59
847 69 60
868 69 61
894 69 62
909 69 63
918 69 64
785 69 65
778 69 66
819 69 67
854 69 68
1085 69 69
846 69 70
914 69 71
894 69 72
946 69 73
892 69 74
795 69 75
864 69 76
819 69 77
906 69 78
920 69 79
859 69 80
784 69 81
852 69 82
872 69 83
822 69 84
823 69 85
843 69 86
812 69 87
775 69 88
923 69 89
887 69 90
911 69 91
893 69 92
894 69 93
860 69 94
835 69 95
823 69 96
806 69 97
872 69 98
898 69 99
911 69 100
818 70 1
833 70 2
908 70 3
924 70 4
924 70 5
820 70 6
844 70 7
835 70 8
822 70 9
832 70 10
839 70 11
892 70 12
952 70 13
889 70 14
896 70 15
909 70 16
972 70 17
871 70 18
962 70 19
882 70 20
839 70 21
847 70 22
1020 70 23
841 70 24
879 70 25
858 70 26
903 70 27
835 70 28
805 70 29
805 70 30
867 70 31
828 70 32
930 70 33
980 70 34
941 70 35
905 70 36
910 70 37
845 70 38
819 70 39
836 70 40
952 70 41
900 70 42
830 70 43
875 70 44
909 70 45
933 70 46
953 70 47
889 70 48
877 70 49
900 70 50
907 70 51
937 70 52
913 70 53
945 70 54
767 70 55
919 70 56
855 70 57
864 70 58
930 70 59
887 70 60
913 70 61
911 70 62
965 70 63
873 70 64
837 70 65
845 70 66
847 70 67
749 70 68
870 70 69
1074 70 70
860 70 71
899 70 72
859 70 73
872 70 74
832 70 75
819 70 76
819 70 77
860 70 78
868 70 79
901 70 80
774 70 81
855 70 82
822 70 83
824 70 84
854 70 85
887 70 86
839 70 87
833 70 88
945 70 89
922 70 90
931 70 91
911 70 92
823 70 93
862 70 94
872 70 95
861 70 96
830 70 97
879 70 98
931 70 99
913 70 100
796 71 1
898 71 2
909 71 3
939 71 4
948 71 5
850 71 6
896 71 7
820 71 8
872 71 9
766 71 10
900 71 11
891 71 12
885 71 13
898 71 14
912 71 15
881 71 16
931 71 17
948 71 18
984 71 19
888 71 20
864 71 21
880 71 22
956 71 23
844 71 24
891 71 25
903 71 26
926 71 27
828 71 28
795 71 29
859 71 30
879 71 31
852 71 32
919 71 33
935 71 34
935 71 35
862 71 36
952 71 37
851 71 38
853 71 39
864 71 40
966 71 41
904 71 42
817 71 43
930 71 44
914 71 45
913 71 46
961 71 47
905 71 48
904 71 49
830 71 50
848 71 51
869 71 52
893 71 53
953 71 54
707 71 55
913 71 56
846 71 57
863 71 58
909 71 59
808 71 60
874 71 61
887 71 62
1017 71 63
963 71 64
845 71 65
772 71 66
885 71 67
840 71 68
924 71 69
909 71 70
1072 71 71
933 71 72
896 71 73
900 71 74
793 71 75
855 71 76
824 71 77
906 71 78
940 71 79
907 71 80
827 71 81
813 71 82
857 71 83
804 71 84
866 71 85
828 71 86
822 71 87
806 71 88
929 71 89
932 71 90
1005 71 91
959 71 92
921 71 93
814 71 94
878 71 95
838 71 96
791 71 97
850 71 98
891 71 99
898 71 100
806 72 1
837 72 2
959 72 3
885 72 4
902 72 5
872 72 6
930 72 7
854 72 8
815 72 9
729 72 10
879 72 11
890 72 12
931 72 13
962 72 14
925 72 15
858 72 16
942 72 17
909 72 18
906 72 19
906 72 20
884 72 21
914 72 22
943 72 23
868 72 24
879 72 25
819 72 26
952 72 27
821 72 28
828 72 29
855 72 30
846 72 31
879 72 32
893 72 33
951 72 34
887 72 35
884 72 36
901 72 37
917 72 38
815 72 39
850 72 40
962 72 41
883 72 42
801 72 43
904 72 44
931 72 45
928 72 46
979 72 47
902 72 48
870 72 49
877 72 50
874 72 51
913 72 52
905 72 53
912 72 54
749 72 55
855 72 56
829 72 57
840 72 58
825 72 59
846 72 60
909 72 61
880 72 62
986 72 63
897 72 64
860 72 65
777 72 66
835 72 67
792 72 68
922 72 69
897 72 70
922 72 71
1079 72 72
891 72 73
887 72 74
822 72 75
888 72 76
802 72 77
918 72 78
879 72 79
864 72 80
828 72 81
848 72 82
863 72 83
777 72 84
871 72 85
908 72 86
836 72 87
795 72 88
937 72 89
928 72 90
991 72 91
948 72 92
887 72 93
853 72 94
891 72 95
854 72 96
811 72 97
878 72 98
910 72 99
954 72 100
787 73 1
825 73 2
934 73 3
828 73 4
841 73 5
882 73 6
936 73 7
843 73 8
931 73 9
765 73 10
905 73 11
889 73 12
909 73 13
871 73 14
858 73 15
819 73 16
871 73 17
950 73 18
844 73 19
897 73 20
861 73 21
906 73 22
921 73 23
963 73 24
867 73 25
874 73 26
874 73 27
817 73 28
898 73 29
998 73 30
989 73 31
829 73 32
845 73 33
935 73 34
914 73 35
853 73 36
864 73 37
869 73 38
802 73 39
974 73 40
879 73 41
875 73 42
757 73 43
926 73 44
941 73 45
931 73 46
865 73 47
931 73 48
900 73 49
869 73 50
816 73 51
842 73 52
895 73 53
928 73 54
823 73 55
850 73 56
789 73 57
828 73 58
873 73 59
883 73 60
897 73 61
892 73 62
886 73 63
929 73 64
801 73 65
852 73 66
847 73 67
907 73 68
926 73 69
850 73 70
865 73 71
882 73 72
1127 73 73
849 73 74
864 73 75
834 73 76
832 73 77
880 73 78
908 73 79
844 73 80
821 73 81
931 73 82
932 73 83
887 73 84
829 73 85
841 73 86
776 73 87
797 73 88
900 73 89
876 73 90
902 73 91
863 73 92
893 73 93
916 73 94
852 73 95
786 73 96
858 73 97
851 73 98
866 73 99
938 73 100
809 74 1
819 74 2
930 74 3
798 74 4
838 74 5
832 74 6
855 74 7
782 74 8
852 74 9
694 74 10
932 74 11
919 74 12
958 74 13
834 74 14
835 74 15
758 74 16
904 74 17
883 74 18
888 74 19
892 74 20
876 74 21
967 74 22
909 74 23
805 74 24
932 74 25
875 74 26
926 74 27
806 74 28
804 74 29
867 74 30
860 74 31
862 74 32
914 74 33
978 74 34
891 74 35
847 74 36
912 74 37
855 74 38
834 74 39
860 74 40
871 74 41
902 74 42
851 74 43
926 74 44
906 74 45
974 74 46
910 74 47
914 74 48
962 74 49
817 74 50
765 74 51
886 74 52
849 74 53
881 74 54
717 74 55
878 74 56
783 74 57
849 74 58
858 74 59
844 74 60
909 74 61
895 74 62
964 74 63
880 74 64
832 74 65
734 74 66
843 74 67
773 74 68
901 74 69
847 74 70
873 74 71
880 74 72
859 74 73
1062 74 74
759 74 75
927 74 76
761 74 77
837 74 78
929 74 79
801 74 80
818 74 81
855 74 82
809 74 83
759 74 84
881 74 85
863 74 86
865 74 87
796 74 88
968 74 89
853 74 90
892 74 91
884 74 92
897 74 93
834 74 94
893 74 95
833 74 96
756 74 97
886 74 98
918 74 99
930 74 100
790 75 1
783 75 2
928 75 3
849 75 4
856 75 5
841 75 6
872 75 7
888 75 8
896 75 9
861 75 10
812 75 11
814 75 12
864 75 13
877 75 14
840 75 15
845 75 16
895 75 17
862 75 18
893 75 19
846 75 20
837 75 21
806 75 22
897 75 23
921 75 24
817 75 25
808 75 26
897 75 27
860 75 28
852 75 29
897 75 30
928 75 31
854 75 32
873 75 33
914 75 34
898 75 35
827 75 36
849 75 37
868 75 38
822 75 39
886 75 40
879 75 41
834 75 42
774 75 43
863 75 44
840 75 45
856 75 46
868 75 47
836 75 48
803 75 49
870 75 50
868 75 51
867 75 52
855 75 53
868 75 54
861 75 55
810 75 56
793 75 57
767 75 58
863 75 59
863 75 60
875 75 61
865 75 62
910 75 63
850 75 64
831 75 65
914 75 66
871 75 67
867 75 68
848 75 69
888 75 70
840 75 71
879 75 72
915 75 73
817 75 74
991 75 75
811 75 76
858 75 77
839 75 78
832 75 79
850 75 80
810 75 81
919 75 82
928 75 83
862 75 84
815 75 85
859 75 86
815 75 87
791 75 88
893 75 89
868 75 90
909 75 91
850 75 92
809 75 93
938 75 94
858 75 95
810 75 96
908 75 97
803 75 98
848 75 99
863 75 100
874 76 1
807 76 2
894 76 3
765 76 4
803 76 5
930 76 6
920 76 7
828 76 8
830 76 9
701 76 10
938 76 11
907 76 12
973 76 13
826 76 14
829 76 15
774 76 16
904 76 17
957 76 18
843 76 19
913 76 20
940 76 21
957 76 22
912 76 23
871 76 24
896 76 25
902 76 26
946 76 27
858 76 28
819 76 29
870 76 30
860 76 31
862 76 32
929 76 33
966 76 34
927 76 35
891 76 36
907 76 37
950 76 38
906 76 39
841 76 40
861 76 41
919 76 42
904 76 43
1006 76 44
935 76 45
900 76 46
869 76 47
927 76 48
933 76 49
897 76 50
753 76 51
924 76 52
820 76 53
901 76 54
755 76 55
888 76 56
870 76 57
815 76 58
848 76 59
919 76 60
1003 76 61
932 76 62
923 76 63
893 76 64
898 76 65
771 76 66
923 76 67
763 76 68
897 76 69
826 76 70
845 76 71
878 76 72
893 76 73
922 76 74
805 76 75
1070 76 76
787 76 77
837 76 78
961 76 79
773 76 80
905 76 81
854 76 82
851 76 83
766 76 84
966 76 85
927 76 86
911 76 87
836 76 88
938 76 89
821 76 90
878 76 91
873 76 92
941 76 93
843 76 94
933 76 95
862 76 96
821 76 97
911 76 98
924 76 99
894 76 100
825 77 1
783 77 2
897 77 3
825 77 4
832 77 5
890 77 6
893 77 7
917 77 8
852 77 9
824 77 10
821 77 11
842 77 12
864 77 13
848 77 14
844 77 15
866 77 16
845 77 17
873 77 18
875 77 19
863 77 20
829 77 21
808 77 22
891 77 23
914 77 24
814 77 25
836 77 26
855 77 27
869 77 28
846 77 29
827 77 30
836 77 31
828 77 32
868 77 33
846 77 34
875 77 35
842 77 36
846 77 37
878 77 38
823 77 39
847 77 40
847 77 41
845 77 42
780 77 43
862 77 44
861 77 45
863 77 46
866 77 47
847 77 48
836 77 49
916 77 50
887 77 51
896 77 52
867 77 53
879 77 54
809 77 55
814 77 56
834 77 57
795 77 58
832 77 59
892 77 60
879 77 61
885 77 62
880 77 63
878 77 64
814 77 65
865 77 66
880 77 67
845 77 68
875 77 69
841 77 70
842 77 71
818 77 72
897 77 73
781 77 74
860 77 75
810 77 76
982 77 77
866 77 78
897 77 79
857 77 80
845 77 81
853 77 82
896 77 83
848 77 84
828 77 85
865 77 86
843 77 87
862 77 88
859 77 89
842 77 90
861 77 91
852 77 92
824 77 93
889 77 94
897 77 95
827 77 96
875 77 97
804 77 98
852 77 99
836 77 100
822 78 1
869 78 2
865 78 3
847 78 4
863 78 5
895 78 6
883 78 7
849 78 8
864 78 9
784 78 10
872 78 11
890 78 12
895 78 13
843 78 14
856 78 15
823 78 16
912 78 17
953 78 18
881 78 19
916 78 20
849 78 21
883 78 22
961 78 23
853 78 24
870 78 25
863 78 26
839 78 27
809 78 28
839 78 29
859 78 30
859 78 31
850 78 32
886 78 33
887 78 34
931 78 35
949 78 36
932 78 37
859 78 38
848 78 39
874 78 40
866 78 41
889 78 42
807 78 43
930 78 44
923 78 45
891 78 46
870 78 47
893 78 48
886 78 49
862 78 50
858 78 51
915 78 52
880 78 53
945 78 54
747 78 55
892 78 56
883 78 57
876 78 58
895 78 59
856 78 60
851 78 61
932 78 62
862 78 63
953 78 64
836 78 65
798 78 66
909 78 67
872 78 68
901 78 69
869 78 70
896 78 71
891 78 72
902 78 73
803 78 74
801 78 75
856 78 76
817 78 77
1057 78 78
895 78 79
855 78 80
812 78 81
791 78 82
862 78 83
829 78 84
821 78 85
849 78 86
791 78 87
865 78 88
869 78 89
845 78 90
902 78 91
920 78 92
880 78 93
826 78 94
896 78 95
891 78 96
778 78 97
887 78 98
872 78 99
927 78 100
865 79 1
847 79 2
933 79 3
830 79 4
880 79 5
956 79 6
937 79 7
851 79 8
846 79 9
729 79 10
1010 79 11
938 79 12
994 79 13
877 79 14
891 79 15
831 79 16
962 79 17
938 79 18
925 79 19
914 79 20
947 79 21
947 79 22
958 79 23
888 79 24
912 79 25
957 79 26
949 79 27
912 79 28
825 79 29
876 79 30
890 79 31
881 79 32
988 79 33
1005 79 34
971 79 35
938 79 36
978 79 37
917 79 38
912 79 39
886 79 40
927 79 41
928 79 42
878 79 43
991 79 44
1019 79 45
974 79 46
926 79 47
972 79 48
971 79 49
945 79 50
814 79 51
946 79 52
907 79 53
947 79 54
755 79 55
910 79 56
891 79 57
900 79 58
929 79 59
898 79 60
983 79 61
940 79 62
967 79 63
958 79 64
897 79 65
764 79 66
936 79 67
828 79 68
926 79 69
885 79 70
919 79 71
893 79 72
888 79 73
946 79 74
776 79 75
971 79 76
856 79 77
900 79 78
1115 79 79
868 79 80
901 79 81
843 79 82
871 79 83
823 79 84
947 79 85
932 79 86
916 79 87
883 79 88
981 79 89
900 79 90
928 79 91
950 79 92
923 79 93
838 79 94
978 79 95
869 79 96
802 79 97
969 79 98
974 79 99
928 79 100
791 80 1
817 80 2
924 80 3
919 80 4
930 80 5
863 80 6
887 80 7
856 80 8
868 80 9
800 80 10
811 80 11
865 80 12
891 80 13
912 80 14
900 80 15
893 80 16
853 80 17
869 80 18
943 80 19
809 80 20
794 80 21
845 80 22
900 80 23
897 80 24
824 80 25
855 80 26
881 80 27
820 80 28
821 80 29
814 80 30
859 80 31
822 80 32
856 80 33
872 80 34
930 80 35
846 80 36
841 80 37
834 80 38
811 80 39
845 80 40
975 80 41
841 80 42
759 80 43
847 80 44
905 80 45
896 80 46
909 80 47
852 80 48
857 80 49
856 80 50
896 80 51
862 80 52
930 80 53
872 80 54
782 80 55
841 80 56
829 80 57
845 80 58
852 80 59
831 80 60
854 80 61
883 80 62
965 80 63
893 80 64
800 80 65
805 80 66
815 80 67
821 80 68
886 80 69
899 80 70
909 80 71
893 80 72
897 80 73
837 80 74
823 80 75
785 80 76
825 80 77
870 80 78
897 80 79
1022 80 80
786 80 81
858 80 82
869 80 83
864 80 84
837 80 85
819 80 86
786 80 87
790 80 88
906 80 89
931 80 90
950 80 91
882 80 92
814 80 93
843 80 94
835 80 95
776 80 96
813 80 97
844 80 98
886 80 99
835 80 100
886 81 1
790 81 2
928 81 3
795 81 4
825 81 5
925 81 6
947 81 7
850 81 8
821 81 9
716 81 10
921 81 11
849 81 12
957 81 13
844 81 14
828 81 15
809 81 16
878 81 17
941 81 18
871 81 19
921 81 20
934 81 21
907 81 22
882 81 23
886 81 24
841 81 25
859 81 26
937 81 27
835 81 28
849 81 29
822 81 30
822 81 31
886 81 32
916 81 33
952 81 34
932 81 35
868 81 36
884 81 37
886 81 38
889 81 39
822 81 40
868 81 41
854 81 42
850 81 43
952 81 44
918 81 45
890 81 46
842 81 47
881 81 48
888 81 49
918 81 50
828 81 51
927 81 52
858 81 53
899 81 54
758 81 55
817 81 56
849 81 57
840 81 58
853 81 59
876 81 60
995 81 61
884 81 62
901 81 63
857 81 64
888 81 65
786 81 66
975 81 67
787 81 68
859 81 69
825 81 70
830 81 71
853 81 72
865 81 73
873 81 74
806 81 75
938 81 76
821 81 77
858 81 78
924 81 79
799 81 80
1009 81 81
839 81 82
861 81 83
794 81 84
939 81 85
958 81 86
896 81 87
875 81 88
942 81 89
863 81 90
885 81 91
890 81 92
882 81 93
858 81 94
945 81 95
840 81 96
786 81 97
865 81 98
871 81 99
897 81 100
808 82 1
808 82 2
979 82 3
843 82 4
836 82 5
858 82 6
940 82 7
879 82 8
896 82 9
797 82 10
901 82 11
873 82 12
911 82 13
880 82 14
847 82 15
819 82 16
879 82 17
926 82 18
899 82 19
910 82 20
857 82 21
908 82 22
880 82 23
937 82 24
856 82 25
842 82 26
930 82 27
828 82 28
898 82 29
923 82 30
945 82 31
847 82 32
863 82 33
938 82 34
895 82 35
855 82 36
844 82 37
883 82 38
819 82 39
920 82 40
893 82 41
854 82 42
773 82 43
872 82 44
901 82 45
902 82 46
882 82 47
882 82 48
867 82 49
896 82 50
861 82 51
886 82 52
878 82 53
901 82 54
845 82 55
827 82 56
780 82 57
814 82 58
851 82 59
873 82 60
968 82 61
904 82 62
953 82 63
860 82 64
851 82 65
871 82 66
860 82 67
823 82 68
875 82 69
864 82 70
817 82 71
882 82 72
968 82 73
862 82 74
886 82 75
863 82 76
842 82 77
839 82 78
885 82 79
847 82 80
852 82 81
1051 82 82
919 82 83
848 82 84
873 82 85
894 82 86
855 82 87
817 82 88
908 82 89
870 82 90
885 82 91
887 82 92
835 82 93
949 82 94
887 82 95
817 82 96
898 82 97
862 82 98
888 82 99
935 82 100
835 83 1
791 83 2
931 83 3
823 83 4
833 83 5
905 83 6
935 83 7
844 83 8
928 83 9
802 83 10
873 83 11
880 83 12
893 83 13
839 83 14
866 83 15
816 83 16
872 83 17
920 83 18
853 83 19
869 83 20
862 83 21
899 83 22
908 83 23
988 83 24
853 83 25
831 83 26
901 83 27
865 83 28
880 83 29
964 83 30
1012 83 31
835 83 32
872 83 33
902 83 34
905 83 35
840 83 36
852 83 37
895 83 38
812 83 39
958 83 40
852 83 41
843 83 42
777 83 43
939 83 44
891 83 45
887 83 46
837 83 47
911 83 48
870 83 49
911 83 50
814 83 51
854 83 52
864 83 53
842 83 54
831 83 55
814 83 56
827 83 57
818 83 58
846 83 59
883 83 60
945 83 61
876 83 62
879 83 63
879 83 64
839 83 65
882 83 66
865 83 67
867 83 68
906 83 69
836 83 70
831 83 71
862 83 72
984 83 73
856 83 74
882 83 75
857 83 76
851 83 77
865 83 78
898 83 79
839 83 80
840 83 81
912 83 82
1062 83 83
881 83 84
863 83 85
913 83 86
817 83 87
820 83 88
902 83 89
846 83 90
883 83 91
852 83 92
852 83 93
936 83 94
877 83 95
799 83 96
897 83 97
848 83 98
860 83 99
894 83 100
781 84 1
818 84 2
933 84 3
876 84 4
877 84 5
863 84 6
911 84 7
908 84 8
937 84 9
844 84 10
823 84 11
802 84 12
884 84 13
859 84 14
836 84 15
853 84 16
885 84 17
881 84 18
895 84 19
869 84 20
834 84 21
822 84 22
935 84 23
948 84 24
837 84 25
822 84 26
860 84 27
804 84 28
890 84 29
861 84 30
887 84 31
869 84 32
883 84 33
876 84 34
947 84 35
840 84 36
861 84 37
819 84 38
797 84 39
892 84 40
878 84 41
808 84 42
763 84 43
873 84 44
889 84 45
900 84 46
873 84 47
893 84 48
854 84 49
876 84 50
883 84 51
857 84 52
927 84 53
903 84 54
802 84 55
822 84 56
802 84 57
835 84 58
894 84 59
866 84 60
830 84 61
887 84 62
879 84 63
875 84 64
799 84 65
873 84 66
860 84 67
874 84 68
888 84 69
901 84 70
869 84 71
851 84 72
959 84 73
828 84 74
865 84 75
795 84 76
867 84 77
897 84 78
861 84 79
923 84 80
823 84 81
858 84 82
902 84 83
991 84 84
776 84 85
844 84 86
771 84 87
850 84 88
913 84 89
888 84 90
922 84 91
884 84 92
787 84 93
915 84 94
866 84 95
785 84 96
818 84 97
809 84 98
848 84 99
868 84 100
932 85 1
796 85 2
935 85 3
832 85 4
855 85 5
982 85 6
937 85 7
870 85 8
833 85 9
759 85 10
905 85 11
915 85 12
974 85 13
902 85 14
856 85 15
877 85 16
910 85 17
951 85 18
923 85 19
891 85 20
967 85 21
929 85 22
933 85 23
876 85 24
858 85 25
919 85 26
1025 85 27
936 85 28
812 85 29
866 85 30
853 85 31
880 85 32
966 85 33
979 85 34
943 85 35
915 85 36
911 85 37
973 85 38
960 85 39
860 85 40
916 85 41
913 85 42
925 85 43
966 85 44
946 85 45
912 85 46
882 85 47
894 85 48
925 85 49
980 85 50
876 85 51
993 85 52
881 85 53
928 85 54
777 85 55
898 85 56
925 85 57
861 85 58
861 85 59
930 85 60
1075 85 61
923 85 62
971 85 63
915 85 64
955 85 65
799 85 66
960 85 67
746 85 68
870 85 69
864 85 70
875 85 71
896 85 72
863 85 73
891 85 74
828 85 75
979 85 76
837 85 77
830 85 78
998 85 79
859 85 80
943 85 81
866 85 82
864 85 83
780 85 84
1086 85 85
964 85 86
966 85 87
899 85 88
936 85 89
876 85 90
911 85 91
932 85 92
925 85 93
841 85 94
995 85 95
885 85 96
843 85 97
920 85 98
965 85 99
895 85 100
883 86 1
849 86 2
954 86 3
845 86 4
892 86 5
928 86 6
917 86 7
852 86 8
800 86 9
780 86 10
907 86 11
939 86 12
983 86 13
903 86 14
894 86 15
854 86 16
947 86 17
939 86 18
921 86 19
925 86 20
912 86 21
939 86 22
945 86 23
909 86 24
912 86 25
882 86 26
932 86 27
882 86 28
861 86 29
839 86 30
862 86 31
923 86 32
968 86 33
994 86 34
928 86 35
901 86 36
888 86 37
954 86 38
880 86 39
835 86 40
912 86 41
925 86 42
887 86 43
995 86 44
948 86 45
945 86 46
901 86 47
925 86 48
907 86 49
991 86 50
847 86 51
968 86 52
867 86 53
902 86 54
771 86 55
881 86 56
886 86 57
884 86 58
877 86 59
929 86 60
1005 86 61
916 86 62
986 86 63
879 86 64
919 86 65
797 86 66
949 86 67
775 86 68
892 86 69
888 86 70
849 86 71
914 86 72
873 86 73
906 86 74
824 86 75
948 86 76
842 86 77
900 86 78
939 86 79
834 86 80
919 86 81
866 86 82
881 86 83
795 86 84
935 86 85
1099 86 86
931 86 87
899 86 88
960 86 89
895 86 90
929 86 91
900 86 92
894 86 93
861 86 94
991 86 95
912 86 96
827 86 97
902 86 98
961 86 99
936 86 100
890 87 1
828 87 2
936 87 3
797 87 4
818 87 5
902 87 6
869 87 7
822 87 8
804 87 9
763 87 10
883 87 11
881 87 12
963 87 13
842 87 14
818 87 15
791 87 16
910 87 17
924 87 18
906 87 19
884 87 20
909 87 21
907 87 22
902 87 23
845 87 24
847 87 25
884 87 26
954 87 27
884 87 28
800 87 29
828 87 30
811 87 31
861 87 32
948 87 33
938 87 34
900 87 35
853 87 36
894 87 37
906 87 38
931 87 39
801 87 40
862 87 41
886 87 42
893 87 43
932 87 44
897 87 45
895 87 46
857 87 47
853 87 48
887 87 49
921 87 50
807 87 51
948 87 52
807 87 53
908 87 54
734 87 55
855 87 56
851 87 57
830 87 58
849 87 59
891 87 60
1006 87 61
893 87 62
958 87 63
872 87 64
932 87 65
784 87 66
928 87 67
738 87 68
831 87 69
849 87 70
831 87 71
852 87 72
812 87 73
897 87 74
800 87 75
962 87 76
824 87 77
803 87 78
953 87 79
785 87 80
922 87 81
868 87 82
839 87 83
744 87 84
970 87 85
950 87 86
1027 87 87
862 87 88
920 87 89
818 87 90
858 87 91
877 87 92
858 87 93
844 87 94
988 87 95
852 87 96
837 87 97
889 87 98
915 87 99
856 87 100
863 88 1
801 88 2
922 88 3
797 88 4
804 88 5
933 88 6
880 88 7
859 88 8
789 88 9
760 88 10
869 88 11
868 88 12
924 88 13
835 88 14
803 88 15
816 88 16
890 88 17
942 88 18
879 88 19
911 88 20
924 88 21
877 88 22
915 88 23
831 88 24
845 88 25
859 88 26
892 88 27
867 88 28
830 88 29
828 88 30
796 88 31
883 88 32
937 88 33
914 88 34
906 88 35
935 88 36
907 88 37
875 88 38
904 88 39
835 88 40
835 88 41
866 88 42
857 88 43
927 88 44
891 88 45
887 88 46
849 88 47
891 88 48
876 88 49
952 88 50
856 88 51
976 88 52
849 88 53
924 88 54
759 88 55
861 88 56
889 88 57
888 88 58
866 88 59
900 88 60
944 88 61
928 88 62
890 88 63
893 88 64
907 88 65
803 88 66
942 88 67
776 88 68
817 88 69
842 88 70
831 88 71
817 88 72
844 88 73
813 88 74
794 88 75
879 88 76
841 88 77
916 88 78
909 88 79
806 88 80
913 88 81
823 88 82
826 88 83
791 88 84
936 88 85
927 88 86
892 88 87
1020 88 88
886 88 89
823 88 90
866 88 91
882 88 92
860 88 93
841 88 94
990 88 95
872 88 96
772 88 97
855 88 98
887 88 99
881 88 100
865 89 1
865 89 2
987 89 3
890 89 4
910 89 5
922 89 6
935 89 7
847 89 8
889 89 9
784 89 10
942 89 11
951 89 12
1013 89 13
924 89 14
929 89 15
864 89 16
960 89 17
942 89 18
947 89 19
961 89 20
922 89 21
966 89 22
1014 89 23
921 89 24
939 89 25
924 89 26
974 89 27
893 89 28
875 89 29
881 89 30
921 89 31
901 89 32
952 89 33
1032 89 34
1003 89 35
903 89 36
935 89 37
922 89 38
862 89 39
893 89 40
985 89 41
944 89 42
892 89 43
1000 89 44
1014 89 45
996 89 46
949 89 47
983 89 48
940 89 49
955 89 50
842 89 51
956 89 52
945 89 53
954 89 54
782 89 55
878 89 56
885 89 57
875 89 58
946 89 59
916 89 60
973 89 61
954 89 62
1012 89 63
947 89 64
887 89 65
832 89 66
920 89 67
817 89 68
957 89 69
944 89 70
913 89 71
953 89 72
949 89 73
970 89 74
844 89 75
943 89 76
814 89 77
901 89 78
965 89 79
895 89 80
883 89 81
894 89 82
902 89 83
850 89 84
921 89 85
949 89 86
894 89 87
841 89 88
1130 89 89
953 89 90
957 89 91
956 89 92
929 89 93
891 89 94
940 89 95
868 89 96
845 89 97
954 89 98
983 89 99
924 89 100
781 90 1
827 90 2
904 90 3
956 90 4
982 90 5
820 90 6
894 90 7
808 90 8
806 90 9
756 90 10
847 90 11
830 90 12
917 90 13
953 90 14
945 90 15
908 90 16
910 90 17
864 90 18
983 90 19
869 90 20
840 90 21
830 90 22
921 90 23
849 90 24
816 90 25
816 90 26
943 90 27
802 90 28
808 90 29
806 90 30
853 90 31
805 90 32
901 90 33
957 90 34
919 90 35
833 90 36
872 90 37
832 90 38
784 90 39
815 90 40
999 90 41
835 90 42
782 90 43
872 90 44
921 90 45
894 90 46
940 90 47
890 90 48
823 90 49
869 90 50
890 90 51
849 90 52
949 90 53
906 90 54
722 90 55
834 90 56
824 90 57
839 90 58
898 90 59
795 90 60
892 90 61
853 90 62
999 90 63
858 90 64
835 90 65
798 90 66
806 90 67
774 90 68
873 90 69
928 90 70
932 90 71
941 90 72
873 90 73
857 90 74
816 90 75
780 90 76
803 90 77
888 90 78
849 90 79
912 90 80
829 90 81
818 90 82
835 90 83
800 90 84
848 90 85
879 90 86
794 90 87
784 90 88
950 90 89
1086 90 90
1018 90 91
934 90 92
858 90 93
823 90 94
844 90 95
824 90 96
814 90 97
847 90 98
916 90 99
917 90 100
830 91 1
825 91 2
914 91 3
944 91 4
976 91 5
862 91 6
913 91 7
826 91 8
827 91 9
741 91 10
865 91 11
858 91 12
944 91 13
983 91 14
938 91 15
898 91 16
941 91 17
899 91 18
975 91 19
854 91 20
870 91 21
876 91 22
928 91 23
851 91 24
839 91 25
854 91 26
939 91 27
825 91 28
806 91 29
814 91 30
835 91 31
832 91 32
906 91 33
930 91 34
910 91 35
878 91 36
900 91 37
886 91 38
824 91 39
823 91 40
1013 91 41
843 91 42
804 91 43
898 91 44
929 91 45
907 91 46
949 91 47
884 91 48
859 91 49
877 91 50
877 91 51
874 91 52
924 91 53
893 91 54
701 91 55
848 91 56
819 91 57
857 91 58
880 91 59
828 91 60
908 91 61
852 91 62
1034 91 63
876 91 64
879 91 65
765 91 66
840 91 67
798 91 68
891 91 69
914 91 70
946 91 71
964 91 72
876 91 73
873 91 74
800 91 75
835 91 76
803 91 77
896 91 78
905 91 79
928 91 80
831 91 81
813 91 82
849 91 83
793 91 84
881 91 85
884 91 86
823 91 87
812 91 88
911 91 89
995 91 90
1105 91 91
941 91 92
878 91 93
814 91 94
884 91 95
836 91 96
805 91 97
882 91 98
903 91 99
912 91 100
825 92 1
854 92 2
951 92 3
902 92 4
926 92 5
893 92 6
919 92 7
885 92 8
864 92 9
796 92 10
907 92 11
856 92 12
929 92 13
934 92 14
880 92 15
879 92 16
940 92 17
936 92 18
950 92 19
941 92 20
886 92 21
858 92 22
974 92 23
871 92 24
836 92 25
879 92 26
974 92 27
861 92 28
852 92 29
834 92 30
868 92 31
865 92 32
924 92 33
990 92 34
938 92 35
896 92 36
948 92 37
868 92 38
865 92 39
888 92 40
918 92 41
857 92 42
836 92 43
929 92 44
963 92 45
912 92 46
928 92 47
914 92 48
903 92 49
876 92 50
908 92 51
924 92 52
939 92 53
986 92 54
797 92 55
891 92 56
885 92 57
851 92 58
921 92 59
865 92 60
906 92 61
929 92 62
951 92 63
913 92 64
862 92 65
837 92 66
876 92 67
852 92 68
918 92 69
899 92 70
944 92 71
935 92 72
893 92 73
860 92 74
828 92 75
889 92 76
848 92 77
926 92 78
947 92 79
875 92 80
850 92 81
868 92 82
849 92 83
834 92 84
891 92 85
863 92 86
865 92 87
845 92 88
962 92 89
927 92 90
942 92 91
1092 92 92
872 92 93
894 92 94
930 92 95
921 92 96
835 92 97
921 92 98
896 92 99
953 92 100
817 93 1
877 93 2
896 93 3
803 93 4
840 93 5
914 93 6
937 93 7
818 93 8
817 93 9
716 93 10
965 93 11
953 93 12
965 93 13
861 93 14
885 93 15
816 93 16
904 93 17
984 93 18
856 93 19
912 93 20
887 93 21
959 93 22
916 93 23
845 93 24
915 93 25
953 93 26
903 93 27
878 93 28
813 93 29
875 93 30
856 93 31
881 93 32
920 93 33
956 93 34
933 93 35
937 93 36
935 93 37
959 93 38
850 93 39
865 93 40
889 93 41
987 93 42
860 93 43
1036 93 44
958 93 45
960 93 46
886 93 47
932 93 48
932 93 49
893 93 50
770 93 51
907 93 52
852 93 53
949 93 54
730 93 55
939 93 56
897 93 57
895 93 58
898 93 59
871 93 60
967 93 61
932 93 62
943 93 63
963 93 64
865 93 65
779 93 66
887 93 67
790 93 68
939 93 69
838 93 70
909 93 71
900 93 72
904 93 73
903 93 74
782 93 75
942 93 76
795 93 77
903 93 78
960 93 79
795 93 80
855 93 81
833 93 82
836 93 83
767 93 84
906 93 85
902 93 86
855 93 87
846 93 88
929 93 89
861 93 90
901 93 91
880 93 92
1080 93 93
788 93 94
910 93 95
875 93 96
809 93 97
890 93 98
939 93 99
941 93 100
811 94 1
769 94 2
969 94 3
838 94 4
851 94 5
848 94 6
875 94 7
895 94 8
913 94 9
833 94 10
820 94 11
798 94 12
893 94 13
858 94 14
824 94 15
822 94 16
855 94 17
863 94 18
895 94 19
891 94 20
857 94 21
824 94 22
929 94 23
893 94 24
831 94 25
807 94 26
892 94 27
825 94 28
863 94 29
883 94 30
910 94 31
835 94 32
866 94 33
914 94 34
877 94 35
821 94 36
854 94 37
845 94 38
813 94 39
906 94 40
846 94 41
821 94 42
738 94 43
839 94 44
841 94 45
900 94 46
894 94 47
880 94 48
848 94 49
858 94 50
855 94 51
868 94 52
903 94 53
888 94 54
828 94 55
798 94 56
782 94 57
807 94 58
842 94 59
867 94 60
900 94 61
873 94 62
885 94 63
866 94 64
832 94 65
904 94 66
842 94 67
848 94 68
875 94 69
877 94 70
813 94 71
863 94 72
919 94 73
825 94 74
895 94 75
822 94 76
861 94 77
826 94 78
842 94 79
821 94 80
816 94 81
914 94 82
935 94 83
880 94 84
810 94 85
856 94 86
844 94 87
829 94 88
906 94 89
841 94 90
881 94 91
884 94 92
782 94 93
1049 94 94
910 94 95
787 94 96
877 94 97
840 94 98
841 94 99
881 94 100
899 95 1
806 95 2
960 95 3
807 95 4
855 95 5
957 95 6
893 95 7
885 95 8
800 95 9
785 95 10
879 95 11
880 95 12
961 95 13
869 95 14
838 95 15
837 95 16
892 95 17
930 95 18
918 95 19
916 95 20
942 95 21
870 95 22
958 95 23
843 95 24
833 95 25
873 95 26
964 95 27
878 95 28
816 95 29
827 95 30
797 95 31
917 95 32
955 95 33
925 95 34
927 95 35
925 95 36
922 95 37
918 95 38
918 95 39
837 95 40
877 95 41
881 95 42
898 95 43
951 95 44
931 95 45
907 95 46
875 95 47
905 95 48
882 95 49
958 95 50
862 95 51
1026 95 52
889 95 53
932 95 54
745 95 55
888 95 56
893 95 57
862 95 58
879 95 59
886 95 60
979 95 61
952 95 62
951 95 63
902 95 64
954 95 65
802 95 66
920 95 67
763 95 68
847 95 69
860 95 70
854 95 71
865 95 72
820 95 73
852 95 74
797 95 75
943 95 76
841 95 77
890 95 78
969 95 79
835 95 80
904 95 81
829 95 82
821 95 83
789 95 84
962 95 85
975 95 86
932 95 87
936 95 88
924 95 89
863 95 90
899 95 91
956 95 92
867 95 93
846 95 94
1108 95 95
902 95 96
834 95 97
925 95 98
952 95 99
879 95 100
832 96 1
839 96 2
876 96 3
829 96 4
866 96 5
861 96 6
843 96 7
835 96 8
792 96 9
823 96 10
866 96 11
908 96 12
899 96 13
853 96 14
865 96 15
873 96 16
932 96 17
911 96 18
908 96 19
909 96 20
882 96 21
862 96 22
943 96 23
823 96 24
869 96 25
887 96 26
915 96 27
912 96 28
809 96 29
825 96 30
836 96 31
867 96 32
927 96 33
965 96 34
884 96 35
946 96 36
910 96 37
904 96 38
907 96 39
839 96 40
854 96 41
937 96 42
912 96 43
924 96 44
893 96 45
889 96 46
894 96 47
872 96 48
874 96 49
919 96 50
853 96 51
976 96 52
843 96 53
943 96 54
759 96 55
930 96 56
892 96 57
853 96 58
895 96 59
914 96 60
943 96 61
950 96 62
921 96 63
924 96 64
877 96 65
828 96 66
911 96 67
798 96 68
866 96 69
901 96 70
849 96 71
863 96 72
841 96 73
838 96 74
831 96 75
902 96 76
847 96 77
917 96 78
892 96 79
794 96 80
842 96 81
839 96 82
823 96 83
757 96 84
899 96 85
935 96 86
887 96 87
885 96 88
895 96 89
859 96 90
857 96 91
923 96 92
903 96 93
827 96 94
929 96 95
1031 96 96
845 96 97
894 96 98
932 96 99
922 96 100
818 97 1
778 97 2
936 97 3
852 97 4
840 97 5
885 97 6
888 97 7
848 97 8
890 97 9
828 97 10
798 97 11
858 97 12
850 97 13
884 97 14
858 97 15
869 97 16
845 97 17
850 97 18
886 97 19
817 97 20
830 97 21
830 97 22
875 97 23
905 97 24
784 97 25
795 97 26
950 97 27
875 97 28
836 97 29
919 97 30
927 97 31
832 97 32
847 97 33
882 97 34
834 97 35
831 97 36
817 97 37
912 97 38
833 97 39
911 97 40
882 97 41
851 97 42
774 97 43
874 97 44
826 97 45
824 97 46
863 97 47
842 97 48
803 97 49
894 97 50
855 97 51
881 97 52
844 97 53
839 97 54
836 97 55
808 97 56
823 97 57
769 97 58
816 97 59
857 97 60
939 97 61
887 97 62
928 97 63
845 97 64
831 97 65
901 97 66
807 97 67
800 97 68
862 97 69
849 97 70
827 97 71
864 97 72
908 97 73
822 97 74
906 97 75
845 97 76
849 97 77
820 97 78
862 97 79
841 97 80
806 97 81
930 97 82
934 97 83
812 97 84
868 97 85
867 97 86
845 97 87
799 97 88
872 97 89
865 97 90
882 97 91
862 97 92
844 97 93
917 97 94
890 97 95
820 97 96
1014 97 97
835 97 98
889 97 99
856 97 100
861 98 1
802 98 2
901 98 3
798 98 4
833 98 5
915 98 6
845 98 7
813 98 8
833 98 9
701 98 10
885 98 11
916 98 12
973 98 13
852 98 14
849 98 15
796 98 16
879 98 17
954 98 18
890 98 19
904 98 20
918 98 21
961 98 22
927 98 23
811 98 24
854 98 25
917 98 26
893 98 27
850 98 28
797 98 29
855 98 30
852 98 31
864 98 32
886 98 33
934 98 34
876 98 35
918 98 36
903 98 37
892 98 38
880 98 39
873 98 40
895 98 41
931 98 42
861 98 43
906 98 44
965 98 45
941 98 46
862 98 47
890 98 48
936 98 49
849 98 50
796 98 51
904 98 52
872 98 53
929 98 54
715 98 55
886 98 56
843 98 57
827 98 58
874 98 59
879 98 60
965 98 61
906 98 62
925 98 63
908 98 64
868 98 65
742 98 66
849 98 67
793 98 68
859 98 69
862 98 70
841 98 71
874 98 72
875 98 73
858 98 74
758 98 75
888 98 76
768 98 77
891 98 78
963 98 79
825 98 80
810 98 81
826 98 82
842 98 83
776 98 84
891 98 85
882 98 86
873 98 87
842 98 88
943 98 89
825 98 90
880 98 91
906 98 92
866 98 93
811 98 94
953 98 95
842 98 96
772 98 97
1074 98 98
910 98 99
898 98 100
878 99 1
859 99 2
923 99 3
858 99 4
876 99 5
889 99 6
880 99 7
840 99 8
810 99 9
769 99 10
908 99 11
943 99 12
978 99 13
890 99 14
880 99 15
853 99 16
959 99 17
941 99 18
905 99 19
946 99 20
866 99 21
914 99 22
999 99 23
896 99 24
918 99 25
907 99 26
909 99 27
851 99 28
807 99 29
871 99 30
854 99 31
887 99 32
978 99 33
985 99 34
992 99 35
939 99 36
925 99 37
916 99 38
863 99 39
857 99 40
922 99 41
944 99 42
864 99 43
973 99 44
948 99 45
966 99 46
932 99 47
947 99 48
930 99 49
979 99 50
845 99 51
988 99 52
911 99 53
956 99 54
766 99 55
933 99 56
892 99 57
905 99 58
916 99 59
912 99 60
958 99 61
967 99 62
972 99 63
933 99 64
895 99 65
816 99 66
881 99 67
757 99 68
904 99 69
939 99 70
877 99 71
900 99 72
903 99 73
922 99 74
820 99 75
920 99 76
826 99 77
895 99 78
946 99 79
857 99 80
838 99 81
846 99 82
838 99 83
814 99 84
915 99 85
961 99 86
901 99 87
888 99 88
976 99 89
914 99 90
925 99 91
899 99 92
922 99 93
859 99 94
975 99 95
881 99 96
824 99 97
911 99 98
1084 99 99
941 99 100
812 100 1
840 100 2
910 100 3
819 100 4
847 100 5
877 100 6
908 100 7
819 100 8
832 100 9
750 100 10
968 100 11
916 100 12
974 100 13
864 100 14
854 100 15
806 100 16
966 100 17
964 100 18
860 100 19
928 100 20
867 100 21
941 100 22
938 100 23
849 100 24
908 100 25
900 100 26
892 100 27
818 100 28
862 100 29
889 100 30
927 100 31
858 100 32
943 100 33
1010 100 34
953 100 35
950 100 36
928 100 37
856 100 38
821 100 39
877 100 40
879 100 41
894 100 42
796 100 43
942 100 44
946 100 45
985 100 46
882 100 47
936 100 48
938 100 49
848 100 50
808 100 51
899 100 52
896 100 53
967 100 54
762 100 55
914 100 56
828 100 57
889 100 58
945 100 59
873 100 60
940 100 61
916 100 62
904 100 63
896 100 64
863 100 65
802 100 66
890 100 67
827 100 68
930 100 69
900 100 70
876 100 71
893 100 72
928 100 73
928 100 74
815 100 75
879 100 76
794 100 77
926 100 78
901 100 79
819 100 80
825 100 81
870 100 82
840 100 83
799 100 84
847 100 85
896 100 86
833 100 87
836 100 88
893 100 89
897 100 90
933 100 91
893 100 92
919 100 93
857 100 94
871 100 95
860 100 96
799 100 97
899 100 98
883 100 99
1138 100 100
