185 1 1
158 1 2
169 1 3
158 1 4
160 1 5
178 1 6
164 1 7
167 1 8
160 1 9
158 1 10
170 1 11
169 1 12
181 1 13
165 1 14
163 1 15
163 1 16
171 1 17
180 1 18
166 1 19
173 1 20
178 1 21
174 1 22
178 1 23
164 1 24
164 1 25
179 1 26
174 1 27
174 1 28
163 1 29
168 1 30
166 1 31
163 1 32
173 1 33
181 1 34
175 1 35
176 1 36
176 1 37
170 1 38
176 1 39
171 1 40
161 1 41
173 1 42
177 1 43
177 1 44
173 1 45
171 1 46
165 1 47
166 1 48
178 1 49
172 1 50
161 1 51
180 1 52
165 1 53
174 1 54
160 1 55
174 1 56
172 1 57
171 1 58
172 1 59
178 1 60
182 1 61
174 1 62
167 1 63
173 1 64
171 1 65
166 1 66
176 1 67
161 1 68
165 1 69
166 1 70
166 1 71
162 1 72
173 1 73
163 1 74
161 1 75
176 1 76
159 1 77
167 1 78
176 1 79
162 1 80
169 1 81
159 1 82
170 1 83
155 1 84
179 1 85
173 1 86
169 1 87
176 1 88
174 1 89
165 1 90
167 1 91
167 1 92
170 1 93
166 1 94
180 1 95
171 1 96
166 1 97
175 1 98
172 1 99
173 1 100
153 2 1
181 2 2
174 2 3
168 2 4
166 2 5
164 2 6
164 2 7
163 2 8
160 2 9
161 2 10
175 2 11
178 2 12
174 2 13
160 2 14
166 2 15
163 2 16
171 2 17
178 2 18
167 2 19
173 2 20
164 2 21
177 2 22
174 2 23
161 2 24
172 2 25
167 2 26
172 2 27
166 2 28
163 2 29
165 2 30
169 2 31
168 2 32
172 2 33
172 2 34
176 2 35
172 2 36
179 2 37
164 2 38
163 2 39
168 2 40
168 2 41
176 2 42
168 2 43
177 2 44
168 2 45
170 2 46
167 2 47
167 2 48
167 2 49
165 2 50
157 2 51
165 2 52
158 2 53
173 2 54
152 2 55
169 2 56
166 2 57
164 2 58
172 2 59
168 2 60
164 2 61
174 2 62
175 2 63
177 2 64
165 2 65
156 2 66
165 2 67
164 2 68
175 2 69
167 2 70
177 2 71
166 2 72
172 2 73
170 2 74
158 2 75
165 2 76
155 2 77
170 2 78
171 2 79
160 2 80
159 2 81
165 2 82
166 2 83
154 2 84
164 2 85
166 2 86
166 2 87
165 2 88
175 2 89
170 2 90
172 2 91
165 2 92
174 2 93
164 2 94
167 2 95
167 2 96
165 2 97
165 2 98
167 2 99
174 2 100
168 3 1
167 3 2
201 3 3
170 3 4
175 3 5
181 3 6
182 3 7
174 3 8
169 3 9
162 3 10
176 3 11
179 3 12
179 3 13
177 3 14
176 3 15
176 3 16
172 3 17
178 3 18
173 3 19
181 3 20
180 3 21
180 3 22
183 3 23
173 3 24
171 3 25
168 3 26
186 3 27
174 3 28
178 3 29
170 3 30
175 3 31
179 3 32
172 3 33
180 3 34
174 3 35
172 3 36
177 3 37
175 3 38
169 3 39
174 3 40
173 3 41
174 3 42
169 3 43
181 3 44
177 3 45
173 3 46
175 3 47
177 3 48
173 3 49
177 3 50
174 3 51
176 3 52
172 3 53
177 3 54
162 3 55
168 3 56
164 3 57
169 3 58
168 3 59
179 3 60
174 3 61
177 3 62
180 3 63
174 3 64
172 3 65
172 3 66
174 3 67
170 3 68
179 3 69
172 3 70
172 3 71
179 3 72
182 3 73
174 3 74
172 3 75
172 3 76
165 3 77
171 3 78
170 3 79
171 3 80
173 3 81
179 3 82
177 3 83
165 3 84
173 3 85
174 3 86
171 3 87
175 3 88
182 3 89
176 3 90
181 3 91
179 3 92
172 3 93
182 3 94
182 3 95
169 3 96
175 3 97
171 3 98
173 3 99
175 3 100
159 4 1
167 4 2
178 4 3
187 4 4
182 4 5
163 4 6
166 4 7
168 4 8
164 4 9
165 4 10
166 4 11
169 4 12
169 4 13
175 4 14
172 4 15
179 4 16
172 4 17
171 4 18
183 4 19
168 4 20
163 4 21
164 4 22
178 4 23
169 4 24
163 4 25
162 4 26
175 4 27
162 4 28
165 4 29
162 4 30
169 4 31
162 4 32
168 4 33
170 4 34
175 4 35
164 4 36
169 4 37
160 4 38
162 4 39
168 4 40
180 4 41
165 4 42
163 4 43
167 4 44
169 4 45
167 4 46
178 4 47
163 4 48
161 4 49
168 4 50
175 4 51
166 4 52
175 4 53
174 4 54
156 4 55
167 4 56
164 4 57
161 4 58
171 4 59
162 4 60
167 4 61
167 4 62
182 4 63
170 4 64
161 4 65
168 4 66
164 4 67
164 4 68
168 4 69
178 4 70
179 4 71
172 4 72
172 4 73
162 4 74
164 4 75
153 4 76
164 4 77
170 4 78
165 4 79
179 4 80
161 4 81
169 4 82
167 4 83
166 4 84
161 4 85
161 4 86
159 4 87
164 4 88
177 4 89
182 4 90
183 4 91
178 4 92
163 4 93
170 4 94
166 4 95
161 4 96
172 4 97
168 4 98
165 4 99
168 4 100
163 5 1
163 5 2
170 5 3
180 5 4
190 5 5
165 5 6
171 5 7
164 5 8
162 5 9
162 5 10
169 5 11
168 5 12
175 5 13
180 5 14
175 5 15
177 5 16
174 5 17
173 5 18
181 5 19
171 5 20
169 5 21
171 5 22
183 5 23
169 5 24
164 5 25
167 5 26
178 5 27
169 5 28
164 5 29
165 5 30
172 5 31
162 5 32
172 5 33
176 5 34
175 5 35
166 5 36
173 5 37
168 5 38
165 5 39
169 5 40
181 5 41
167 5 42
168 5 43
175 5 44
172 5 45
170 5 46
178 5 47
167 5 48
165 5 49
168 5 50
171 5 51
168 5 52
176 5 53
176 5 54
155 5 55
171 5 56
166 5 57
166 5 58
171 5 59
165 5 60
171 5 61
168 5 62
183 5 63
174 5 64
169 5 65
161 5 66
166 5 67
168 5 68
173 5 69
178 5 70
181 5 71
180 5 72
172 5 73
166 5 74
160 5 75
164 5 76
165 5 77
174 5 78
172 5 79
177 5 80
163 5 81
161 5 82
172 5 83
162 5 84
167 5 85
169 5 86
163 5 87
163 5 88
178 5 89
187 5 90
184 5 91
178 5 92
173 5 93
168 5 94
170 5 95
171 5 96
172 5 97
172 5 98
170 5 99
172 5 100
175 6 1
164 6 2
182 6 3
171 6 4
171 6 5
195 6 6
184 6 7
174 6 8
171 6 9
162 6 10
179 6 11
180 6 12
178 6 13
176 6 14
172 6 15
174 6 16
175 6 17
186 6 18
172 6 19
178 6 20
182 6 21
184 6 22
183 6 23
175 6 24
166 6 25
182 6 26
187 6 27
183 6 28
173 6 29
171 6 30
172 6 31
177 6 32
181 6 33
176 6 34
182 6 35
179 6 36
178 6 37
180 6 38
178 6 39
175 6 40
174 6 41
177 6 42
180 6 43
188 6 44
186 6 45
177 6 46
174 6 47
171 6 48
178 6 49
181 6 50
171 6 51
182 6 52
172 6 53
182 6 54
164 6 55
174 6 56
181 6 57
173 6 58
171 6 59
185 6 60
184 6 61
180 6 62
181 6 63
181 6 64
178 6 65
169 6 66
181 6 67
172 6 68
177 6 69
169 6 70
179 6 71
175 6 72
182 6 73
169 6 74
167 6 75
180 6 76
166 6 77
178 6 78
184 6 79
173 6 80
173 6 81
170 6 82
178 6 83
164 6 84
183 6 85
176 6 86
171 6 87
180 6 88
182 6 89
179 6 90
181 6 91
179 6 92
182 6 93
171 6 94
183 6 95
174 6 96
173 6 97
177 6 98
175 6 99
177 6 100
166 7 1
163 7 2
183 7 3
168 7 4
169 7 5
180 7 6
193 7 7
178 7 8
167 7 9
162 7 10
179 7 11
170 7 12
179 7 13
175 7 14
171 7 15
175 7 16
174 7 17
176 7 18
168 7 19
177 7 20
174 7 21
177 7 22
174 7 23
180 7 24
166 7 25
169 7 26
181 7 27
174 7 28
180 7 29
170 7 30
175 7 31
171 7 32
177 7 33
177 7 34
182 7 35
169 7 36
171 7 37
179 7 38
171 7 39
171 7 40
169 7 41
173 7 42
171 7 43
181 7 44
181 7 45
173 7 46
175 7 47
175 7 48
174 7 49
177 7 50
170 7 51
173 7 52
170 7 53
175 7 54
164 7 55
167 7 56
173 7 57
167 7 58
170 7 59
177 7 60
179 7 61
176 7 62
178 7 63
169 7 64
170 7 65
170 7 66
175 7 67
168 7 68
178 7 69
167 7 70
170 7 71
176 7 72
181 7 73
169 7 74
169 7 75
177 7 76
168 7 77
170 7 78
176 7 79
171 7 80
173 7 81
176 7 82
177 7 83
170 7 84
174 7 85
173 7 86
170 7 87
169 7 88
180 7 89
176 7 90
176 7 91
173 7 92
177 7 93
177 7 94
177 7 95
169 7 96
174 7 97
166 7 98
171 7 99
179 7 100
167 8 1
164 8 2
177 8 3
168 8 4
173 8 5
177 8 6
176 8 7
188 8 8
168 8 9
167 8 10
169 8 11
167 8 12
175 8 13
178 8 14
164 8 15
178 8 16
172 8 17
182 8 18
175 8 19
176 8 20
168 8 21
173 8 22
176 8 23
177 8 24
166 8 25
168 8 26
174 8 27
177 8 28
173 8 29
170 8 30
164 8 31
174 8 32
169 8 33
168 8 34
178 8 35
172 8 36
171 8 37
174 8 38
170 8 39
171 8 40
172 8 41
171 8 42
173 8 43
172 8 44
177 8 45
172 8 46
168 8 47
163 8 48
170 8 49
177 8 50
181 8 51
176 8 52
169 8 53
179 8 54
168 8 55
171 8 56
169 8 57
165 8 58
165 8 59
178 8 60
173 8 61
173 8 62
176 8 63
172 8 64
168 8 65
171 8 66
177 8 67
173 8 68
170 8 69
173 8 70
171 8 71
173 8 72
175 8 73
159 8 74
175 8 75
166 8 76
168 8 77
176 8 78
167 8 79
173 8 80
170 8 81
172 8 82
170 8 83
172 8 84
169 8 85
170 8 86
165 8 87
175 8 88
174 8 89
172 8 90
179 8 91
179 8 92
168 8 93
178 8 94
180 8 95
169 8 96
171 8 97
169 8 98
165 8 99
173 8 100
161 9 1
157 9 2
175 9 3
169 9 4
166 9 5
168 9 6
170 9 7
171 9 8
182 9 9
171 9 10
165 9 11
166 9 12
167 9 13
167 9 14
164 9 15
167 9 16
166 9 17
172 9 18
168 9 19
165 9 20
167 9 21
167 9 22
170 9 23
172 9 24
162 9 25
165 9 26
171 9 27
169 9 28
169 9 29
175 9 30
180 9 31
163 9 32
168 9 33
167 9 34
171 9 35
165 9 36
171 9 37
165 9 38
167 9 39
183 9 40
164 9 41
166 9 42
163 9 43
169 9 44
164 9 45
170 9 46
165 9 47
162 9 48
168 9 49
161 9 50
167 9 51
165 9 52
166 9 53
176 9 54
166 9 55
171 9 56
162 9 57
163 9 58
166 9 59
166 9 60
166 9 61
169 9 62
173 9 63
171 9 64
162 9 65
171 9 66
168 9 67
177 9 68
169 9 69
166 9 70
168 9 71
167 9 72
174 9 73
163 9 74
172 9 75
164 9 76
165 9 77
169 9 78
171 9 79
169 9 80
158 9 81
171 9 82
178 9 83
173 9 84
165 9 85
161 9 86
157 9 87
164 9 88
169 9 89
163 9 90
172 9 91
169 9 92
166 9 93
178 9 94
167 9 95
162 9 96
171 9 97
165 9 98
159 9 99
163 9 100
156 10 1
158 10 2
171 10 3
171 10 4
170 10 5
163 10 6
162 10 7
169 10 8
168 10 9
179 10 10
153 10 11
164 10 12
163 10 13
167 10 14
163 10 15
174 10 16
166 10 17
165 10 18
169 10 19
160 10 20
159 10 21
155 10 22
170 10 23
168 10 24
155 10 25
157 10 26
171 10 27
171 10 28
165 10 29
164 10 30
169 10 31
159 10 32
165 10 33
166 10 34
170 10 35
170 10 36
169 10 37
163 10 38
163 10 39
172 10 40
163 10 41
159 10 42
167 10 43
165 10 44
160 10 45
153 10 46
164 10 47
156 10 48
155 10 49
168 10 50
174 10 51
167 10 52
165 10 53
169 10 54
168 10 55
167 10 56
164 10 57
159 10 58
168 10 59
168 10 60
161 10 61
172 10 62
169 10 63
167 10 64
161 10 65
172 10 66
165 10 67
165 10 68
160 10 69
172 10 70
163 10 71
165 10 72
165 10 73
154 10 74
172 10 75
156 10 76
164 10 77
168 10 78
162 10 79
171 10 80
156 10 81
166 10 82
169 10 83
164 10 84
162 10 85
160 10 86
158 10 87
164 10 88
167 10 89
170 10 90
171 10 91
169 10 92
159 10 93
168 10 94
165 10 95
166 10 96
175 10 97
160 10 98
162 10 99
160 10 100
170 11 1
168 11 2
182 11 3
165 11 4
170 11 5
177 11 6
181 11 7
170 11 8
164 11 9
154 11 10
197 11 11
182 11 12
190 11 13
171 11 14
170 11 15
167 11 16
176 11 17
187 11 18
168 11 19
183 11 20
180 11 21
188 11 22
180 11 23
170 11 24
178 11 25
185 11 26
180 11 27
177 11 28
170 11 29
172 11 30
178 11 31
168 11 32
179 11 33
189 11 34
180 11 35
175 11 36
177 11 37
173 11 38
175 11 39
177 11 40
170 11 41
186 11 42
176 11 43
181 11 44
188 11 45
183 11 46
173 11 47
179 11 48
188 11 49
174 11 50
162 11 51
175 11 52
166 11 53
183 11 54
160 11 55
176 11 56
169 11 57
175 11 58
173 11 59
176 11 60
182 11 61
177 11 62
183 11 63
182 11 64
171 11 65
162 11 66
180 11 67
168 11 68
180 11 69
169 11 70
177 11 71
174 11 72
183 11 73
180 11 74
163 11 75
181 11 76
162 11 77
170 11 78
186 11 79
167 11 80
175 11 81
177 11 82
171 11 83
166 11 84
178 11 85
175 11 86
171 11 87
174 11 88
185 11 89
177 11 90
175 11 91
176 11 92
181 11 93
172 11 94
178 11 95
171 11 96
169 11 97
176 11 98
173 11 99
183 11 100
164 12 1
172 12 2
180 12 3
166 12 4
170 12 5
177 12 6
172 12 7
165 12 8
161 12 9
163 12 10
184 12 11
196 12 12
179 12 13
170 12 14
171 12 15
168 12 16
172 12 17
182 12 18
165 12 19
176 12 20
168 12 21
188 12 22
178 12 23
169 12 24
180 12 25
182 12 26
172 12 27
176 12 28
166 12 29
171 12 30
175 12 31
169 12 32
170 12 33
178 12 34
178 12 35
175 12 36
174 12 37
175 12 38
171 12 39
172 12 40
171 12 41
182 12 42
175 12 43
184 12 44
179 12 45
177 12 46
170 12 47
173 12 48
179 12 49
173 12 50
161 12 51
172 12 52
163 12 53
176 12 54
157 12 55
179 12 56
170 12 57
171 12 58
168 12 59
178 12 60
178 12 61
177 12 62
177 12 63
184 12 64
169 12 65
164 12 66
176 12 67
168 12 68
184 12 69
170 12 70
174 12 71
168 12 72
180 12 73
171 12 74
159 12 75
172 12 76
160 12 77
173 12 78
176 12 79
163 12 80
164 12 81
168 12 82
173 12 83
158 12 84
172 12 85
175 12 86
166 12 87
172 12 88
179 12 89
172 12 90
170 12 91
166 12 92
184 12 93
170 12 94
175 12 95
171 12 96
169 12 97
173 12 98
173 12 99
178 12 100
177 13 1
167 13 2
187 13 3
170 13 4
177 13 5
182 13 6
179 13 7
174 13 8
167 13 9
162 13 10
188 13 11
186 13 12
199 13 13
182 13 14
177 13 15
176 13 16
186 13 17
190 13 18
176 13 19
183 13 20
183 13 21
193 13 22
192 13 23
172 13 24
179 13 25
185 13 26
184 13 27
180 13 28
172 13 29
179 13 30
178 13 31
176 13 32
184 13 33
192 13 34
185 13 35
179 13 36
184 13 37
182 13 38
179 13 39
179 13 40
178 13 41
187 13 42
179 13 43
189 13 44
190 13 45
185 13 46
180 13 47
181 13 48
186 13 49
181 13 50
171 13 51
186 13 52
177 13 53
186 13 54
161 13 55
185 13 56
175 13 57
180 13 58
178 13 59
185 13 60
186 13 61
185 13 62
187 13 63
183 13 64
176 13 65
170 13 66
179 13 67
170 13 68
180 13 69
180 13 70
176 13 71
182 13 72
186 13 73
174 13 74
168 13 75
181 13 76
166 13 77
174 13 78
180 13 79
175 13 80
171 13 81
177 13 82
177 13 83
166 13 84
179 13 85
181 13 86
178 13 87
178 13 88
187 13 89
185 13 90
181 13 91
179 13 92
185 13 93
181 13 94
187 13 95
176 13 96
178 13 97
185 13 98
181 13 99
185 13 100
170 14 1
165 14 2
184 14 3
179 14 4
184 14 5
176 14 6
178 14 7
174 14 8
169 14 9
166 14 10
169 14 11
174 14 12
176 14 13
190 14 14
174 14 15
182 14 16
175 14 17
175 14 18
181 14 19
174 14 20
170 14 21
175 14 22
182 14 23
174 14 24
163 14 25
167 14 26
184 14 27
175 14 28
172 14 29
171 14 30
173 14 31
169 14 32
171 14 33
178 14 34
173 14 35
171 14 36
172 14 37
177 14 38
170 14 39
175 14 40
182 14 41
173 14 42
170 14 43
172 14 44
175 14 45
172 14 46
180 14 47
169 14 48
167 14 49
175 14 50
180 14 51
175 14 52
177 14 53
180 14 54
165 14 55
176 14 56
170 14 57
167 14 58
171 14 59
174 14 60
174 14 61
173 14 62
187 14 63
174 14 64
172 14 65
171 14 66
167 14 67
169 14 68
176 14 69
179 14 70
175 14 71
183 14 72
176 14 73
165 14 74
171 14 75
168 14 76
166 14 77
175 14 78
168 14 79
180 14 80
164 14 81
175 14 82
172 14 83
168 14 84
173 14 85
174 14 86
169 14 87
168 14 88
180 14 89
182 14 90
186 14 91
181 14 92
171 14 93
179 14 94
180 14 95
173 14 96
179 14 97
178 14 98
177 14 99
175 14 100
165 15 1
169 15 2
179 15 3
178 15 4
184 15 5
170 15 6
174 15 7
171 15 8
165 15 9
170 15 10
170 15 11
174 15 12
176 15 13
177 15 14
187 15 15
181 15 16
178 15 17
174 15 18
178 15 19
172 15 20
169 15 21
171 15 22
182 15 23
172 15 24
166 15 25
169 15 26
182 15 27
175 15 28
173 15 29
162 15 30
175 15 31
168 15 32
172 15 33
178 15 34
179 15 35
174 15 36
176 15 37
172 15 38
161 15 39
170 15 40
181 15 41
173 15 42
172 15 43
180 15 44
177 15 45
170 15 46
177 15 47
165 15 48
167 15 49
178 15 50
174 15 51
171 15 52
175 15 53
174 15 54
161 15 55
170 15 56
169 15 57
164 15 58
172 15 59
172 15 60
171 15 61
174 15 62
179 15 63
175 15 64
167 15 65
169 15 66
170 15 67
166 15 68
176 15 69
183 15 70
177 15 71
184 15 72
173 15 73
167 15 74
173 15 75
166 15 76
164 15 77
177 15 78
170 15 79
175 15 80
165 15 81
167 15 82
178 15 83
164 15 84
168 15 85
171 15 86
165 15 87
165 15 88
183 15 89
183 15 90
185 15 91
173 15 92
175 15 93
171 15 94
167 15 95
171 15 96
177 15 97
170 15 98
171 15 99
175 15 100
159 16 1
158 16 2
174 16 3
175 16 4
178 16 5
167 16 6
167 16 7
170 16 8
158 16 9
170 16 10
155 16 11
165 16 12
164 16 13
175 16 14
172 16 15
190 16 16
167 16 17
163 16 18
178 16 19
165 16 20
161 16 21
156 16 22
174 16 23
166 16 24
155 16 25
158 16 26
173 16 27
170 16 28
167 16 29
153 16 30
163 16 31
160 16 32
166 16 33
167 16 34
168 16 35
162 16 36
163 16 37
165 16 38
159 16 39
162 16 40
177 16 41
163 16 42
165 16 43
165 16 44
165 16 45
160 16 46
172 16 47
160 16 48
155 16 49
174 16 50
182 16 51
167 16 52
172 16 53
170 16 54
159 16 55
167 16 56
165 16 57
157 16 58
164 16 59
169 16 60
166 16 61
169 16 62
176 16 63
162 16 64
158 16 65
169 16 66
165 16 67
158 16 68
161 16 69
178 16 70
167 16 71
170 16 72
166 16 73
152 16 74
168 16 75
153 16 76
167 16 77
167 16 78
159 16 79
177 16 80
161 16 81
164 16 82
165 16 83
160 16 84
165 16 85
160 16 86
159 16 87
166 16 88
170 16 89
179 16 90
173 16 91
170 16 92
163 16 93
168 16 94
165 16 95
164 16 96
173 16 97
161 16 98
165 16 99
162 16 100
169 17 1
171 17 2
181 17 3
171 17 4
174 17 5
176 17 6
176 17 7
176 17 8
163 17 9
163 17 10
185 17 11
181 17 12
188 17 13
176 17 14
172 17 15
174 17 16
196 17 17
185 17 18
177 17 19
183 17 20
179 17 21
191 17 22
190 17 23
171 17 24
176 17 25
176 17 26
179 17 27
176 17 28
168 17 29
170 17 30
172 17 31
173 17 32
185 17 33
190 17 34
186 17 35
185 17 36
186 17 37
176 17 38
177 17 39
175 17 40
174 17 41
180 17 42
179 17 43
184 17 44
181 17 45
182 17 46
180 17 47
175 17 48
182 17 49
177 17 50
174 17 51
187 17 52
171 17 53
185 17 54
158 17 55
181 17 56
178 17 57
169 17 58
180 17 59
182 17 60
181 17 61
183 17 62
184 17 63
180 17 64
175 17 65
170 17 66
179 17 67
169 17 68
175 17 69
183 17 70
178 17 71
178 17 72
177 17 73
175 17 74
166 17 75
178 17 76
166 17 77
180 17 78
177 17 79
170 17 80
170 17 81
173 17 82
173 17 83
168 17 84
177 17 85
180 17 86
173 17 87
177 17 88
185 17 89
177 17 90
180 17 91
181 17 92
180 17 93
176 17 94
184 17 95
183 17 96
169 17 97
179 17 98
179 17 99
184 17 100
169 18 1
171 18 2
176 18 3
165 18 4
168 18 5
177 18 6
175 18 7
175 18 8
164 18 9
157 18 10
183 18 11
179 18 12
186 18 13
169 18 14
163 18 15
166 18 16
178 18 17
200 18 18
168 18 19
178 18 20
177 18 21
187 18 22
183 18 23
169 18 24
176 18 25
180 18 26
170 18 27
175 18 28
166 18 29
176 18 30
171 18 31
171 18 32
178 18 33
180 18 34
182 18 35
180 18 36
180 18 37
173 18 38
175 18 39
176 18 40
169 18 41
181 18 42
174 18 43
184 18 44
181 18 45
181 18 46
173 18 47
173 18 48
183 18 49
169 18 50
163 18 51
178 18 52
164 18 53
187 18 54
157 18 55
180 18 56
173 18 57
178 18 58
174 18 59
177 18 60
179 18 61
174 18 62
179 18 63
184 18 64
175 18 65
162 18 66
177 18 67
172 18 68
175 18 69
167 18 70
180 18 71
168 18 72
183 18 73
168 18 74
163 18 75
174 18 76
162 18 77
178 18 78
179 18 79
167 18 80
172 18 81
167 18 82
172 18 83
166 18 84
175 18 85
174 18 86
166 18 87
174 18 88
177 18 89
172 18 90
175 18 91
173 18 92
180 18 93
170 18 94
179 18 95
172 18 96
163 18 97
174 18 98
170 18 99
182 18 100
167 19 1
165 19 2
177 19 3
179 19 4
181 19 5
170 19 6
171 19 7
172 19 8
164 19 9
163 19 10
171 19 11
171 19 12
176 19 13
179 19 14
172 19 15
184 19 16
179 19 17
177 19 18
190 19 19
172 19 20
173 19 21
171 19 22
180 19 23
166 19 24
165 19 25
171 19 26
184 19 27
168 19 28
165 19 29
164 19 30
166 19 31
168 19 32
178 19 33
180 19 34
178 19 35
172 19 36
176 19 37
166 19 38
170 19 39
168 19 40
185 19 41
174 19 42
173 19 43
172 19 44
173 19 45
174 19 46
179 19 47
166 19 48
168 19 49
170 19 50
177 19 51
175 19 52
174 19 53
179 19 54
157 19 55
172 19 56
167 19 57
162 19 58
172 19 59
169 19 60
174 19 61
174 19 62
190 19 63
175 19 64
171 19 65
167 19 66
172 19 67
166 19 68
168 19 69
181 19 70
181 19 71
174 19 72
172 19 73
169 19 74
168 19 75
164 19 76
164 19 77
171 19 78
172 19 79
180 19 80
169 19 81
170 19 82
169 19 83
165 19 84
174 19 85
166 19 86
167 19 87
172 19 88
183 19 89
182 19 90
185 19 91
178 19 92
169 19 93
172 19 94
176 19 95
168 19 96
171 19 97
175 19 98
168 19 99
171 19 100
167 20 1
167 20 2
180 20 3
164 20 4
169 20 5
174 20 6
173 20 7
170 20 8
165 20 9
159 20 10
183 20 11
174 20 12
182 20 13
168 20 14
165 20 15
168 20 16
175 20 17
182 20 18
166 20 19
196 20 20
177 20 21
187 20 22
184 20 23
172 20 24
174 20 25
179 20 26
174 20 27
170 20 28
173 20 29
171 20 30
170 20 31
171 20 32
178 20 33
179 20 34
181 20 35
175 20 36
179 20 37
173 20 38
166 20 39
173 20 40
169 20 41
178 20 42
174 20 43
181 20 44
179 20 45
181 20 46
168 20 47
180 20 48
177 20 49
177 20 50
164 20 51
175 20 52
171 20 53
185 20 54
164 20 55
174 20 56
170 20 57
170 20 58
176 20 59
181 20 60
175 20 61
182 20 62
174 20 63
178 20 64
171 20 65
169 20 66
176 20 67
166 20 68
177 20 69
172 20 70
170 20 71
170 20 72
186 20 73
170 20 74
165 20 75
178 20 76
164 20 77
175 20 78
172 20 79
163 20 80
170 20 81
175 20 82
168 20 83
163 20 84
173 20 85
176 20 86
171 20 87
176 20 88
180 20 89
172 20 90
174 20 91
174 20 92
176 20 93
176 20 94
182 20 95
171 20 96
166 20 97
176 20 98
173 20 99
180 20 100
177 21 1
159 21 2
181 21 3
162 21 4
167 21 5
181 21 6
175 21 7
169 21 8
163 21 9
158 21 10
175 21 11
171 21 12
184 21 13
169 21 14
168 21 15
170 21 16
172 21 17
182 21 18
172 21 19
179 21 20
192 21 21
182 21 22
183 21 23
167 21 24
166 21 25
174 21 26
184 21 27
176 21 28
168 21 29
169 21 30
171 21 31
176 21 32
181 21 33
180 21 34
175 21 35
172 21 36
176 21 37
181 21 38
177 21 39
171 21 40
171 21 41
173 21 42
182 21 43
187 21 44
180 21 45
178 21 46
171 21 47
175 21 48
175 21 49
176 21 50
167 21 51
179 21 52
168 21 53
179 21 54
159 21 55
173 21 56
176 21 57
169 21 58
171 21 59
179 21 60
184 21 61
176 21 62
179 21 63
169 21 64
181 21 65
170 21 66
178 21 67
160 21 68
169 21 69
168 21 70
173 21 71
172 21 72
176 21 73
170 21 74
165 21 75
182 21 76
159 21 77
164 21 78
178 21 79
166 21 80
177 21 81
166 21 82
172 21 83
161 21 84
181 21 85
181 21 86
174 21 87
178 21 88
185 21 89
176 21 90
174 21 91
175 21 92
178 21 93
170 21 94
185 21 95
171 21 96
167 21 97
176 21 98
173 21 99
172 21 100
167 22 1
168 22 2
184 22 3
163 22 4
169 22 5
178 22 6
175 22 7
163 22 8
165 22 9
153 22 10
185 22 11
186 22 12
188 22 13
171 22 14
172 22 15
163 22 16
179 22 17
185 22 18
166 22 19
178 22 20
179 22 21
199 22 22
179 22 23
168 22 24
178 22 25
181 22 26
177 22 27
171 22 28
169 22 29
173 22 30
173 22 31
172 22 32
177 22 33
180 22 34
177 22 35
179 22 36
183 22 37
173 22 38
172 22 39
173 22 40
169 22 41
181 22 42
175 22 43
188 22 44
178 22 45
183 22 46
170 22 47
173 22 48
185 22 49
167 22 50
159 22 51
173 22 52
168 22 53
178 22 54
156 22 55
178 22 56
168 22 57
172 22 58
175 22 59
174 22 60
178 22 61
180 22 62
182 22 63
179 22 64
172 22 65
160 22 66
171 22 67
169 22 68
180 22 69
168 22 70
175 22 71
174 22 72
183 22 73
178 22 74
159 22 75
179 22 76
155 22 77
176 22 78
181 22 79
166 22 80
167 22 81
168 22 82
172 22 83
159 22 84
172 22 85
175 22 86
171 22 87
172 22 88
181 22 89
173 22 90
179 22 91
171 22 92
183 22 93
171 22 94
180 22 95
170 22 96
166 22 97
178 22 98
174 22 99
180 22 100
168 23 1
171 23 2
182 23 3
177 23 4
180 23 5
175 23 6
175 23 7
174 23 8
166 23 9
166 23 10
183 23 11
177 23 12
188 23 13
174 23 14
173 23 15
177 23 16
187 23 17
186 23 18
176 23 19
185 23 20
178 23 21
183 23 22
201 23 23
173 23 24
174 23 25
180 23 26
179 23 27
176 23 28
166 23 29
174 23 30
177 23 31
169 23 32
183 23 33
190 23 34
188 23 35
180 23 36
187 23 37
175 23 38
172 23 39
178 23 40
175 23 41
183 23 42
173 23 43
187 23 44
183 23 45
177 23 46
180 23 47
179 23 48
178 23 49
181 23 50
171 23 51
181 23 52
177 23 53
190 23 54
162 23 55
184 23 56
174 23 57
175 23 58
184 23 59
180 23 60
174 23 61
188 23 62
178 23 63
186 23 64
175 23 65
170 23 66
177 23 67
168 23 68
178 23 69
182 23 70
180 23 71
177 23 72
187 23 73
172 23 74
169 23 75
172 23 76
167 23 77
179 23 78
178 23 79
174 23 80
165 23 81
173 23 82
174 23 83
169 23 84
175 23 85
172 23 86
172 23 87
173 23 88
185 23 89
182 23 90
181 23 91
182 23 92
177 23 93
176 23 94
179 23 95
177 23 96
172 23 97
180 23 98
182 23 99
183 23 100
161 24 1
159 24 2
178 24 3
167 24 4
165 24 5
175 24 6
181 24 7
175 24 8
170 24 9
167 24 10
170 24 11
167 24 12
166 24 13
170 24 14
169 24 15
168 24 16
164 24 17
174 24 18
161 24 19
172 24 20
161 24 21
171 24 22
171 24 23
191 24 24
162 24 25
162 24 26
169 24 27
169 24 28
176 24 29
175 24 30
177 24 31
164 24 32
164 24 33
167 24 34
175 24 35
162 24 36
163 24 37
171 24 38
165 24 39
174 24 40
166 24 41
164 24 42
160 24 43
170 24 44
173 24 45
168 24 46
166 24 47
167 24 48
167 24 49
176 24 50
167 24 51
164 24 52
171 24 53
166 24 54
168 24 55
161 24 56
167 24 57
160 24 58
164 24 59
169 24 60
170 24 61
168 24 62
168 24 63
172 24 64
164 24 65
174 24 66
169 24 67
172 24 68
177 24 69
165 24 70
165 24 71
170 24 72
181 24 73
161 24 74
173 24 75
164 24 76
173 24 77
171 24 78
170 24 79
170 24 80
163 24 81
174 24 82
185 24 83
173 24 84
164 24 85
167 24 86
157 24 87
162 24 88
176 24 89
172 24 90
173 24 91
172 24 92
165 24 93
179 24 94
171 24 95
160 24 96
175 24 97
162 24 98
164 24 99
169 24 100
165 25 1
171 25 2
180 25 3
162 25 4
170 25 5
175 25 6
173 25 7
171 25 8
163 25 9
156 25 10
186 25 11
183 25 12
185 25 13
170 25 14
169 25 15
167 25 16
177 25 17
181 25 18
169 25 19
185 25 20
174 25 21
190 25 22
182 25 23
168 25 24
187 25 25
177 25 26
172 25 27
171 25 28
169 25 29
170 25 30
172 25 31
175 25 32
174 25 33
178 25 34
179 25 35
172 25 36
179 25 37
175 25 38
170 25 39
173 25 40
171 25 41
184 25 42
174 25 43
182 25 44
180 25 45
185 25 46
172 25 47
178 25 48
181 25 49
171 25 50
162 25 51
178 25 52
166 25 53
178 25 54
158 25 55
178 25 56
168 25 57
171 25 58
171 25 59
176 25 60
175 25 61
179 25 62
179 25 63
179 25 64
166 25 65
160 25 66
173 25 67
167 25 68
182 25 69
169 25 70
174 25 71
175 25 72
180 25 73
177 25 74
163 25 75
179 25 76
159 25 77
176 25 78
176 25 79
163 25 80
165 25 81
172 25 82
167 25 83
163 25 84
172 25 85
174 25 86
168 25 87
172 25 88
182 25 89
169 25 90
172 25 91
172 25 92
180 25 93
173 25 94
178 25 95
173 25 96
161 25 97
177 25 98
174 25 99
179 25 100
169 26 1
163 26 2
174 26 3
162 26 4
170 26 5
180 26 6
173 26 7
168 26 8
163 26 9
160 26 10
184 26 11
182 26 12
184 26 13
171 26 14
165 26 15
167 26 16
176 26 17
183 26 18
171 26 19
177 26 20
180 26 21
186 26 22
181 26 23
165 26 24
174 26 25
193 26 26
175 26 27
179 26 28
166 26 29
166 26 30
171 26 31
165 26 32
182 26 33
184 26 34
185 26 35
175 26 36
180 26 37
173 26 38
178 26 39
172 26 40
168 26 41
185 26 42
179 26 43
182 26 44
179 26 45
182 26 46
175 26 47
174 26 48
180 26 49
172 26 50
163 26 51
175 26 52
167 26 53
182 26 54
159 26 55
181 26 56
171 26 57
176 26 58
173 26 59
179 26 60
180 26 61
181 26 62
180 26 63
181 26 64
174 26 65
164 26 66
180 26 67
167 26 68
176 26 69
173 26 70
170 26 71
167 26 72
175 26 73
171 26 74
161 26 75
177 26 76
166 26 77
169 26 78
182 26 79
168 26 80
170 26 81
172 26 82
168 26 83
160 26 84
177 26 85
176 26 86
175 26 87
174 26 88
179 26 89
172 26 90
171 26 91
172 26 92
179 26 93
169 26 94
179 26 95
172 26 96
165 26 97
181 26 98
176 26 99
174 26 100
174 27 1
161 27 2
185 27 3
172 27 4
175 27 5
179 27 6
178 27 7
171 27 8
169 27 9
164 27 10
172 27 11
174 27 12
178 27 13
180 27 14
172 27 15
178 27 16
173 27 17
175 27 18
182 27 19
174 27 20
182 27 21
177 27 22
181 27 23
168 27 24
162 27 25
169 27 26
198 27 27
177 27 28
171 27 29
170 27 30
173 27 31
172 27 32
181 27 33
180 27 34
178 27 35
174 27 36
179 27 37
177 27 38
175 27 39
174 27 40
177 27 41
170 27 42
181 27 43
180 27 44
177 27 45
172 27 46
176 27 47
171 27 48
170 27 49
173 27 50
173 27 51
176 27 52
173 27 53
175 27 54
166 27 55
173 27 56
170 27 57
164 27 58
172 27 59
174 27 60
181 27 61
178 27 62
188 27 63
171 27 64
179 27 65
172 27 66
173 27 67
162 27 68
172 27 69
177 27 70
174 27 71
178 27 72
175 27 73
172 27 74
173 27 75
179 27 76
163 27 77
168 27 78
178 27 79
175 27 80
170 27 81
177 27 82
173 27 83
162 27 84
184 27 85
173 27 86
180 27 87
171 27 88
183 27 89
179 27 90
183 27 91
178 27 92
174 27 93
174 27 94
182 27 95
170 27 96
178 27 97
175 27 98
176 27 99
174 27 100
171 28 1
163 28 2
170 28 3
160 28 4
167 28 5
180 28 6
169 28 7
172 28 8
160 28 9
166 28 10
171 28 11
178 28 12
177 28 13
172 28 14
165 28 15
173 28 16
173 28 17
174 28 18
169 28 19
165 28 20
173 28 21
173 28 22
177 28 23
166 28 24
168 28 25
173 28 26
174 28 27
192 28 28
159 28 29
165 28 30
170 28 31
172 28 32
173 28 33
179 28 34
176 28 35
176 28 36
173 28 37
183 28 38
174 28 39
173 28 40
163 28 41
173 28 42
180 28 43
182 28 44
173 28 45
167 28 46
166 28 47
165 28 48
172 28 49
178 28 50
172 28 51
177 28 52
160 28 53
174 28 54
159 28 55
178 28 56
175 28 57
166 28 58
167 28 59
182 28 60
176 28 61
175 28 62
177 28 63
173 28 64
171 28 65
163 28 66
175 28 67
164 28 68
169 28 69
167 28 70
168 28 71
169 28 72
170 28 73
164 28 74
166 28 75
172 28 76
164 28 77
167 28 78
172 28 79
164 28 80
167 28 81
161 28 82
171 28 83
161 28 84
177 28 85
175 28 86
171 28 87
174 28 88
175 28 89
171 28 90
171 28 91
170 28 92
175 28 93
165 28 94
176 28 95
178 28 96
173 28 97
168 28 98
173 28 99
168 28 100
174 29 1
159 29 2
190 29 3
170 29 4
176 29 5
178 29 6
189 29 7
183 29 8
172 29 9
168 29 10
177 29 11
175 29 12
180 29 13
179 29 14
176 29 15
177 29 16
172 29 17
178 29 18
172 29 19
183 29 20
175 29 21
177 29 22
178 29 23
183 29 24
169 29 25
172 29 26
180 29 27
176 29 28
188 29 29
175 29 30
179 29 31
171 29 32
172 29 33
179 29 34
180 29 35
172 29 36
174 29 37
177 29 38
172 29 39
181 29 40
173 29 41
173 29 42
169 29 43
178 29 44
182 29 45
176 29 46
174 29 47
175 29 48
175 29 49
181 29 50
175 29 51
174 29 52
177 29 53
177 29 54
171 29 55
168 29 56
170 29 57
170 29 58
170 29 59
180 29 60
181 29 61
178 29 62
177 29 63
172 29 64
171 29 65
177 29 66
175 29 67
172 29 68
181 29 69
173 29 70
167 29 71
175 29 72
184 29 73
170 29 74
172 29 75
177 29 76
172 29 77
173 29 78
175 29 79
175 29 80
176 29 81
182 29 82
180 29 83
174 29 84
172 29 85
176 29 86
169 29 87
175 29 88
180 29 89
176 29 90
179 29 91
181 29 92
175 29 93
185 29 94
182 29 95
172 29 96
178 29 97
172 29 98
172 29 99
180 29 100
162 30 1
162 30 2
176 30 3
165 30 4
164 30 5
164 30 6
171 30 7
165 30 8
172 30 9
163 30 10
173 30 11
168 30 12
170 30 13
167 30 14
162 30 15
167 30 16
172 30 17
180 30 18
161 30 19
174 30 20
170 30 21
174 30 22
174 30 23
177 30 24
162 30 25
165 30 26
171 30 27
167 30 28
173 30 29
190 30 30
184 30 31
165 30 32
170 30 33
178 30 34
175 30 35
169 30 36
174 30 37
168 30 38
167 30 39
188 30 40
163 30 41
167 30 42
162 30 43
175 30 44
171 30 45
168 30 46
166 30 47
167 30 48
168 30 49
167 30 50
164 30 51
168 30 52
167 30 53
174 30 54
172 30 55
170 30 56
160 30 57
167 30 58
170 30 59
164 30 60
170 30 61
174 30 62
174 30 63
175 30 64
165 30 65
174 30 66
166 30 67
174 30 68
175 30 69
164 30 70
172 30 71
171 30 72
183 30 73
167 30 74
171 30 75
170 30 76
164 30 77
166 30 78
169 30 79
166 30 80
165 30 81
177 30 82
174 30 83
167 30 84
167 30 85
166 30 86
160 30 87
162 30 88
170 30 89
172 30 90
174 30 91
169 30 92
173 30 93
177 30 94
171 30 95
165 30 96
176 30 97
162 30 98
167 30 99
175 30 100
159 31 1
162 31 2
175 31 3
167 31 4
168 31 5
166 31 6
171 31 7
161 31 8
175 31 9
164 31 10
178 31 11
171 31 12
173 31 13
167 31 14
166 31 15
167 31 16
169 31 17
176 31 18
163 31 19
170 31 20
171 31 21
174 31 22
173 31 23
171 31 24
167 31 25
170 31 26
172 31 27
168 31 28
171 31 29
180 31 30
193 31 31
161 31 32
169 31 33
175 31 34
176 31 35
170 31 36
170 31 37
170 31 38
166 31 39
188 31 40
167 31 41
171 31 42
166 31 43
177 31 44
174 31 45
168 31 46
167 31 47
168 31 48
171 31 49
161 31 50
160 31 51
162 31 52
165 31 53
172 31 54
164 31 55
171 31 56
160 31 57
164 31 58
172 31 59
164 31 60
170 31 61
171 31 62
172 31 63
174 31 64
165 31 65
169 31 66
163 31 67
173 31 68
173 31 69
166 31 70
171 31 71
170 31 72
184 31 73
170 31 74
169 31 75
166 31 76
159 31 77
167 31 78
172 31 79
169 31 80
159 31 81
173 31 82
178 31 83
167 31 84
164 31 85
163 31 86
159 31 87
159 31 88
175 31 89
172 31 90
174 31 91
165 31 92
171 31 93
171 31 94
162 31 95
163 31 96
176 31 97
167 31 98
164 31 99
175 31 100
161 32 1
167 32 2
182 32 3
162 32 4
166 32 5
180 32 6
172 32 7
178 32 8
163 32 9
162 32 10
171 32 11
173 32 12
172 32 13
171 32 14
165 32 15
168 32 16
171 32 17
178 32 18
170 32 19
177 32 20
173 32 21
179 32 22
173 32 23
174 32 24
168 32 25
165 32 26
178 32 27
175 32 28
173 32 29
168 32 30
164 32 31
186 32 32
174 32 33
169 32 34
171 32 35
173 32 36
174 32 37
173 32 38
170 32 39
171 32 40
168 32 41
171 32 42
171 32 43
176 32 44
173 32 45
172 32 46
168 32 47
166 32 48
168 32 49
174 32 50
170 32 51
176 32 52
162 32 53
174 32 54
164 32 55
168 32 56
168 32 57
164 32 58
163 32 59
178 32 60
170 32 61
174 32 62
176 32 63
169 32 64
175 32 65
167 32 66
177 32 67
171 32 68
172 32 69
169 32 70
170 32 71
169 32 72
177 32 73
166 32 74
171 32 75
170 32 76
164 32 77
172 32 78
170 32 79
164 32 80
167 32 81
172 32 82
173 32 83
163 32 84
168 32 85
174 32 86
167 32 87
178 32 88
177 32 89
168 32 90
175 32 91
172 32 92
170 32 93
174 32 94
183 32 95
168 32 96
170 32 97
167 32 98
163 32 99
171 32 100
174 33 1
163 33 2
180 33 3
167 33 4
172 33 5
178 33 6
175 33 7
171 33 8
163 33 9
164 33 10
179 33 11
179 33 12
190 33 13
174 33 14
169 33 15
173 33 16
184 33 17
185 33 18
174 33 19
176 33 20
182 33 21
183 33 22
186 33 23
168 33 24
170 33 25
179 33 26
182 33 27
180 33 28
164 33 29
173 33 30
171 33 31
170 33 32
193 33 33
189 33 34
187 33 35
186 33 36
186 33 37
177 33 38
182 33 39
176 33 40
170 33 41
179 33 42
184 33 43
183 33 44
180 33 45
177 33 46
177 33 47
174 33 48
180 33 49
177 33 50
170 33 51
184 33 52
172 33 53
182 33 54
162 33 55
181 33 56
174 33 57
178 33 58
180 33 59
184 33 60
183 33 61
182 33 62
186 33 63
182 33 64
179 33 65
169 33 66
183 33 67
164 33 68
169 33 69
178 33 70
174 33 71
174 33 72
175 33 73
177 33 74
164 33 75
180 33 76
166 33 77
171 33 78
182 33 79
171 33 80
173 33 81
170 33 82
168 33 83
164 33 84
180 33 85
179 33 86
180 33 87
178 33 88
182 33 89
181 33 90
180 33 91
178 33 92
180 33 93
175 33 94
186 33 95
179 33 96
175 33 97
177 33 98
181 33 99
180 33 100
173 34 1
165 34 2
182 34 3
174 34 4
179 34 5
174 34 6
178 34 7
171 34 8
165 34 9
167 34 10
183 34 11
183 34 12
192 34 13
180 34 14
176 34 15
179 34 16
190 34 17
182 34 18
179 34 19
180 34 20
176 34 21
183 34 22
188 34 23
173 34 24
176 34 25
176 34 26
183 34 27
181 34 28
170 34 29
176 34 30
180 34 31
169 34 32
181 34 33
201 34 34
187 34 35
180 34 36
185 34 37
178 34 38
173 34 39
182 34 40
179 34 41
180 34 42
177 34 43
181 34 44
182 34 45
180 34 46
184 34 47
179 34 48
183 34 49
179 34 50
172 34 51
184 34 52
177 34 53
186 34 54
165 34 55
183 34 56
172 34 57
172 34 58
182 34 59
185 34 60
180 34 61
186 34 62
188 34 63
179 34 64
175 34 65
170 34 66
175 34 67
166 34 68
181 34 69
183 34 70
178 34 71
178 34 72
182 34 73
180 34 74
169 34 75
180 34 76
165 34 77
172 34 78
180 34 79
175 34 80
169 34 81
177 34 82
172 34 83
169 34 84
180 34 85
177 34 86
170 34 87
172 34 88
188 34 89
186 34 90
183 34 91
179 34 92
181 34 93
178 34 94
180 34 95
181 34 96
177 34 97
178 34 98
181 34 99
188 34 100
172 35 1
167 35 2
176 35 3
168 35 4
174 35 5
177 35 6
176 35 7
173 35 8
165 35 9
165 35 10
184 35 11
176 35 12
187 35 13
174 35 14
167 35 15
171 35 16
187 35 17
186 35 18
172 35 19
181 35 20
178 35 21
183 35 22
190 35 23
173 35 24
174 35 25
182 35 26
177 35 27
177 35 28
168 35 29
174 35 30
174 35 31
167 35 32
187 35 33
188 35 34
201 35 35
182 35 36
189 35 37
171 35 38
176 35 39
177 35 40
171 35 41
178 35 42
181 35 43
185 35 44
185 35 45
181 35 46
176 35 47
174 35 48
183 35 49
173 35 50
168 35 51
182 35 52
174 35 53
186 35 54
162 35 55
182 35 56
171 35 57
178 35 58
185 35 59
179 35 60
176 35 61
185 35 62
178 35 63
186 35 64
174 35 65
167 35 66
182 35 67
170 35 68
174 35 69
177 35 70
179 35 71
173 35 72
182 35 73
175 35 74
166 35 75
178 35 76
167 35 77
178 35 78
182 35 79
174 35 80
169 35 81
170 35 82
171 35 83
169 35 84
177 35 85
172 35 86
171 35 87
175 35 88
184 35 89
180 35 90
178 35 91
177 35 92
177 35 93
169 35 94
181 35 95
174 35 96
163 35 97
174 35 98
178 35 99
183 35 100
167 36 1
170 36 2
180 36 3
168 36 4
172 36 5
176 36 6
173 36 7
176 36 8
165 36 9
169 36 10
176 36 11
179 36 12
182 36 13
169 36 14
170 36 15
171 36 16
181 36 17
187 36 18
171 36 19
177 36 20
173 36 21
182 36 22
187 36 23
166 36 24
171 36 25
175 36 26
174 36 27
180 36 28
163 36 29
172 36 30
173 36 31
171 36 32
180 36 33
181 36 34
180 36 35
194 36 36
191 36 37
176 36 38
175 36 39
178 36 40
168 36 41
179 36 42
177 36 43
183 36 44
172 36 45
172 36 46
173 36 47
166 36 48
177 36 49
177 36 50
172 36 51
181 36 52
167 36 53
186 36 54
162 36 55
183 36 56
178 36 57
175 36 58
180 36 59
179 36 60
171 36 61
187 36 62
178 36 63
186 36 64
176 36 65
167 36 66
179 36 67
171 36 68
172 36 69
174 36 70
176 36 71
171 36 72
174 36 73
168 36 74
168 36 75
174 36 76
166 36 77
184 36 78
174 36 79
167 36 80
167 36 81
168 36 82
168 36 83
165 36 84
175 36 85
177 36 86
171 36 87
180 36 88
174 36 89
173 36 90
178 36 91
178 36 92
181 36 93
174 36 94
183 36 95
182 36 96
172 36 97
174 36 98
177 36 99
184 36 100
169 37 1
167 37 2
173 37 3
165 37 4
170 37 5
169 37 6
171 37 7
166 37 8
164 37 9
162 37 10
181 37 11
172 37 12
186 37 13
169 37 14
168 37 15
167 37 16
182 37 17
185 37 18
167 37 19
178 37 20
177 37 21
178 37 22
185 37 23
164 37 24
169 37 25
179 37 26
175 37 27
171 37 28
164 37 29
173 37 30
175 37 31
164 37 32
183 37 33
189 37 34
185 37 35
186 37 36
196 37 37
167 37 38
172 37 39
177 37 40
169 37 41
177 37 42
173 37 43
185 37 44
175 37 45
177 37 46
170 37 47
170 37 48
176 37 49
171 37 50
162 37 51
176 37 52
169 37 53
188 37 54
159 37 55
183 37 56
171 37 57
176 37 58
187 37 59
172 37 60
175 37 61
183 37 62
177 37 63
183 37 64
173 37 65
164 37 66
173 37 67
168 37 68
171 37 69
173 37 70
174 37 71
171 37 72
175 37 73
172 37 74
163 37 75
175 37 76
160 37 77
176 37 78
178 37 79
164 37 80
168 37 81
166 37 82
167 37 83
162 37 84
176 37 85
174 37 86
170 37 87
172 37 88
178 37 89
177 37 90
176 37 91
174 37 92
183 37 93
170 37 94
178 37 95
177 37 96
167 37 97
174 37 98
175 37 99
180 37 100
169 38 1
163 38 2
171 38 3
166 38 4
166 38 5
179 38 6
176 38 7
168 38 8
161 38 9
160 38 10
174 38 11
177 38 12
178 38 13
173 38 14
168 38 15
173 38 16
174 38 17
180 38 18
169 38 19
169 38 20
173 38 21
175 38 22
176 38 23
170 38 24
166 38 25
172 38 26
180 38 27
181 38 28
162 38 29
171 38 30
172 38 31
170 38 32
169 38 33
181 38 34
173 38 35
169 38 36
172 38 37
190 38 38
172 38 39
171 38 40
168 38 41
176 38 42
173 38 43
187 38 44
180 38 45
168 38 46
174 38 47
170 38 48
173 38 49
178 38 50
165 38 51
177 38 52
162 38 53
174 38 54
158 38 55
177 38 56
176 38 57
161 38 58
163 38 59
176 38 60
179 38 61
174 38 62
179 38 63
173 38 64
177 38 65
163 38 66
170 38 67
159 38 68
175 38 69
165 38 70
174 38 71
175 38 72
175 38 73
165 38 74
166 38 75
176 38 76
161 38 77
166 38 78
175 38 79
164 38 80
163 38 81
166 38 82
174 38 83
161 38 84
182 38 85
176 38 86
170 38 87
167 38 88
179 38 89
174 38 90
175 38 91
170 38 92
178 38 93
168 38 94
173 38 95
174 38 96
173 38 97
173 38 98
174 38 99
171 38 100
176 39 1
161 39 2
169 39 3
163 39 4
166 39 5
177 39 6
170 39 7
169 39 8
161 39 9
161 39 10
168 39 11
170 39 12
176 39 13
168 39 14
163 39 15
169 39 16
173 39 17
181 39 18
171 39 19
169 39 20
181 39 21
171 39 22
180 39 23
165 39 24
164 39 25
177 39 26
175 39 27
181 39 28
159 39 29
169 39 30
168 39 31
169 39 32
179 39 33
178 39 34
177 39 35
172 39 36
175 39 37
178 39 38
187 39 39
172 39 40
165 39 41
177 39 42
181 39 43
182 39 44
173 39 45
167 39 46
169 39 47
163 39 48
170 39 49
174 39 50
165 39 51
179 39 52
160 39 53
172 39 54
157 39 55
171 39 56
176 39 57
164 39 58
167 39 59
177 39 60
180 39 61
174 39 62
177 39 63
175 39 64
177 39 65
162 39 66
180 39 67
161 39 68
164 39 69
168 39 70
172 39 71
169 39 72
168 39 73
164 39 74
165 39 75
179 39 76
163 39 77
166 39 78
178 39 79
164 39 80
171 39 81
162 39 82
170 39 83
157 39 84
181 39 85
174 39 86
173 39 87
171 39 88
175 39 89
168 39 90
172 39 91
171 39 92
173 39 93
166 39 94
177 39 95
174 39 96
167 39 97
172 39 98
173 39 99
167 39 100
169 40 1
161 40 2
178 40 3
169 40 4
170 40 5
171 40 6
174 40 7
168 40 8
179 40 9
166 40 10
177 40 11
171 40 12
177 40 13
172 40 14
166 40 15
166 40 16
174 40 17
184 40 18
166 40 19
176 40 20
172 40 21
180 40 22
181 40 23
176 40 24
168 40 25
175 40 26
175 40 27
173 40 28
174 40 29
190 40 30
189 40 31
164 40 32
175 40 33
185 40 34
178 40 35
175 40 36
180 40 37
169 40 38
170 40 39
196 40 40
167 40 41
174 40 42
168 40 43
178 40 44
178 40 45
174 40 46
169 40 47
169 40 48
177 40 49
168 40 50
165 40 51
173 40 52
172 40 53
178 40 54
174 40 55
174 40 56
164 40 57
175 40 58
177 40 59
171 40 60
174 40 61
175 40 62
175 40 63
182 40 64
167 40 65
175 40 66
170 40 67
181 40 68
175 40 69
170 40 70
173 40 71
169 40 72
188 40 73
173 40 74
170 40 75
172 40 76
167 40 77
174 40 78
177 40 79
169 40 80
164 40 81
177 40 82
182 40 83
173 40 84
170 40 85
167 40 86
163 40 87
167 40 88
175 40 89
173 40 90
176 40 91
173 40 92
177 40 93
181 40 94
177 40 95
171 40 96
177 40 97
171 40 98
167 40 99
181 40 100
165 41 1
163 41 2
180 41 3
175 41 4
179 41 5
171 41 6
175 41 7
169 41 8
162 41 9
157 41 10
169 41 11
172 41 12
178 41 13
179 41 14
177 41 15
182 41 16
173 41 17
174 41 18
182 41 19
171 41 20
172 41 21
174 41 22
178 41 23
168 41 24
164 41 25
165 41 26
186 41 27
166 41 28
171 41 29
160 41 30
167 41 31
170 41 32
171 41 33
174 41 34
172 41 35
165 41 36
169 41 37
171 41 38
164 41 39
163 41 40
188 41 41
172 41 42
171 41 43
172 41 44
178 41 45
172 41 46
179 41 47
168 41 48
165 41 49
173 41 50
174 41 51
172 41 52
176 41 53
167 41 54
153 41 55
165 41 56
168 41 57
158 41 58
167 41 59
170 41 60
173 41 61
174 41 62
183 41 63
168 41 64
169 41 65
165 41 66
168 41 67
158 41 68
173 41 69
179 41 70
173 41 71
178 41 72
172 41 73
167 41 74
165 41 75
166 41 76
158 41 77
167 41 78
171 41 79
179 41 80
165 41 81
169 41 82
169 41 83
163 41 84
171 41 85
166 41 86
164 41 87
164 41 88
183 41 89
183 41 90
183 41 91
173 41 92
167 41 93
169 41 94
171 41 95
164 41 96
168 41 97
174 41 98
168 41 99
172 41 100
168 42 1
171 42 2
180 42 3
169 42 4
173 42 5
176 42 6
174 42 7
168 42 8
164 42 9
164 42 10
185 42 11
183 42 12
183 42 13
172 42 14
170 42 15
171 42 16
180 42 17
185 42 18
173 42 19
183 42 20
175 42 21
185 42 22
184 42 23
166 42 24
181 42 25
185 42 26
174 42 27
178 42 28
166 42 29
170 42 30
176 42 31
171 42 32
182 42 33
185 42 34
180 42 35
179 42 36
183 42 37
175 42 38
177 42 39
179 42 40
168 42 41
194 42 42
180 42 43
188 42 44
179 42 45
179 42 46
174 42 47
172 42 48
179 42 49
173 42 50
165 42 51
176 42 52
164 42 53
182 42 54
160 42 55
182 42 56
172 42 57
176 42 58
177 42 59
179 42 60
179 42 61
181 42 62
181 42 63
183 42 64
173 42 65
164 42 66
178 42 67
166 42 68
177 42 69
174 42 70
175 42 71
172 42 72
178 42 73
176 42 74
164 42 75
174 42 76
161 42 77
174 42 78
179 42 79
167 42 80
167 42 81
175 42 82
169 42 83
159 42 84
177 42 85
178 42 86
174 42 87
176 42 88
183 42 89
174 42 90
174 42 91
171 42 92
184 42 93
173 42 94
178 42 95
176 42 96
171 42 97
177 42 98
180 42 99
177 42 100
169 43 1
160 43 2
166 43 3
163 43 4
166 43 5
173 43 6
164 43 7
164 43 8
158 43 9
161 43 10
166 43 11
174 43 12
178 43 13
167 43 14
168 43 15
169 43 16
171 43 17
174 43 18
173 43 19
169 43 20
176 43 21
174 43 22
172 43 23
155 43 24
166 43 25
176 43 26
177 43 27
177 43 28
158 43 29
159 43 30
161 43 31
167 43 32
177 43 33
175 43 34
176 43 35
174 43 36
175 43 37
172 43 38
177 43 39
162 43 40
167 43 41
176 43 42
191 43 43
178 43 44
176 43 45
171 43 46
169 43 47
164 43 48
172 43 49
167 43 50
166 43 51
178 43 52
162 43 53
173 43 54
154 43 55
175 43 56
174 43 57
163 43 58
168 43 59
177 43 60
176 43 61
173 43 62
177 43 63
172 43 64
173 43 65
162 43 66
177 43 67
157 43 68
161 43 69
170 43 70
170 43 71
166 43 72
167 43 73
165 43 74
160 43 75
175 43 76
154 43 77
166 43 78
178 43 79
165 43 80
166 43 81
160 43 82
162 43 83
152 43 84
177 43 85
170 43 86
174 43 87
172 43 88
175 43 89
171 43 90
169 43 91
170 43 92
178 43 93
158 43 94
177 43 95
177 43 96
163 43 97
176 43 98
174 43 99
164 43 100
168 44 1
167 44 2
180 44 3
166 44 4
171 44 5
183 44 6
180 44 7
166 44 8
163 44 9
159 44 10
181 44 11
182 44 12
182 44 13
171 44 14
172 44 15
171 44 16
180 44 17
183 44 18
165 44 19
179 44 20
177 44 21
186 44 22
185 44 23
172 44 24
172 44 25
177 44 26
178 44 27
177 44 28
168 44 29
172 44 30
176 44 31
172 44 32
179 44 33
179 44 34
184 44 35
180 44 36
184 44 37
181 44 38
170 44 39
174 44 40
170 44 41
179 44 42
176 44 43
199 44 44
182 44 45
173 44 46
172 44 47
170 44 48
175 44 49
178 44 50
163 44 51
177 44 52
167 44 53
176 44 54
158 44 55
175 44 56
175 44 57
170 44 58
175 44 59
176 44 60
177 44 61
178 44 62
178 44 63
182 44 64
174 44 65
164 44 66
174 44 67
168 44 68
179 44 69
168 44 70
177 44 71
175 44 72
180 44 73
171 44 74
162 44 75
176 44 76
163 44 77
178 44 78
181 44 79
165 44 80
168 44 81
163 44 82
177 44 83
163 44 84
177 44 85
178 44 86
173 44 87
174 44 88
182 44 89
173 44 90
177 44 91
172 44 92
184 44 93
168 44 94
179 44 95
174 44 96
168 44 97
171 44 98
172 44 99
176 44 100
170 45 1
165 45 2
179 45 3
169 45 4
172 45 5
182 45 6
181 45 7
175 45 8
167 45 9
163 45 10
189 45 11
180 45 12
190 45 13
177 45 14
176 45 15
169 45 16
181 45 17
188 45 18
171 45 19
183 45 20
178 45 21
188 45 22
186 45 23
174 45 24
177 45 25
185 45 26
180 45 27
178 45 28
175 45 29
173 45 30
177 45 31
174 45 32
184 45 33
187 45 34
192 45 35
178 45 36
183 45 37
173 45 38
177 45 39
177 45 40
177 45 41
183 45 42
180 45 43
185 45 44
198 45 45
183 45 46
179 45 47
177 45 48
185 45 49
179 45 50
167 45 51
182 45 52
174 45 53
184 45 54
162 45 55
178 45 56
174 45 57
173 45 58
177 45 59
183 45 60
180 45 61
183 45 62
179 45 63
185 45 64
177 45 65
165 45 66
183 45 67
173 45 68
180 45 69
177 45 70
177 45 71
173 45 72
185 45 73
177 45 74
169 45 75
180 45 76
164 45 77
178 45 78
187 45 79
174 45 80
171 45 81
175 45 82
174 45 83
170 45 84
175 45 85
176 45 86
170 45 87
173 45 88
190 45 89
181 45 90
176 45 91
180 45 92
178 45 93
172 45 94
183 45 95
174 45 96
167 45 97
182 45 98
174 45 99
184 45 100
166 46 1
166 46 2
176 46 3
164 46 4
172 46 5
176 46 6
171 46 7
168 46 8
164 46 9
155 46 10
187 46 11
178 46 12
186 46 13
172 46 14
168 46 15
165 46 16
178 46 17
179 46 18
171 46 19
181 46 20
175 46 21
187 46 22
180 46 23
173 46 24
181 46 25
180 46 26
170 46 27
170 46 28
169 46 29
171 46 30
172 46 31
172 46 32
176 46 33
181 46 34
181 46 35
169 46 36
176 46 37
171 46 38
165 46 39
172 46 40
174 46 41
179 46 42
169 46 43
180 46 44
182 46 45
193 46 46
171 46 47
177 46 48
181 46 49
174 46 50
161 46 51
176 46 52
172 46 53
181 46 54
157 46 55
174 46 56
167 46 57
170 46 58
174 46 59
177 46 60
174 46 61
177 46 62
181 46 63
176 46 64
171 46 65
162 46 66
174 46 67
166 46 68
180 46 69
172 46 70
173 46 71
172 46 72
180 46 73
176 46 74
163 46 75
176 46 76
157 46 77
170 46 78
176 46 79
169 46 80
166 46 81
171 46 82
168 46 83
166 46 84
169 46 85
173 46 86
165 46 87
172 46 88
186 46 89
175 46 90
177 46 91
173 46 92
177 46 93
172 46 94
175 46 95
166 46 96
160 46 97
175 46 98
173 46 99
179 46 100
164 47 1
172 47 2
181 47 3
181 47 4
180 47 5
172 47 6
177 47 7
176 47 8
162 47 9
170 47 10
176 47 11
182 47 12
185 47 13
180 47 14
179 47 15
180 47 16
187 47 17
180 47 18
181 47 19
179 47 20
174 47 21
180 47 22
190 47 23
175 47 24
176 47 25
173 47 26
181 47 27
176 47 28
168 47 29
165 47 30
173 47 31
169 47 32
181 47 33
185 47 34
185 47 35
179 47 36
183 47 37
177 47 38
171 47 39
172 47 40
179 47 41
179 47 42
174 47 43
179 47 44
181 47 45
182 47 46
191 47 47
175 47 48
175 47 49
179 47 50
175 47 51
180 47 52
175 47 53
182 47 54
160 47 55
180 47 56
176 47 57
172 47 58
176 47 59
182 47 60
175 47 61
179 47 62
189 47 63
177 47 64
172 47 65
169 47 66
175 47 67
164 47 68
178 47 69
189 47 70
180 47 71
183 47 72
175 47 73
176 47 74
171 47 75
173 47 76
169 47 77
175 47 78
175 47 79
175 47 80
169 47 81
175 47 82
172 47 83
167 47 84
172 47 85
177 47 86
170 47 87
171 47 88
188 47 89
186 47 90
185 47 91
181 47 92
178 47 93
177 47 94
177 47 95
177 47 96
176 47 97
175 47 98
179 47 99
182 47 100
169 48 1
167 48 2
181 48 3
168 48 4
173 48 5
179 48 6
183 48 7
172 48 8
165 48 9
159 48 10
187 48 11
182 48 12
185 48 13
172 48 14
171 48 15
172 48 16
182 48 17
187 48 18
173 48 19
183 48 20
184 48 21
186 48 22
187 48 23
178 48 24
173 48 25
176 48 26
180 48 27
177 48 28
175 48 29
176 48 30
178 48 31
173 48 32
182 48 33
188 48 34
185 48 35
174 48 36
180 48 37
179 48 38
173 48 39
179 48 40
174 48 41
179 48 42
173 48 43
185 48 44
187 48 45
185 48 46
179 48 47
189 48 48
181 48 49
178 48 50
167 48 51
181 48 52
176 48 53
184 48 54
163 48 55
180 48 56
176 48 57
173 48 58
176 48 59
180 48 60
179 48 61
182 48 62
182 48 63
182 48 64
173 48 65
171 48 66
175 48 67
171 48 68
180 48 69
175 48 70
179 48 71
175 48 72
189 48 73
174 48 74
167 48 75
180 48 76
165 48 77
177 48 78
180 48 79
172 48 80
172 48 81
172 48 82
176 48 83
171 48 84
174 48 85
173 48 86
167 48 87
176 48 88
188 48 89
185 48 90
177 48 91
179 48 92
183 48 93
175 48 94
178 48 95
175 48 96
169 48 97
178 48 98
177 48 99
183 48 100
173 49 1
167 49 2
181 49 3
166 49 4
169 49 5
180 49 6
180 49 7
174 49 8
169 49 9
160 49 10
189 49 11
184 49 12
189 49 13
173 49 14
169 49 15
166 49 16
181 49 17
188 49 18
169 49 19
181 49 20
181 49 21
190 49 22
185 49 23
170 49 24
180 49 25
188 49 26
176 49 27
179 49 28
170 49 29
174 49 30
176 49 31
170 49 32
183 49 33
186 49 34
184 49 35
177 49 36
182 49 37
177 49 38
180 49 39
179 49 40
172 49 41
182 49 42
177 49 43
182 49 44
186 49 45
187 49 46
178 49 47
184 49 48
194 49 49
173 49 50
166 49 51
179 49 52
171 49 53
187 49 54
160 49 55
184 49 56
173 49 57
176 49 58
174 49 59
184 49 60
177 49 61
179 49 62
183 49 63
185 49 64
172 49 65
165 49 66
180 49 67
173 49 68
180 49 69
172 49 70
180 49 71
171 49 72
185 49 73
176 49 74
163 49 75
181 49 76
166 49 77
178 49 78
186 49 79
171 49 80
171 49 81
171 49 82
173 49 83
168 49 84
177 49 85
171 49 86
168 49 87
176 49 88
182 49 89
177 49 90
178 49 91
178 49 92
180 49 93
174 49 94
180 49 95
176 49 96
167 49 97
181 49 98
174 49 99
185 49 100
178 50 1
165 50 2
183 50 3
168 50 4
171 50 5
186 50 6
182 50 7
178 50 8
164 50 9
165 50 10
179 50 11
183 50 12
186 50 13
179 50 14
172 50 15
177 50 16
175 50 17
180 50 18
175 50 19
179 50 20
177 50 21
180 50 22
181 50 23
178 50 24
171 50 25
177 50 26
183 50 27
185 50 28
173 50 29
170 50 30
172 50 31
174 50 32
182 50 33
182 50 34
185 50 35
180 50 36
179 50 37
186 50 38
178 50 39
173 50 40
173 50 41
179 50 42
182 50 43
186 50 44
186 50 45
173 50 46
175 50 47
173 50 48
176 50 49
194 50 50
174 50 51
185 50 52
172 50 53
176 50 54
165 50 55
174 50 56
183 50 57
172 50 58
170 50 59
186 50 60
185 50 61
181 50 62
184 50 63
179 50 64
175 50 65
168 50 66
182 50 67
162 50 68
175 50 69
173 50 70
171 50 71
176 50 72
178 50 73
170 50 74
171 50 75
182 50 76
171 50 77
172 50 78
183 50 79
172 50 80
177 50 81
172 50 82
175 50 83
167 50 84
186 50 85
183 50 86
176 50 87
182 50 88
187 50 89
179 50 90
178 50 91
175 50 92
179 50 93
175 50 94
188 50 95
175 50 96
178 50 97
176 50 98
182 50 99
174 50 100
167 51 1
162 51 2
175 51 3
175 51 4
174 51 5
170 51 6
171 51 7
179 51 8
164 51 9
171 51 10
161 51 11
168 51 12
172 51 13
176 51 14
170 51 15
183 51 16
173 51 17
173 51 18
180 51 19
167 51 20
170 51 21
164 51 22
176 51 23
172 51 24
161 51 25
165 51 26
176 51 27
174 51 28
166 51 29
165 51 30
164 51 31
166 51 32
174 51 33
169 51 34
174 51 35
175 51 36
174 51 37
172 51 38
170 51 39
168 51 40
175 51 41
164 51 42
170 51 43
167 51 44
171 51 45
164 51 46
176 51 47
163 51 48
164 51 49
177 51 50
186 51 51
177 51 52
170 51 53
174 51 54
165 51 55
174 51 56
170 51 57
167 51 58
163 51 59
175 51 60
169 51 61
171 51 62
179 51 63
170 51 64
169 51 65
173 51 66
174 51 67
165 51 68
167 51 69
179 51 70
171 51 71
174 51 72
171 51 73
157 51 74
177 51 75
163 51 76
170 51 77
173 51 78
166 51 79
178 51 80
169 51 81
168 51 82
168 51 83
166 51 84
170 51 85
167 51 86
164 51 87
172 51 88
172 51 89
177 51 90
181 51 91
176 51 92
163 51 93
176 51 94
174 51 95
171 51 96
176 51 97
169 51 98
167 51 99
169 51 100
179 52 1
160 52 2
177 52 3
165 52 4
168 52 5
180 52 6
172 52 7
176 52 8
161 52 9
163 52 10
174 52 11
176 52 12
187 52 13
174 52 14
169 52 15
175 52 16
182 52 17
185 52 18
174 52 19
178 52 20
178 52 21
180 52 22
185 52 23
168 52 24
171 52 25
178 52 26
180 52 27
179 52 28
166 52 29
173 52 30
169 52 31
175 52 32
186 52 33
183 52 34
182 52 35
180 52 36
182 52 37
181 52 38
176 52 39
174 52 40
172 52 41
178 52 42
180 52 43
182 52 44
181 52 45
176 52 46
175 52 47
171 52 48
181 52 49
183 52 50
174 52 51
195 52 52
171 52 53
180 52 54
164 52 55
181 52 56
176 52 57
174 52 58
170 52 59
180 52 60
187 52 61
181 52 62
184 52 63
176 52 64
177 52 65
169 52 66
181 52 67
160 52 68
167 52 69
175 52 70
167 52 71
172 52 72
174 52 73
169 52 74
170 52 75
179 52 76
165 52 77
171 52 78
177 52 79
169 52 80
173 52 81
170 52 82
170 52 83
159 52 84
186 52 85
178 52 86
176 52 87
182 52 88
182 52 89
176 52 90
171 52 91
173 52 92
177 52 93
175 52 94
187 52 95
177 52 96
174 52 97
180 52 98
180 52 99
178 52 100
167 53 1
163 53 2
184 53 3
179 53 4
180 53 5
172 53 6
175 53 7
171 53 8
166 53 9
164 53 10
176 53 11
175 53 12
182 53 13
182 53 14
179 53 15
181 53 16
175 53 17
180 53 18
180 53 19
181 53 20
176 53 21
179 53 22
188 53 23
175 53 24
171 53 25
170 53 26
182 53 27
170 53 28
176 53 29
171 53 30
179 53 31
165 53 32
176 53 33
181 53 34
181 53 35
170 53 36
174 53 37
170 53 38
163 53 39
177 53 40
184 53 41
174 53 42
168 53 43
176 53 44
183 53 45
182 53 46
181 53 47
178 53 48
173 53 49
177 53 50
175 53 51
173 53 52
188 53 53
180 53 54
161 53 55
173 53 56
171 53 57
170 53 58
174 53 59
172 53 60
175 53 61
175 53 62
180 53 63
175 53 64
167 53 65
170 53 66
165 53 67
167 53 68
177 53 69
182 53 70
175 53 71
183 53 72
183 53 73
168 53 74
169 53 75
168 53 76
163 53 77
174 53 78
172 53 79
180 53 80
167 53 81
171 53 82
179 53 83
170 53 84
169 53 85
169 53 86
165 53 87
170 53 88
188 53 89
186 53 90
183 53 91
181 53 92
173 53 93
176 53 94
176 53 95
165 53 96
172 53 97
179 53 98
171 53 99
178 53 100
164 54 1
170 54 2
178 54 3
168 54 4
171 54 5
175 54 6
174 54 7
175 54 8
167 54 9
167 54 10
180 54 11
179 54 12
182 54 13
173 54 14
165 54 15
172 54 16
177 54 17
185 54 18
170 54 19
181 54 20
170 54 21
180 54 22
184 54 23
170 54 24
170 54 25
179 54 26
172 54 27
176 54 28
166 54 29
170 54 30
173 54 31
168 54 32
172 54 33
183 54 34
184 54 35
183 54 36
187 54 37
170 54 38
169 54 39
176 54 40
168 54 41
179 54 42
173 54 43
179 54 44
175 54 45
180 54 46
171 54 47
173 54 48
180 54 49
171 54 50
170 54 51
177 54 52
168 54 53
199 54 54
162 54 55
187 54 56
173 54 57
175 54 58
180 54 59
180 54 60
172 54 61
184 54 62
177 54 63
186 54 64
169 54 65
166 54 66
173 54 67
171 54 68
175 54 69
173 54 70
175 54 71
172 54 72
182 54 73
166 54 74
167 54 75
169 54 76
165 54 77
178 54 78
174 54 79
168 54 80
166 54 81
171 54 82
165 54 83
166 54 84
172 54 85
171 54 86
167 54 87
175 54 88
175 54 89
173 54 90
173 54 91
179 54 92
180 54 93
172 54 94
179 54 95
177 54 96
168 54 97
175 54 98
173 54 99
180 54 100
166 55 1
155 55 2
179 55 3
164 55 4
166 55 5
174 55 6
172 55 7
176 55 8
175 55 9
169 55 10
164 55 11
164 55 12
167 55 13
171 55 14
163 55 15
170 55 16
167 55 17
172 55 18
163 55 19
171 55 20
166 55 21
167 55 22
173 55 23
183 55 24
160 55 25
163 55 26
171 55 27
173 55 28
175 55 29
178 55 30
177 55 31
167 55 32
167 55 33
173 55 34
176 55 35
167 55 36
168 55 37
169 55 38
166 55 39
182 55 40
162 55 41
162 55 42
164 55 43
168 55 44
167 55 45
165 55 46
161 55 47
162 55 48
163 55 49
173 55 50
170 55 51
171 55 52
169 55 53
171 55 54
178 55 55
161 55 56
163 55 57
164 55 58
169 55 59
174 55 60
172 55 61
170 55 62
171 55 63
169 55 64
162 55 65
179 55 66
171 55 67
173 55 68
170 55 69
168 55 70
164 55 71
168 55 72
178 55 73
162 55 74
178 55 75
166 55 76
171 55 77
166 55 78
165 55 79
168 55 80
165 55 81
177 55 82
180 55 83
173 55 84
164 55 85
165 55 86
158 55 87
167 55 88
175 55 89
167 55 90
171 55 91
168 55 92
163 55 93
182 55 94
169 55 95
161 55 96
178 55 97
162 55 98
160 55 99
167 55 100
167 56 1
169 56 2
172 56 3
168 56 4
173 56 5
172 56 6
169 56 7
169 56 8
161 56 9
167 56 10
178 56 11
184 56 12
185 56 13
171 56 14
166 56 15
174 56 16
181 56 17
185 56 18
173 56 19
174 56 20
174 56 21
180 56 22
185 56 23
163 56 24
175 56 25
180 56 26
175 56 27
178 56 28
158 56 29
171 56 30
173 56 31
167 56 32
176 56 33
185 56 34
180 56 35
183 56 36
185 56 37
176 56 38
176 56 39
175 56 40
170 56 41
183 56 42
179 56 43
183 56 44
171 56 45
177 56 46
176 56 47
171 56 48
179 56 49
169 56 50
169 56 51
178 56 52
165 56 53
188 56 54
157 56 55
193 56 56
175 56 57
174 56 58
175 56 59
179 56 60
176 56 61
180 56 62
180 56 63
185 56 64
173 56 65
163 56 66
176 56 67
168 56 68
175 56 69
178 56 70
176 56 71
170 56 72
177 56 73
171 56 74
165 56 75
173 56 76
161 56 77
175 56 78
176 56 79
167 56 80
165 56 81
165 56 82
167 56 83
161 56 84
179 56 85
174 56 86
168 56 87
173 56 88
174 56 89
174 56 90
175 56 91
169 56 92
182 56 93
168 56 94
177 56 95
180 56 96
168 56 97
174 56 98
178 56 99
180 56 100
169 57 1
165 57 2
173 57 3
169 57 4
168 57 5
182 57 6
173 57 7
172 57 8
162 57 9
165 57 10
169 57 11
177 57 12
173 57 13
166 57 14
166 57 15
173 57 16
172 57 17
180 57 18
172 57 19
176 57 20
176 57 21
176 57 22
182 57 23
166 57 24
166 57 25
175 57 26
177 57 27
179 57 28
165 57 29
163 57 30
165 57 31
169 57 32
177 57 33
172 57 34
181 57 35
182 57 36
177 57 37
178 57 38
178 57 39
169 57 40
168 57 41
175 57 42
183 57 43
185 57 44
175 57 45
168 57 46
172 57 47
169 57 48
174 57 49
178 57 50
169 57 51
178 57 52
169 57 53
176 57 54
157 57 55
175 57 56
188 57 57
168 57 58
171 57 59
180 57 60
177 57 61
181 57 62
170 57 63
176 57 64
173 57 65
167 57 66
177 57 67
163 57 68
168 57 69
169 57 70
173 57 71
165 57 72
174 57 73
161 57 74
161 57 75
176 57 76
166 57 77
177 57 78
176 57 79
171 57 80
168 57 81
158 57 82
171 57 83
162 57 84
179 57 85
174 57 86
170 57 87
181 57 88
179 57 89
173 57 90
170 57 91
174 57 92
180 57 93
164 57 94
178 57 95
178 57 96
165 57 97
174 57 98
176 57 99
172 57 100
171 58 1
164 58 2
173 58 3
162 58 4
169 58 5
176 58 6
172 58 7
167 58 8
166 58 9
160 58 10
179 58 11
174 58 12
185 58 13
173 58 14
164 58 15
166 58 16
178 58 17
182 58 18
167 58 19
171 58 20
171 58 21
181 58 22
180 58 23
170 58 24
172 58 25
181 58 26
169 58 27
172 58 28
166 58 29
174 58 30
170 58 31
162 58 32
177 58 33
182 58 34
183 58 35
177 58 36
179 58 37
168 58 38
166 58 39
177 58 40
166 58 41
175 58 42
170 58 43
179 58 44
180 58 45
178 58 46
171 58 47
172 58 48
179 58 49
167 58 50
164 58 51
176 58 52
170 58 53
185 58 54
162 58 55
179 58 56
165 58 57
186 58 58
180 58 59
175 58 60
178 58 61
175 58 62
173 58 63
181 58 64
168 58 65
166 58 66
168 58 67
168 58 68
170 58 69
171 58 70
173 58 71
169 58 72
179 58 73
169 58 74
163 58 75
171 58 76
163 58 77
172 58 78
175 58 79
171 58 80
165 58 81
166 58 82
169 58 83
165 58 84
173 58 85
169 58 86
165 58 87
173 58 88
174 58 89
178 58 90
173 58 91
170 58 92
175 58 93
166 58 94
172 58 95
166 58 96
165 58 97
173 58 98
174 58 99
178 58 100
165 59 1
169 59 2
174 59 3
170 59 4
175 59 5
164 59 6
172 59 7
165 59 8
164 59 9
167 59 10
176 59 11
171 59 12
184 59 13
171 59 14
167 59 15
172 59 16
183 59 17
178 59 18
172 59 19
178 59 20
172 59 21
176 59 22
184 59 23
169 59 24
169 59 25
176 59 26
172 59 27
170 59 28
167 59 29
169 59 30
177 59 31
163 59 32
177 59 33
186 59 34
186 59 35
178 59 36
184 59 37
164 59 38
165 59 39
176 59 40
170 59 41
174 59 42
171 59 43
184 59 44
172 59 45
175 59 46
168 59 47
168 59 48
172 59 49
170 59 50
166 59 51
169 59 52
170 59 53
185 59 54
160 59 55
181 59 56
169 59 57
171 59 58
190 59 59
173 59 60
169 59 61
183 59 62
178 59 63
178 59 64
169 59 65
166 59 66
171 59 67
166 59 68
173 59 69
177 59 70
176 59 71
170 59 72
174 59 73
171 59 74
165 59 75
168 59 76
159 59 77
176 59 78
173 59 79
168 59 80
164 59 81
166 59 82
168 59 83
166 59 84
167 59 85
170 59 86
168 59 87
171 59 88
181 59 89
178 59 90
178 59 91
174 59 92
177 59 93
166 59 94
174 59 95
174 59 96
167 59 97
170 59 98
172 59 99
180 59 100
169 60 1
158 60 2
175 60 3
166 60 4
170 60 5
179 60 6
172 60 7
171 60 8
163 60 9
167 60 10
167 60 11
175 60 12
176 60 13
172 60 14
170 60 15
171 60 16
171 60 17
169 60 18
169 60 19
173 60 20
171 60 21
175 60 22
179 60 23
168 60 24
166 60 25
173 60 26
174 60 27
185 60 28
165 60 29
162 60 30
164 60 31
168 60 32
175 60 33
176 60 34
173 60 35
175 60 36
172 60 37
178 60 38
173 60 39
168 60 40
168 60 41
173 60 42
177 60 43
172 60 44
177 60 45
169 60 46
171 60 47
169 60 48
173 60 49
180 60 50
170 60 51
177 60 52
168 60 53
175 60 54
160 60 55
169 60 56
176 60 57
167 60 58
168 60 59
194 60 60
171 60 61
172 60 62
175 60 63
173 60 64
169 60 65
163 60 66
177 60 67
162 60 68
168 60 69
172 60 70
166 60 71
169 60 72
172 60 73
163 60 74
164 60 75
174 60 76
165 60 77
169 60 78
176 60 79
168 60 80
165 60 81
166 60 82
167 60 83
160 60 84
170 60 85
171 60 86
172 60 87
176 60 88
175 60 89
172 60 90
174 60 91
174 60 92
171 60 93
171 60 94
179 60 95
175 60 96
172 60 97
173 60 98
171 60 99
172 60 100
175 61 1
156 61 2
176 61 3
164 61 4
167 61 5
183 61 6
177 61 7
170 61 8
164 61 9
159 61 10
176 61 11
176 61 12
180 61 13
175 61 14
166 61 15
173 61 16
170 61 17
179 61 18
173 61 19
173 61 20
177 61 21
181 61 22
176 61 23
174 61 24
164 61 25
174 61 26
182 61 27
178 61 28
170 61 29
173 61 30
170 61 31
167 61 32
178 61 33
179 61 34
176 61 35
172 61 36
168 61 37
179 61 38
175 61 39
172 61 40
169 61 41
172 61 42
175 61 43
180 61 44
179 61 45
172 61 46
169 61 47
173 61 48
174 61 49
177 61 50
167 61 51
177 61 52
168 61 53
175 61 54
164 61 55
173 61 56
175 61 57
169 61 58
164 61 59
180 61 60
196 61 61
175 61 62
179 61 63
170 61 64
176 61 65
170 61 66
174 61 67
162 61 68
173 61 69
169 61 70
166 61 71
169 61 72
176 61 73
164 61 74
166 61 75
179 61 76
165 61 77
164 61 78
178 61 79
169 61 80
175 61 81
171 61 82
178 61 83
163 61 84
181 61 85
177 61 86
172 61 87
173 61 88
178 61 89
172 61 90
170 61 91
168 61 92
177 61 93
175 61 94
180 61 95
168 61 96
174 61 97
172 61 98
171 61 99
174 61 100
173 62 1
173 62 2
188 62 3
174 62 4
180 62 5
180 62 6
181 62 7
179 62 8
173 62 9
173 62 10
188 62 11
188 62 12
193 62 13
177 62 14
176 62 15
179 62 16
188 62 17
189 62 18
177 62 19
185 62 20
180 62 21
192 62 22
195 62 23
178 62 24
180 62 25
186 62 26
183 62 27
183 62 28
174 62 29
178 62 30
181 62 31
173 62 32
185 62 33
190 62 34
193 62 35
189 62 36
192 62 37
181 62 38
179 62 39
183 62 40
175 62 41
187 62 42
183 62 43
192 62 44
184 62 45
186 62 46
179 62 47
179 62 48
187 62 49
181 62 50
175 62 51
188 62 52
177 62 53
191 62 54
165 62 55
191 62 56
179 62 57
180 62 58
186 62 59
183 62 60
180 62 61
198 62 62
183 62 63
189 62 64
175 62 65
175 62 66
182 62 67
175 62 68
184 62 69
181 62 70
179 62 71
179 62 72
186 62 73
177 62 74
171 62 75
183 62 76
170 62 77
187 62 78
185 62 79
176 62 80
171 62 81
176 62 82
176 62 83
173 62 84
180 62 85
179 62 86
176 62 87
180 62 88
187 62 89
180 62 90
181 62 91
184 62 92
185 62 93
181 62 94
186 62 95
182 62 96
174 62 97
185 62 98
183 62 99
185 62 100
170 63 1
167 63 2
181 63 3
178 63 4
181 63 5
176 63 6
176 63 7
175 63 8
167 63 9
160 63 10
179 63 11
177 63 12
185 63 13
184 63 14
174 63 15
180 63 16
184 63 17
182 63 18
187 63 19
178 63 20
180 63 21
183 63 22
184 63 23
171 63 24
173 63 25
177 63 26
185 63 27
174 63 28
169 63 29
171 63 30
173 63 31
174 63 32
184 63 33
184 63 34
186 63 35
174 63 36
181 63 37
176 63 38
174 63 39
174 63 40
185 63 41
178 63 42
176 63 43
179 63 44
183 63 45
183 63 46
183 63 47
174 63 48
176 63 49
173 63 50
174 63 51
180 63 52
174 63 53
181 63 54
161 63 55
175 63 56
167 63 57
168 63 58
175 63 59
176 63 60
180 63 61
177 63 62
200 63 63
178 63 64
178 63 65
165 63 66
177 63 67
170 63 68
175 63 69
180 63 70
185 63 71
181 63 72
177 63 73
176 63 74
169 63 75
175 63 76
165 63 77
173 63 78
181 63 79
178 63 80
174 63 81
176 63 82
173 63 83
166 63 84
177 63 85
173 63 86
173 63 87
172 63 88
188 63 89
186 63 90
190 63 91
182 63 92
175 63 93
177 63 94
182 63 95
169 63 96
173 63 97
180 63 98
175 63 99
177 63 100
168 64 1
170 64 2
171 64 3
165 64 4
168 64 5
176 64 6
168 64 7
167 64 8
164 64 9
163 64 10
175 64 11
179 64 12
173 64 13
164 64 14
167 64 15
165 64 16
172 64 17
184 64 18
168 64 19
174 64 20
169 64 21
175 64 22
184 64 23
167 64 24
170 64 25
179 64 26
170 64 27
175 64 28
161 64 29
171 64 30
170 64 31
164 64 32
173 64 33
176 64 34
181 64 35
182 64 36
186 64 37
171 64 38
171 64 39
176 64 40
166 64 41
177 64 42
175 64 43
180 64 44
174 64 45
174 64 46
170 64 47
167 64 48
175 64 49
173 64 50
162 64 51
178 64 52
163 64 53
182 64 54
159 64 55
177 64 56
171 64 57
173 64 58
172 64 59
171 64 60
169 64 61
176 64 62
175 64 63
196 64 64
170 64 65
166 64 66
175 64 67
172 64 68
174 64 69
168 64 70
179 64 71
170 64 72
177 64 73
168 64 74
162 64 75
171 64 76
167 64 77
177 64 78
177 64 79
163 64 80
165 64 81
162 64 82
172 64 83
160 64 84
175 64 85
170 64 86
168 64 87
174 64 88
176 64 89
171 64 90
173 64 91
170 64 92
178 64 93
169 64 94
178 64 95
176 64 96
167 64 97
175 64 98
172 64 99
171 64 100
174 65 1
166 65 2
177 65 3
163 65 4
165 65 5
177 65 6
173 65 7
174 65 8
162 65 9
163 65 10
176 65 11
176 65 12
183 65 13
170 65 14
160 65 15
165 65 16
180 65 17
189 65 18
171 65 19
181 65 20
182 65 21
183 65 22
184 65 23
171 65 24
170 65 25
178 65 26
179 65 27
181 65 28
166 65 29
175 65 30
172 65 31
174 65 32
183 65 33
181 65 34
179 65 35
185 65 36
182 65 37
182 65 38
180 65 39
176 65 40
165 65 41
178 65 42
178 65 43
181 65 44
177 65 45
175 65 46
172 65 47
172 65 48
176 65 49
176 65 50
168 65 51
182 65 52
163 65 53
180 65 54
164 65 55
179 65 56
177 65 57
171 65 58
170 65 59
182 65 60
182 65 61
178 65 62
178 65 63
177 65 64
188 65 65
165 65 66
183 65 67
165 65 68
172 65 69
172 65 70
171 65 71
170 65 72
176 65 73
169 65 74
169 65 75
181 65 76
162 65 77
170 65 78
177 65 79
164 65 80
173 65 81
169 65 82
173 65 83
163 65 84
182 65 85
183 65 86
173 65 87
179 65 88
180 65 89
170 65 90
176 65 91
174 65 92
173 65 93
173 65 94
185 65 95
177 65 96
169 65 97
178 65 98
173 65 99
180 65 100
165 66 1
155 66 2
180 66 3
170 66 4
167 66 5
174 66 6
172 66 7
174 66 8
173 66 9
172 66 10
163 66 11
169 66 12
165 66 13
165 66 14
167 66 15
174 66 16
166 66 17
175 66 18
165 66 19
170 66 20
167 66 21
165 66 22
178 66 23
177 66 24
159 66 25
161 66 26
175 66 27
168 66 28
173 66 29
171 66 30
172 66 31
168 66 32
165 66 33
169 66 34
169 66 35
164 66 36
167 66 37
169 66 38
161 66 39
176 66 40
164 66 41
164 66 42
164 66 43
171 66 44
166 66 45
165 66 46
164 66 47
165 66 48
162 66 49
173 66 50
171 66 51
173 66 52
171 66 53
172 66 54
170 66 55
164 66 56
164 66 57
164 66 58
168 66 59
172 66 60
169 66 61
171 66 62
166 66 63
171 66 64
163 66 65
185 66 66
166 66 67
168 66 68
170 66 69
169 66 70
165 66 71
165 66 72
179 66 73
160 66 74
171 66 75
161 66 76
168 66 77
165 66 78
160 66 79
165 66 80
161 66 81
174 66 82
176 66 83
168 66 84
164 66 85
163 66 86
159 66 87
171 66 88
170 66 89
171 66 90
170 66 91
169 66 92
166 66 93
181 66 94
171 66 95
162 66 96
180 66 97
163 66 98
163 66 99
166 66 100
174 67 1
165 67 2
176 67 3
167 67 4
170 67 5
178 67 6
177 67 7
178 67 8
164 67 9
165 67 10
181 67 11
174 67 12
182 67 13
171 67 14
164 67 15
171 67 16
180 67 17
184 67 18
174 67 19
176 67 20
178 67 21
178 67 22
181 67 23
177 67 24
172 67 25
178 67 26
174 67 27
177 67 28
170 67 29
172 67 30
171 67 31
171 67 32
180 67 33
181 67 34
184 67 35
177 67 36
181 67 37
174 67 38
181 67 39
173 67 40
166 67 41
176 67 42
176 67 43
182 67 44
180 67 45
173 67 46
169 67 47
171 67 48
178 67 49
176 67 50
172 67 51
179 67 52
165 67 53
180 67 54
165 67 55
180 67 56
174 67 57
171 67 58
171 67 59
179 67 60
182 67 61
178 67 62
179 67 63
181 67 64
176 67 65
170 67 66
190 67 67
176 67 68
172 67 69
168 67 70
174 67 71
171 67 72
175 67 73
166 67 74
172 67 75
176 67 76
168 67 77
176 67 78
182 67 79
171 67 80
179 67 81
171 67 82
176 67 83
170 67 84
179 67 85
176 67 86
170 67 87
179 67 88
179 67 89
172 67 90
174 67 91
178 67 92
173 67 93
180 67 94
185 67 95
177 67 96
170 67 97
174 67 98
168 67 99
173 67 100
161 68 1
163 68 2
177 68 3
165 68 4
166 68 5
168 68 6
172 68 7
171 68 8
172 68 9
166 68 10
169 68 11
167 68 12
166 68 13
169 68 14
165 68 15
166 68 16
163 68 17
178 68 18
161 68 19
169 68 20
164 68 21
170 68 22
169 68 23
177 68 24
161 68 25
166 68 26
168 68 27
166 68 28
176 68 29
176 68 30
175 68 31
166 68 32
161 68 33
167 68 34
171 68 35
164 68 36
169 68 37
161 68 38
166 68 39
178 68 40
164 68 41
164 68 42
157 68 43
169 68 44
170 68 45
167 68 46
163 68 47
166 68 48
168 68 49
163 68 50
167 68 51
161 68 52
167 68 53
171 68 54
167 68 55
167 68 56
159 68 57
166 68 58
164 68 59
167 68 60
163 68 61
167 68 62
166 68 63
177 68 64
159 68 65
172 68 66
171 68 67
186 68 68
174 68 69
161 68 70
171 68 71
164 68 72
181 68 73
159 68 74
170 68 75
161 68 76
169 68 77
174 68 78
168 68 79
166 68 80
162 68 81
170 68 82
177 68 83
168 68 84
159 68 85
161 68 86
154 68 87
166 68 88
166 68 89
168 68 90
173 68 91
169 68 92
167 68 93
178 68 94
170 68 95
164 68 96
169 68 97
164 68 98
155 68 99
169 68 100
161 69 1
169 69 2
173 69 3
170 69 4
172 69 5
169 69 6
174 69 7
167 69 8
168 69 9
160 69 10
178 69 11
176 69 12
175 69 13
171 69 14
172 69 15
167 69 16
166 69 17
170 69 18
166 69 19
174 69 20
159 69 21
174 69 22
173 69 23
173 69 24
170 69 25
170 69 26
172 69 27
169 69 28
171 69 29
169 69 30
173 69 31
165 69 32
161 69 33
172 69 34
174 69 35
163 69 36
167 69 37
168 69 38
159 69 39
172 69 40
171 69 41
171 69 42
165 69 43
173 69 44
177 69 45
173 69 46
169 69 47
172 69 48
172 69 49
169 69 50
160 69 51
163 69 52
167 69 53
172 69 54
160 69 55
169 69 56
165 69 57
165 69 58
167 69 59
169 69 60
166 69 61
173 69 62
171 69 63
178 69 64
159 69 65
163 69 66
162 69 67
171 69 68
193 69 69
167 69 70
173 69 71
169 69 72
177 69 73
170 69 74
160 69 75
167 69 76
160 69 77
172 69 78
173 69 79
167 69 80
158 69 81
169 69 82
172 69 83
162 69 84
163 69 85
164 69 86
161 69 87
158 69 88
178 69 89
173 69 90
174 69 91
172 69 92
173 69 93
171 69 94
165 69 95
166 69 96
170 69 97
169 69 98
168 69 99
174 69 100
167 70 1
160 70 2
177 70 3
178 70 4
178 70 5
165 70 6
167 70 7
168 70 8
162 70 9
171 70 10
166 70 11
174 70 12
178 70 13
175 70 14
173 70 15
179 70 16
181 70 17
171 70 18
181 70 19
170 70 20
167 70 21
169 70 22
185 70 23
168 70 24
168 70 25
169 70 26
176 70 27
171 70 28
163 70 29
163 70 30
170 70 31
161 70 32
173 70 33
180 70 34
175 70 35
173 70 36
177 70 37
166 70 38
163 70 39
169 70 40
177 70 41
171 70 42
170 70 43
171 70 44
169 70 45
173 70 46
183 70 47
168 70 48
167 70 49
172 70 50
176 70 51
175 70 52
174 70 53
180 70 54
159 70 55
180 70 56
167 70 57
167 70 58
173 70 59
173 70 60
171 70 61
176 70 62
181 70 63
171 70 64
169 70 65
170 70 66
168 70 67
159 70 68
169 70 69
191 70 70
170 70 71
174 70 72
169 70 73
166 70 74
167 70 75
162 70 76
165 70 77
167 70 78
165 70 79
175 70 80
158 70 81
170 70 82
166 70 83
165 70 84
169 70 85
170 70 86
167 70 87
170 70 88
177 70 89
178 70 90
178 70 91
174 70 92
165 70 93
173 70 94
172 70 95
169 70 96
172 70 97
172 70 98
174 70 99
175 70 100
160 71 1
172 71 2
174 71 3
178 71 4
180 71 5
168 71 6
171 71 7
165 71 8
164 71 9
160 71 10
176 71 11
174 71 12
174 71 13
172 71 14
173 71 15
175 71 16
175 71 17
181 71 18
180 71 19
172 71 20
168 71 21
175 71 22
180 71 23
168 71 24
170 71 25
171 71 26
177 71 27
169 71 28
163 71 29
168 71 30
170 71 31
166 71 32
176 71 33
176 71 34
179 71 35
171 71 36
181 71 37
166 71 38
169 71 39
173 71 40
176 71 41
174 71 42
173 71 43
177 71 44
176 71 45
172 71 46
180 71 47
167 71 48
172 71 49
162 71 50
167 71 51
166 71 52
168 71 53
180 71 54
155 71 55
176 71 56
166 71 57
168 71 58
173 71 59
166 71 60
168 71 61
170 71 62
184 71 63
185 71 64
168 71 65
161 71 66
169 71 67
172 71 68
174 71 69
173 71 70
193 71 71
176 71 72
179 71 73
172 71 74
162 71 75
165 71 76
164 71 77
175 71 78
179 71 79
174 71 80
163 71 81
164 71 82
170 71 83
164 71 84
170 71 85
163 71 86
164 71 87
164 71 88
178 71 89
181 71 90
184 71 91
177 71 92
178 71 93
165 71 94
171 71 95
168 71 96
167 71 97
170 71 98
168 71 99
173 71 100
161 72 1
166 72 2
180 72 3
172 72 4
174 72 5
171 72 6
177 72 7
169 72 8
158 72 9
155 72 10
174 72 11
176 72 12
177 72 13
178 72 14
176 72 15
173 72 16
176 72 17
177 72 18
172 72 19
175 72 20
170 72 21
178 72 22
183 72 23
172 72 24
170 72 25
163 72 26
181 72 27
166 72 28
166 72 29
171 72 30
170 72 31
169 72 32
170 72 33
176 72 34
175 72 35
174 72 36
176 72 37
175 72 38
165 72 39
169 72 40
175 72 41
172 72 42
167 72 43
176 72 44
177 72 45
172 72 46
182 72 47
171 72 48
168 72 49
173 72 50
169 72 51
175 72 52
171 72 53
172 72 54
157 72 55
170 72 56
169 72 57
167 72 58
164 72 59
167 72 60
172 72 61
170 72 62
181 72 63
178 72 64
169 72 65
160 72 66
164 72 67
162 72 68
179 72 69
175 72 70
180 72 71
192 72 72
174 72 73
168 72 74
164 72 75
172 72 76
162 72 77
173 72 78
168 72 79
168 72 80
164 72 81
169 72 82
172 72 83
161 72 84
170 72 85
175 72 86
165 72 87
163 72 88
180 72 89
181 72 90
184 72 91
179 72 92
174 72 93
171 72 94
175 72 95
169 72 96
172 72 97
172 72 98
174 72 99
180 72 100
161 73 1
163 73 2
180 73 3
170 73 4
170 73 5
175 73 6
177 73 7
169 73 8
177 73 9
164 73 10
179 73 11
177 73 12
173 73 13
174 73 14
171 73 15
171 73 16
170 73 17
183 73 18
165 73 19
177 73 20
169 73 21
181 73 22
176 73 23
182 73 24
169 73 25
175 73 26
172 73 27
168 73 28
178 73 29
186 73 30
183 73 31
165 73 32
169 73 33
176 73 34
178 73 35
169 73 36
173 73 37
173 73 38
165 73 39
185 73 40
174 73 41
175 73 42
163 73 43
177 73 44
181 73 45
175 73 46
172 73 47
174 73 48
174 73 49
169 73 50
166 73 51
168 73 52
173 73 53
180 73 54
169 73 55
171 73 56
163 73 57
169 73 58
172 73 59
174 73 60
172 73 61
174 73 62
172 73 63
183 73 64
163 73 65
172 73 66
167 73 67
180 73 68
179 73 69
169 73 70
175 73 71
172 73 72
200 73 73
167 73 74
172 73 75
166 73 76
165 73 77
178 73 78
175 73 79
173 73 80
162 73 81
174 73 82
181 73 83
172 73 84
164 73 85
163 73 86
156 73 87
163 73 88
175 73 89
178 73 90
178 73 91
170 73 92
175 73 93
177 73 94
169 73 95
162 73 96
175 73 97
169 73 98
167 73 99
177 73 100
165 74 1
168 74 2
182 74 3
168 74 4
173 74 5
172 74 6
172 74 7
167 74 8
169 74 9
158 74 10
183 74 11
179 74 12
187 74 13
173 74 14
172 74 15
166 74 16
176 74 17
176 74 18
174 74 19
175 74 20
177 74 21
187 74 22
177 74 23
164 74 24
180 74 25
179 74 26
183 74 27
171 74 28
167 74 29
171 74 30
173 74 31
170 74 32
179 74 33
184 74 34
180 74 35
170 74 36
183 74 37
172 74 38
172 74 39
177 74 40
173 74 41
181 74 42
177 74 43
178 74 44
179 74 45
182 74 46
178 74 47
175 74 48
184 74 49
165 74 50
164 74 51
175 74 52
170 74 53
176 74 54
160 74 55
174 74 56
168 74 57
171 74 58
174 74 59
173 74 60
172 74 61
179 74 62
186 74 63
176 74 64
168 74 65
164 74 66
170 74 67
166 74 68
178 74 69
171 74 70
178 74 71
174 74 72
175 74 73
187 74 74
163 74 75
181 74 76
160 74 77
169 74 78
180 74 79
169 74 80
165 74 81
174 74 82
167 74 83
163 74 84
173 74 85
171 74 86
173 74 87
169 74 88
187 74 89
176 74 90
177 74 91
176 74 92
178 74 93
172 74 94
178 74 95
171 74 96
168 74 97
180 74 98
175 74 99
179 74 100
162 75 1
162 75 2
180 75 3
171 75 4
170 75 5
168 75 6
171 75 7
175 75 8
175 75 9
173 75 10
167 75 11
167 75 12
173 75 13
175 75 14
170 75 15
173 75 16
174 75 17
176 75 18
170 75 19
169 75 20
169 75 21
168 75 22
178 75 23
181 75 24
161 75 25
163 75 26
176 75 27
171 75 28
172 75 29
176 75 30
178 75 31
169 75 32
171 75 33
176 75 34
178 75 35
167 75 36
171 75 37
174 75 38
167 75 39
178 75 40
171 75 41
168 75 42
167 75 43
171 75 44
168 75 45
168 75 46
171 75 47
167 75 48
163 75 49
168 75 50
171 75 51
171 75 52
169 75 53
173 75 54
173 75 55
170 75 56
161 75 57
161 75 58
171 75 59
172 75 60
169 75 61
172 75 62
177 75 63
172 75 64
166 75 65
177 75 66
170 75 67
175 75 68
170 75 69
174 75 70
170 75 71
174 75 72
179 75 73
164 75 74
185 75 75
165 75 76
169 75 77
170 75 78
163 75 79
169 75 80
163 75 81
176 75 82
179 75 83
171 75 84
163 75 85
167 75 86
161 75 87
162 75 88
178 75 89
176 75 90
179 75 91
167 75 92
165 75 93
182 75 94
171 75 95
165 75 96
181 75 97
167 75 98
165 75 99
172 75 100
169 76 1
160 76 2
175 76 3
158 76 4
163 76 5
173 76 6
177 76 7
167 76 8
161 76 9
153 76 10
180 76 11
176 76 12
182 76 13
164 76 14
164 76 15
163 76 16
173 76 17
178 76 18
162 76 19
180 76 20
179 76 21
183 76 22
173 76 23
169 76 24
168 76 25
175 76 26
180 76 27
170 76 28
168 76 29
170 76 30
171 76 31
167 76 32
176 76 33
181 76 34
176 76 35
175 76 36
176 76 37
178 76 38
173 76 39
169 76 40
165 76 41
176 76 42
178 76 43
186 76 44
176 76 45
172 76 46
167 76 47
174 76 48
176 76 49
170 76 50
155 76 51
174 76 52
160 76 53
172 76 54
163 76 55
172 76 56
171 76 57
163 76 58
168 76 59
179 76 60
184 76 61
176 76 62
176 76 63
171 76 64
176 76 65
163 76 66
175 76 67
162 76 68
174 76 69
165 76 70
168 76 71
171 76 72
177 76 73
172 76 74
166 76 75
189 76 76
157 76 77
165 76 78
178 76 79
158 76 80
173 76 81
172 76 82
171 76 83
158 76 84
179 76 85
177 76 86
171 76 87
168 76 88
178 76 89
165 76 90
170 76 91
168 76 92
179 76 93
173 76 94
177 76 95
173 76 96
169 76 97
173 76 98
171 76 99
176 76 100
169 77 1
160 77 2
175 77 3
168 77 4
166 77 5
177 77 6
174 77 7
178 77 8
167 77 9
169 77 10
165 77 11
167 77 12
168 77 13
168 77 14
167 77 15
174 77 16
167 77 17
174 77 18
169 77 19
170 77 20
166 77 21
167 77 22
175 77 23
179 77 24
159 77 25
170 77 26
170 77 27
174 77 28
170 77 29
168 77 30
166 77 31
164 77 32
172 77 33
167 77 34
174 77 35
168 77 36
170 77 37
170 77 38
168 77 39
170 77 40
167 77 41
169 77 42
166 77 43
170 77 44
168 77 45
165 77 46
167 77 47
166 77 48
168 77 49
177 77 50
172 77 51
172 77 52
169 77 53
172 77 54
166 77 55
168 77 56
169 77 57
161 77 58
165 77 59
173 77 60
169 77 61
172 77 62
173 77 63
174 77 64
162 77 65
173 77 66
174 77 67
171 77 68
169 77 69
167 77 70
172 77 71
165 77 72
177 77 73
156 77 74
169 77 75
164 77 76
179 77 77
171 77 78
173 77 79
171 77 80
168 77 81
165 77 82
177 77 83
169 77 84
167 77 85
167 77 86
164 77 87
172 77 88
174 77 89
171 77 90
172 77 91
170 77 92
168 77 93
178 77 94
177 77 95
165 77 96
177 77 97
165 77 98
166 77 99
167 77 100
166 78 1
171 78 2
175 78 3
173 78 4
172 78 5
175 78 6
173 78 7
174 78 8
168 78 9
167 78 10
175 78 11
175 78 12
175 78 13
169 78 14
170 78 15
170 78 16
178 78 17
184 78 18
170 78 19
177 78 20
170 78 21
179 78 22
183 78 23
172 78 24
169 78 25
173 78 26
170 78 27
169 78 28
172 78 29
173 78 30
173 78 31
169 78 32
173 78 33
170 78 34
180 78 35
179 78 36
181 78 37
170 78 38
169 78 39
177 78 40
169 78 41
174 78 42
169 78 43
178 78 44
179 78 45
172 78 46
170 78 47
169 78 48
175 78 49
173 78 50
171 78 51
177 78 52
170 78 53
180 78 54
161 78 55
177 78 56
175 78 57
170 78 58
173 78 59
173 78 60
166 78 61
179 78 62
170 78 63
183 78 64
166 78 65
169 78 66
176 78 67
177 78 68
174 78 69
171 78 70
179 78 71
172 78 72
182 78 73
162 78 74
167 78 75
168 78 76
163 78 77
190 78 78
173 78 79
173 78 80
165 78 81
165 78 82
173 78 83
168 78 84
168 78 85
168 78 86
161 78 87
175 78 88
173 78 89
173 78 90
176 78 91
176 78 92
174 78 93
171 78 94
177 78 95
177 78 96
167 78 97
173 78 98
168 78 99
181 78 100
172 79 1
164 79 2
178 79 3
168 79 4
172 79 5
182 79 6
179 79 7
171 79 8
166 79 9
157 79 10
189 79 11
179 79 12
185 79 13
172 79 14
171 79 15
168 79 16
178 79 17
180 79 18
174 79 19
177 79 20
183 79 21
184 79 22
183 79 23
170 79 24
174 79 25
183 79 26
185 79 27
179 79 28
169 79 29
171 79 30
172 79 31
172 79 32
185 79 33
183 79 34
184 79 35
177 79 36
185 79 37
175 79 38
178 79 39
176 79 40
175 79 41
181 79 42
178 79 43
186 79 44
185 79 45
181 79 46
177 79 47
177 79 48
180 79 49
179 79 50
164 79 51
179 79 52
173 79 53
179 79 54
159 79 55
175 79 56
176 79 57
171 79 58
175 79 59
177 79 60
179 79 61
179 79 62
183 79 63
183 79 64
175 79 65
164 79 66
177 79 67
170 79 68
178 79 69
172 79 70
178 79 71
172 79 72
176 79 73
177 79 74
161 79 75
182 79 76
165 79 77
174 79 78
193 79 79
171 79 80
173 79 81
169 79 82
174 79 83
167 79 84
179 79 85
176 79 86
173 79 87
175 79 88
188 79 89
177 79 90
177 79 91
180 79 92
179 79 93
171 79 94
185 79 95
174 79 96
168 79 97
181 79 98
175 79 99
176 79 100
163 80 1
164 80 2
182 80 3
177 80 4
179 80 5
174 80 6
175 80 7
172 80 8
169 80 9
165 80 10
169 80 11
172 80 12
172 80 13
176 80 14
174 80 15
176 80 16
168 80 17
175 80 18
175 80 19
167 80 20
162 80 21
173 80 22
173 80 23
179 80 24
168 80 25
169 80 26
176 80 27
169 80 28
171 80 29
169 80 30
173 80 31
165 80 32
169 80 33
170 80 34
181 80 35
167 80 36
172 80 37
171 80 38
165 80 39
172 80 40
181 80 41
171 80 42
170 80 43
170 80 44
177 80 45
174 80 46
178 80 47
169 80 48
170 80 49
171 80 50
172 80 51
167 80 52
177 80 53
172 80 54
162 80 55
169 80 56
167 80 57
169 80 58
170 80 59
171 80 60
168 80 61
172 80 62
181 80 63
177 80 64
162 80 65
167 80 66
167 80 67
171 80 68
175 80 69
174 80 70
176 80 71
174 80 72
182 80 73
168 80 74
169 80 75
163 80 76
165 80 77
170 80 78
172 80 79
187 80 80
161 80 81
172 80 82
172 80 83
171 80 84
169 80 85
162 80 86
160 80 87
164 80 88
180 80 89
183 80 90
184 80 91
173 80 92
168 80 93
174 80 94
168 80 95
159 80 96
170 80 97
167 80 98
172 80 99
169 80 100
174 81 1
161 81 2
180 81 3
162 81 4
166 81 5
178 81 6
181 81 7
174 81 8
163 81 9
155 81 10
177 81 11
169 81 12
182 81 13
171 81 14
165 81 15
166 81 16
170 81 17
177 81 18
168 81 19
178 81 20
180 81 21
179 81 22
173 81 23
170 81 24
165 81 25
169 81 26
179 81 27
172 81 28
171 81 29
162 81 30
165 81 31
172 81 32
176 81 33
177 81 34
180 81 35
172 81 36
173 81 37
170 81 38
172 81 39
166 81 40
167 81 41
167 81 42
173 81 43
178 81 44
178 81 45
170 81 46
165 81 47
168 81 48
176 81 49
176 81 50
168 81 51
175 81 52
166 81 53
174 81 54
159 81 55
164 81 56
170 81 57
167 81 58
168 81 59
176 81 60
181 81 61
171 81 62
172 81 63
169 81 64
173 81 65
166 81 66
180 81 67
165 81 68
171 81 69
163 81 70
166 81 71
167 81 72
172 81 73
169 81 74
164 81 75
175 81 76
165 81 77
168 81 78
176 81 79
166 81 80
183 81 81
166 81 82
171 81 83
162 81 84
177 81 85
178 81 86
168 81 87
176 81 88
181 81 89
172 81 90
171 81 91
171 81 92
172 81 93
173 81 94
183 81 95
170 81 96
167 81 97
166 81 98
166 81 99
175 81 100
166 82 1
161 82 2
185 82 3
168 82 4
169 82 5
172 82 6
180 82 7
176 82 8
170 82 9
165 82 10
176 82 11
173 82 12
178 82 13
173 82 14
169 82 15
172 82 16
172 82 17
183 82 18
171 82 19
176 82 20
169 82 21
178 82 22
173 82 23
179 82 24
167 82 25
166 82 26
179 82 27
171 82 28
178 82 29
179 82 30
181 82 31
167 82 32
172 82 33
178 82 34
176 82 35
170 82 36
171 82 37
175 82 38
169 82 39
181 82 40
170 82 41
172 82 42
164 82 43
172 82 44
179 82 45
171 82 46
173 82 47
171 82 48
171 82 49
176 82 50
171 82 51
173 82 52
171 82 53
175 82 54
172 82 55
166 82 56
166 82 57
166 82 58
166 82 59
174 82 60
181 82 61
177 82 62
182 82 63
170 82 64
168 82 65
175 82 66
172 82 67
166 82 68
174 82 69
174 82 70
167 82 71
172 82 72
181 82 73
168 82 74
177 82 75
172 82 76
167 82 77
165 82 78
171 82 79
173 82 80
169 82 81
188 82 82
175 82 83
170 82 84
172 82 85
170 82 86
165 82 87
167 82 88
180 82 89
173 82 90
174 82 91
174 82 92
169 82 93
185 82 94
173 82 95
165 82 96
179 82 97
168 82 98
170 82 99
177 82 100
169 83 1
159 83 2
182 83 3
167 83 4
168 83 5
180 83 6
180 83 7
172 83 8
170 83 9
166 83 10
176 83 11
174 83 12
174 83 13
168 83 14
169 83 15
168 83 16
171 83 17
181 83 18
163 83 19
176 83 20
175 83 21
179 83 22
179 83 23
187 83 24
168 83 25
167 83 26
175 83 27
177 83 28
177 83 29
181 83 30
186 83 31
169 83 32
174 83 33
177 83 34
174 83 35
170 83 36
172 83 37
176 83 38
165 83 39
182 83 40
166 83 41
167 83 42
164 83 43
182 83 44
176 83 45
172 83 46
167 83 47
175 83 48
172 83 49
179 83 50
165 83 51
170 83 52
170 83 53
171 83 54
172 83 55
165 83 56
171 83 57
165 83 58
170 83 59
177 83 60
178 83 61
171 83 62
173 83 63
173 83 64
171 83 65
175 83 66
171 83 67
173 83 68
178 83 69
169 83 70
166 83 71
172 83 72
184 83 73
170 83 74
174 83 75
173 83 76
170 83 77
170 83 78
173 83 79
168 83 80
168 83 81
172 83 82
193 83 83
174 83 84
171 83 85
175 83 86
163 83 87
171 83 88
181 83 89
172 83 90
173 83 91
170 83 92
170 83 93
182 83 94
176 83 95
166 83 96
178 83 97
167 83 98
165 83 99
178 83 100
165 84 1
165 84 2
184 84 3
176 84 4
176 84 5
175 84 6
180 84 7
182 84 8
178 84 9
173 84 10
170 84 11
171 84 12
173 84 13
175 84 14
173 84 15
174 84 16
177 84 17
177 84 18
174 84 19
175 84 20
169 84 21
172 84 22
180 84 23
185 84 24
165 84 25
166 84 26
174 84 27
171 84 28
177 84 29
172 84 30
174 84 31
169 84 32
172 84 33
171 84 34
185 84 35
170 84 36
176 84 37
170 84 38
166 84 39
178 84 40
174 84 41
167 84 42
169 84 43
171 84 44
173 84 45
176 84 46
175 84 47
172 84 48
173 84 49
173 84 50
176 84 51
171 84 52
177 84 53
180 84 54
166 84 55
171 84 56
165 84 57
166 84 58
174 84 59
177 84 60
166 84 61
175 84 62
175 84 63
178 84 64
164 84 65
176 84 66
173 84 67
179 84 68
177 84 69
178 84 70
175 84 71
173 84 72
187 84 73
166 84 74
175 84 75
163 84 76
172 84 77
177 84 78
170 84 79
180 84 80
166 84 81
174 84 82
180 84 83
181 84 84
162 84 85
165 84 86
158 84 87
170 84 88
180 84 89
178 84 90
184 84 91
176 84 92
165 84 93
181 84 94
172 84 95
164 84 96
174 84 97
167 84 98
168 84 99
173 84 100
180 85 1
161 85 2
179 85 3
165 85 4
169 85 5
186 85 6
181 85 7
174 85 8
164 85 9
160 85 10
178 85 11
178 85 12
182 85 13
175 85 14
167 85 15
174 85 16
174 85 17
183 85 18
175 85 19
175 85 20
184 85 21
180 85 22
179 85 23
170 85 24
166 85 25
180 85 26
188 85 27
181 85 28
168 85 29
172 85 30
173 85 31
175 85 32
184 85 33
182 85 34
182 85 35
178 85 36
180 85 37
182 85 38
183 85 39
173 85 40
174 85 41
178 85 42
185 85 43
185 85 44
182 85 45
174 85 46
172 85 47
172 85 48
176 85 49
182 85 50
170 85 51
184 85 52
168 85 53
178 85 54
164 85 55
175 85 56
180 85 57
170 85 58
169 85 59
179 85 60
191 85 61
179 85 62
185 85 63
177 85 64
182 85 65
166 85 66
182 85 67
162 85 68
171 85 69
169 85 70
173 85 71
173 85 72
174 85 73
171 85 74
167 85 75
184 85 76
163 85 77
166 85 78
184 85 79
172 85 80
179 85 81
172 85 82
169 85 83
161 85 84
191 85 85
180 85 86
178 85 87
178 85 88
184 85 89
177 85 90
175 85 91
178 85 92
181 85 93
172 85 94
186 85 95
177 85 96
173 85 97
176 85 98
181 85 99
175 85 100
177 86 1
170 86 2
183 86 3
170 86 4
176 86 5
181 86 6
177 86 7
174 86 8
160 86 9
167 86 10
177 86 11
181 86 12
187 86 13
177 86 14
175 86 15
176 86 16
180 86 17
178 86 18
177 86 19
183 86 20
178 86 21
183 86 22
183 86 23
176 86 24
174 86 25
177 86 26
182 86 27
181 86 28
173 86 29
169 86 30
172 86 31
176 86 32
185 86 33
183 86 34
180 86 35
181 86 36
178 86 37
185 86 38
177 86 39
172 86 40
175 86 41
181 86 42
182 86 43
188 86 44
182 86 45
176 86 46
176 86 47
174 86 48
176 86 49
188 86 50
172 86 51
185 86 52
169 86 53
174 86 54
163 86 55
177 86 56
181 86 57
172 86 58
172 86 59
186 86 60
184 86 61
181 86 62
185 86 63
177 86 64
177 86 65
168 86 66
184 86 67
165 86 68
175 86 69
178 86 70
172 86 71
178 86 72
174 86 73
173 86 74
170 86 75
185 86 76
168 86 77
175 86 78
180 86 79
170 86 80
177 86 81
170 86 82
174 86 83
163 86 84
181 86 85
191 86 86
179 86 87
182 86 88
185 86 89
176 86 90
180 86 91
174 86 92
178 86 93
176 86 94
190 86 95
181 86 96
177 86 97
179 86 98
182 86 99
181 86 100
175 87 1
164 87 2
176 87 3
161 87 4
166 87 5
177 87 6
173 87 7
168 87 8
161 87 9
162 87 10
175 87 11
176 87 12
183 87 13
171 87 14
162 87 15
165 87 16
176 87 17
179 87 18
172 87 19
173 87 20
178 87 21
181 87 22
179 87 23
165 87 24
167 87 25
174 87 26
184 87 27
178 87 28
165 87 29
169 87 30
164 87 31
171 87 32
182 87 33
179 87 34
177 87 35
174 87 36
176 87 37
175 87 38
182 87 39
168 87 40
166 87 41
175 87 42
180 87 43
181 87 44
173 87 45
170 87 46
170 87 47
167 87 48
172 87 49
175 87 50
163 87 51
178 87 52
162 87 53
175 87 54
158 87 55
172 87 56
173 87 57
167 87 58
168 87 59
179 87 60
186 87 61
177 87 62
181 87 63
174 87 64
180 87 65
166 87 66
179 87 67
161 87 68
168 87 69
170 87 70
169 87 71
169 87 72
168 87 73
171 87 74
164 87 75
182 87 76
162 87 77
164 87 78
180 87 79
163 87 80
174 87 81
171 87 82
169 87 83
156 87 84
183 87 85
180 87 86
184 87 87
175 87 88
178 87 89
169 87 90
172 87 91
170 87 92
173 87 93
173 87 94
185 87 95
175 87 96
173 87 97
172 87 98
176 87 99
171 87 100
173 88 1
163 88 2
179 88 3
161 88 4
161 88 5
179 88 6
168 88 7
173 88 8
156 88 9
156 88 10
174 88 11
172 88 12
176 88 13
167 88 14
161 88 15
166 88 16
173 88 17
181 88 18
171 88 19
177 88 20
178 88 21
177 88 22
176 88 23
164 88 24
169 88 25
174 88 26
172 88 27
175 88 28
167 88 29
162 88 30
160 88 31
172 88 32
181 88 33
173 88 34
175 88 35
178 88 36
178 88 37
169 88 38
174 88 39
165 88 40
164 88 41
172 88 42
173 88 43
176 88 44
172 88 45
173 88 46
168 88 47
170 88 48
173 88 49
178 88 50
170 88 51
182 88 52
164 88 53
177 88 54
156 88 55
173 88 56
174 88 57
174 88 58
165 88 59
175 88 60
176 88 61
175 88 62
174 88 63
173 88 64
173 88 65
165 88 66
181 88 67
163 88 68
162 88 69
166 88 70
165 88 71
162 88 72
169 88 73
162 88 74
162 88 75
172 88 76
165 88 77
173 88 78
173 88 79
164 88 80
178 88 81
164 88 82
165 88 83
158 88 84
177 88 85
177 88 86
172 88 87
190 88 88
174 88 89
167 88 90
167 88 91
169 88 92
169 88 93
169 88 94
186 88 95
173 88 96
160 88 97
171 88 98
170 88 99
173 88 100
172 89 1
172 89 2
186 89 3
175 89 4
178 89 5
177 89 6
179 89 7
170 89 8
168 89 9
163 89 10
188 89 11
184 89 12
190 89 13
177 89 14
177 89 15
174 89 16
183 89 17
183 89 18
178 89 19
184 89 20
182 89 21
187 89 22
189 89 23
176 89 24
177 89 25
182 89 26
187 89 27
181 89 28
174 89 29
172 89 30
179 89 31
174 89 32
181 89 33
192 89 34
190 89 35
178 89 36
183 89 37
180 89 38
173 89 39
177 89 40
182 89 41
183 89 42
182 89 43
188 89 44
189 89 45
184 89 46
182 89 47
181 89 48
180 89 49
182 89 50
167 89 51
180 89 52
178 89 53
184 89 54
163 89 55
178 89 56
173 89 57
170 89 58
181 89 59
181 89 60
180 89 61
183 89 62
189 89 63
182 89 64
177 89 65
169 89 66
178 89 67
169 89 68
183 89 69
180 89 70
181 89 71
179 89 72
184 89 73
180 89 74
169 89 75
181 89 76
161 89 77
175 89 78
185 89 79
175 89 80
173 89 81
173 89 82
176 89 83
168 89 84
177 89 85
179 89 86
173 89 87
173 89 88
202 89 89
188 89 90
180 89 91
180 89 92
179 89 93
174 89 94
182 89 95
175 89 96
173 89 97
181 89 98
180 89 99
179 89 100
162 90 1
166 90 2
175 90 3
181 90 4
183 90 5
166 90 6
173 90 7
166 90 8
160 90 9
162 90 10
170 90 11
168 90 12
177 90 13
179 90 14
176 90 15
180 90 16
174 90 17
174 90 18
183 90 19
173 90 20
170 90 21
169 90 22
181 90 23
170 90 24
164 90 25
163 90 26
181 90 27
164 90 28
165 90 29
165 90 30
170 90 31
162 90 32
173 90 33
178 90 34
181 90 35
166 90 36
172 90 37
167 90 38
160 90 39
167 90 40
186 90 41
167 90 42
166 90 43
172 90 44
178 90 45
170 90 46
177 90 47
171 90 48
163 90 49
171 90 50
173 90 51
166 90 52
178 90 53
175 90 54
157 90 55
169 90 56
166 90 57
166 90 58
175 90 59
165 90 60
171 90 61
170 90 62
181 90 63
172 90 64
167 90 65
165 90 66
163 90 67
161 90 68
171 90 69
180 90 70
179 90 71
178 90 72
175 90 73
167 90 74
166 90 75
162 90 76
162 90 77
172 90 78
167 90 79
179 90 80
164 90 81
164 90 82
168 90 83
164 90 84
168 90 85
167 90 86
161 90 87
164 90 88
183 90 89
196 90 90
185 90 91
178 90 92
172 90 93
167 90 94
169 90 95
166 90 96
171 90 97
169 90 98
174 90 99
175 90 100
171 91 1
166 91 2
176 91 3
179 91 4
183 91 5
173 91 6
175 91 7
171 91 8
162 91 9
160 91 10
173 91 11
174 91 12
182 91 13
185 91 14
178 91 15
178 91 16
178 91 17
179 91 18
182 91 19
169 91 20
173 91 21
176 91 22
181 91 23
171 91 24
167 91 25
173 91 26
181 91 27
171 91 28
166 91 29
167 91 30
169 91 31
166 91 32
176 91 33
179 91 34
177 91 35
176 91 36
178 91 37
177 91 38
170 91 39
170 91 40
185 91 41
170 91 42
172 91 43
178 91 44
179 91 45
177 91 46
183 91 47
169 91 48
172 91 49
173 91 50
171 91 51
173 91 52
175 91 53
178 91 54
154 91 55
176 91 56
172 91 57
174 91 58
175 91 59
172 91 60
175 91 61
169 91 62
188 91 63
176 91 64
172 91 65
160 91 66
168 91 67
166 91 68
174 91 69
177 91 70
182 91 71
181 91 72
178 91 73
168 91 74
163 91 75
169 91 76
164 91 77
174 91 78
177 91 79
179 91 80
166 91 81
165 91 82
170 91 83
165 91 84
173 91 85
172 91 86
168 91 87
168 91 88
178 91 89
187 91 90
195 91 91
178 91 92
177 91 93
168 91 94
175 91 95
170 91 96
172 91 97
174 91 98
174 91 99
178 91 100
166 92 1
169 92 2
182 92 3
177 92 4
178 92 5
173 92 6
178 92 7
178 92 8
167 92 9
163 92 10
179 92 11
172 92 12
179 92 13
176 92 14
173 92 15
176 92 16
177 92 17
181 92 18
176 92 19
180 92 20
174 92 21
176 92 22
184 92 23
171 92 24
164 92 25
172 92 26
186 92 27
174 92 28
173 92 29
169 92 30
172 92 31
168 92 32
175 92 33
182 92 34
181 92 35
177 92 36
184 92 37
167 92 38
170 92 39
179 92 40
175 92 41
173 92 42
172 92 43
177 92 44
180 92 45
173 92 46
177 92 47
174 92 48
177 92 49
171 92 50
174 92 51
176 92 52
177 92 53
186 92 54
166 92 55
176 92 56
173 92 57
170 92 58
177 92 59
172 92 60
171 92 61
180 92 62
180 92 63
181 92 64
170 92 65
170 92 66
171 92 67
174 92 68
178 92 69
173 92 70
181 92 71
176 92 72
178 92 73
166 92 74
165 92 75
172 92 76
167 92 77
180 92 78
178 92 79
174 92 80
168 92 81
175 92 82
170 92 83
166 92 84
172 92 85
167 92 86
170 92 87
173 92 88
181 92 89
181 92 90
179 92 91
193 92 92
176 92 93
177 92 94
181 92 95
178 92 96
172 92 97
177 92 98
170 92 99
179 92 100
163 93 1
169 93 2
173 93 3
161 93 4
166 93 5
175 93 6
177 93 7
164 93 8
158 93 9
154 93 10
183 93 11
183 93 12
182 93 13
168 93 14
169 93 15
165 93 16
175 93 17
183 93 18
161 93 19
178 93 20
171 93 21
186 93 22
176 93 23
164 93 24
175 93 25
179 93 26
173 93 27
172 93 28
165 93 29
169 93 30
170 93 31
170 93 32
175 93 33
178 93 34
175 93 35
177 93 36
179 93 37
178 93 38
168 93 39
171 93 40
165 93 41
183 93 42
175 93 43
191 93 44
181 93 45
178 93 46
168 93 47
170 93 48
178 93 49
173 93 50
156 93 51
174 93 52
161 93 53
177 93 54
155 93 55
177 93 56
174 93 57
175 93 58
172 93 59
175 93 60
177 93 61
174 93 62
175 93 63
180 93 64
168 93 65
161 93 66
170 93 67
162 93 68
177 93 69
163 93 70
173 93 71
169 93 72
174 93 73
171 93 74
157 93 75
177 93 76
157 93 77
173 93 78
179 93 79
158 93 80
166 93 81
164 93 82
167 93 83
157 93 84
174 93 85
176 93 86
167 93 87
172 93 88
175 93 89
170 93 90
170 93 91
165 93 92
193 93 93
163 93 94
175 93 95
176 93 96
166 93 97
171 93 98
174 93 99
176 93 100
165 94 1
155 94 2
182 94 3
169 94 4
171 94 5
168 94 6
170 94 7
176 94 8
174 94 9
168 94 10
168 94 11
164 94 12
175 94 13
169 94 14
166 94 15
171 94 16
169 94 17
170 94 18
172 94 19
174 94 20
168 94 21
169 94 22
180 94 23
177 94 24
166 94 25
164 94 26
173 94 27
169 94 28
173 94 29
173 94 30
175 94 31
164 94 32
169 94 33
174 94 34
170 94 35
163 94 36
169 94 37
168 94 38
163 94 39
178 94 40
167 94 41
167 94 42
160 94 43
166 94 44
166 94 45
172 94 46
170 94 47
171 94 48
169 94 49
174 94 50
172 94 51
170 94 52
174 94 53
173 94 54
170 94 55
166 94 56
160 94 57
164 94 58
164 94 59
170 94 60
172 94 61
171 94 62
174 94 63
168 94 64
164 94 65
175 94 66
170 94 67
173 94 68
171 94 69
173 94 70
164 94 71
171 94 72
176 94 73
163 94 74
173 94 75
165 94 76
170 94 77
165 94 78
164 94 79
168 94 80
163 94 81
176 94 82
181 94 83
173 94 84
165 94 85
167 94 86
163 94 87
168 94 88
177 94 89
169 94 90
174 94 91
171 94 92
162 94 93
193 94 94
176 94 95
161 94 96
176 94 97
169 94 98
165 94 99
170 94 100
179 95 1
162 95 2
180 95 3
167 95 4
171 95 5
181 95 6
177 95 7
177 95 8
160 95 9
164 95 10
177 95 11
175 95 12
185 95 13
173 95 14
167 95 15
173 95 16
175 95 17
180 95 18
175 95 19
181 95 20
184 95 21
177 95 22
183 95 23
170 95 24
165 95 25
176 95 26
186 95 27
177 95 28
169 95 29
168 95 30
167 95 31
173 95 32
185 95 33
180 95 34
180 95 35
181 95 36
183 95 37
177 95 38
178 95 39
170 95 40
171 95 41
178 95 42
183 95 43
183 95 44
179 95 45
175 95 46
174 95 47
172 95 48
175 95 49
183 95 50
172 95 51
187 95 52
172 95 53
180 95 54
162 95 55
179 95 56
178 95 57
171 95 58
172 95 59
178 95 60
180 95 61
183 95 62
181 95 63
177 95 64
181 95 65
169 95 66
182 95 67
164 95 68
169 95 69
172 95 70
172 95 71
171 95 72
172 95 73
169 95 74
166 95 75
183 95 76
168 95 77
174 95 78
183 95 79
168 95 80
177 95 81
169 95 82
168 95 83
162 95 84
185 95 85
184 95 86
179 95 87
182 95 88
181 95 89
174 95 90
176 95 91
182 95 92
177 95 93
173 95 94
197 95 95
179 95 96
174 95 97
180 95 98
181 95 99
175 95 100
170 96 1
170 96 2
175 96 3
168 96 4
173 96 5
173 96 6
171 96 7
171 96 8
161 96 9
171 96 10
174 96 11
180 96 12
176 96 13
172 96 14
172 96 15
174 96 16
179 96 17
180 96 18
171 96 19
178 96 20
174 96 21
177 96 22
183 96 23
168 96 24
168 96 25
177 96 26
177 96 27
181 96 28
170 96 29
168 96 30
172 96 31
169 96 32
178 96 33
181 96 34
175 96 35
181 96 36
179 96 37
173 96 38
178 96 39
174 96 40
167 96 41
179 96 42
180 96 43
181 96 44
173 96 45
170 96 46
173 96 47
168 96 48
171 96 49
177 96 50
171 96 51
181 96 52
166 96 53
180 96 54
164 96 55
179 96 56
179 96 57
168 96 58
172 96 59
180 96 60
179 96 61
182 96 62
177 96 63
179 96 64
172 96 65
173 96 66
182 96 67
169 96 68
170 96 69
178 96 70
171 96 71
172 96 72
173 96 73
166 96 74
169 96 75
176 96 76
167 96 77
178 96 78
172 96 79
166 96 80
171 96 81
171 96 82
169 96 83
157 96 84
176 96 85
180 96 86
175 96 87
178 96 88
175 96 89
173 96 90
169 96 91
175 96 92
179 96 93
173 96 94
181 96 95
188 96 96
176 96 97
175 96 98
175 96 99
180 96 100
167 97 1
162 97 2
179 97 3
175 97 4
173 97 5
175 97 6
175 97 7
171 97 8
172 97 9
172 97 10
167 97 11
175 97 12
169 97 13
176 97 14
170 97 15
179 97 16
168 97 17
174 97 18
173 97 19
166 97 20
169 97 21
168 97 22
175 97 23
178 97 24
160 97 25
165 97 26
184 97 27
176 97 28
169 97 29
178 97 30
177 97 31
167 97 32
172 97 33
175 97 34
173 97 35
165 97 36
168 97 37
176 97 38
171 97 39
178 97 40
173 97 41
170 97 42
169 97 43
176 97 44
168 97 45
164 97 46
173 97 47
165 97 48
163 97 49
176 97 50
172 97 51
173 97 52
170 97 53
172 97 54
173 97 55
169 97 56
167 97 57
160 97 58
167 97 59
172 97 60
176 97 61
173 97 62
186 97 63
172 97 64
166 97 65
178 97 66
167 97 67
167 97 68
173 97 69
172 97 70
173 97 71
174 97 72
176 97 73
166 97 74
178 97 75
168 97 76
170 97 77
166 97 78
170 97 79
173 97 80
165 97 81
176 97 82
177 97 83
165 97 84
172 97 85
169 97 86
167 97 87
164 97 88
177 97 89
179 97 90
178 97 91
169 97 92
171 97 93
179 97 94
174 97 95
167 97 96
191 97 97
167 97 98
173 97 99
169 97 100
172 98 1
163 98 2
177 98 3
163 98 4
165 98 5
175 98 6
169 98 7
166 98 8
162 98 9
154 98 10
179 98 11
179 98 12
184 98 13
172 98 14
168 98 15
165 98 16
172 98 17
184 98 18
170 98 19
179 98 20
179 98 21
187 98 22
178 98 23
161 98 24
168 98 25
184 98 26
177 98 27
172 98 28
166 98 29
169 98 30
170 98 31
168 98 32
174 98 33
179 98 34
175 98 35
178 98 36
178 98 37
171 98 38
174 98 39
173 98 40
170 98 41
182 98 42
178 98 43
179 98 44
181 98 45
180 98 46
171 98 47
173 98 48
182 98 49
168 98 50
163 98 51
175 98 52
169 98 53
180 98 54
156 98 55
178 98 56
171 98 57
167 98 58
172 98 59
176 98 60
176 98 61
178 98 62
177 98 63
177 98 64
171 98 65
161 98 66
168 98 67
165 98 68
172 98 69
168 98 70
172 98 71
169 98 72
177 98 73
167 98 74
158 98 75
174 98 76
157 98 77
173 98 78
181 98 79
166 98 80
164 98 81
166 98 82
169 98 83
159 98 84
172 98 85
172 98 86
171 98 87
173 98 88
182 98 89
170 98 90
173 98 91
176 98 92
175 98 93
167 98 94
182 98 95
172 98 96
165 98 97
191 98 98
172 98 99
175 98 100
176 99 1
172 99 2
182 99 3
173 99 4
174 99 5
179 99 6
175 99 7
174 99 8
163 99 9
164 99 10
182 99 11
184 99 12
189 99 13
177 99 14
171 99 15
174 99 16
183 99 17
184 99 18
175 99 19
186 99 20
175 99 21
184 99 22
189 99 23
177 99 24
177 99 25
180 99 26
180 99 27
176 99 28
169 99 29
176 99 30
173 99 31
173 99 32
183 99 33
188 99 34
189 99 35
181 99 36
183 99 37
179 99 38
172 99 39
176 99 40
177 99 41
183 99 42
178 99 43
184 99 44
182 99 45
183 99 46
179 99 47
177 99 48
180 99 49
186 99 50
170 99 51
186 99 52
177 99 53
184 99 54
165 99 55
182 99 56
177 99 57
179 99 58
180 99 59
182 99 60
183 99 61
186 99 62
185 99 63
182 99 64
175 99 65
170 99 66
176 99 67
163 99 68
179 99 69
181 99 70
174 99 71
175 99 72
180 99 73
176 99 74
168 99 75
179 99 76
166 99 77
177 99 78
178 99 79
170 99 80
168 99 81
173 99 82
170 99 83
167 99 84
180 99 85
182 99 86
176 99 87
179 99 88
189 99 89
181 99 90
179 99 91
176 99 92
180 99 93
176 99 94
186 99 95
176 99 96
174 99 97
180 99 98
190 99 99
182 99 100
167 100 1
169 100 2
178 100 3
166 100 4
171 100 5
173 100 6
178 100 7
169 100 8
162 100 9
161 100 10
186 100 11
180 100 12
184 100 13
173 100 14
171 100 15
167 100 16
181 100 17
184 100 18
165 100 19
180 100 20
172 100 21
185 100 22
180 100 23
172 100 24
172 100 25
177 100 26
175 100 27
170 100 28
176 100 29
173 100 30
180 100 31
168 100 32
178 100 33
182 100 34
183 100 35
182 100 36
182 100 37
168 100 38
168 100 39
176 100 40
169 100 41
175 100 42
168 100 43
181 100 44
180 100 45
181 100 46
172 100 47
173 100 48
182 100 49
169 100 50
163 100 51
174 100 52
169 100 53
180 100 54
163 100 55
176 100 56
170 100 57
172 100 58
178 100 59
176 100 60
175 100 61
180 100 62
176 100 63
178 100 64
170 100 65
165 100 66
173 100 67
170 100 68
182 100 69
174 100 70
174 100 71
171 100 72
180 100 73
176 100 74
166 100 75
177 100 76
161 100 77
179 100 78
175 100 79
167 100 80
166 100 81
173 100 82
169 100 83
161 100 84
168 100 85
173 100 86
166 100 87
171 100 88
175 100 89
174 100 90
178 100 91
173 100 92
180 100 93
171 100 94
173 100 95
176 100 96
168 100 97
172 100 98
168 100 99
197 100 100
