127 1 1
86 1 2
82 1 3
81 1 4
80 1 5
97 1 6
82 1 7
88 1 8
85 1 9
88 1 10
87 1 11
87 1 12
96 1 13
82 1 14
85 1 15
84 1 16
88 1 17
93 1 18
89 1 19
89 1 20
104 1 21
86 1 22
92 1 23
78 1 24
89 1 25
105 1 26
94 1 27
97 1 28
84 1 29
87 1 30
81 1 31
84 1 32
92 1 33
95 1 34
88 1 35
99 1 36
95 1 37
95 1 38
105 1 39
88 1 40
78 1 41
94 1 42
107 1 43
94 1 44
87 1 45
88 1 46
86 1 47
89 1 48
102 1 49
92 1 50
86 1 51
102 1 52
84 1 53
89 1 54
93 1 55
97 1 56
99 1 57
101 1 58
94 1 59
97 1 60
109 1 61
93 1 62
83 1 63
88 1 64
97 1 65
93 1 66
100 1 67
79 1 68
79 1 69
84 1 70
85 1 71
82 1 72
82 1 73
88 1 74
85 1 75
105 1 76
87 1 77
86 1 78
98 1 79
84 1 80
103 1 81
78 1 82
86 1 83
79 1 84
111 1 85
98 1 86
103 1 87
104 1 88
87 1 89
78 1 90
79 1 91
85 1 92
87 1 93
84 1 94
100 1 95
97 1 96
88 1 97
101 1 98
98 1 99
90 1 100
74 2 1
127 2 2
88 2 3
97 2 4
87 2 5
76 2 6
76 2 7
86 2 8
85 2 9
90 2 10
94 2 11
99 2 12
87 2 13
75 2 14
91 2 15
81 2 16
88 2 17
97 2 18
91 2 19
92 2 20
81 2 21
93 2 22
85 2 23
77 2 24
100 2 25
86 2 26
89 2 27
80 2 28
82 2 29
85 2 30
85 2 31
96 2 32
87 2 33
83 2 34
90 2 35
91 2 36
98 2 37
81 2 38
86 2 39
83 2 40
89 2 41
100 2 42
89 2 43
92 2 44
84 2 45
89 2 46
86 2 47
88 2 48
87 2 49
78 2 50
80 2 51
79 2 52
75 2 53
88 2 54
79 2 55
92 2 56
86 2 57
89 2 58
92 2 59
81 2 60
75 2 61
91 2 62
91 2 63
97 2 64
85 2 65
77 2 66
82 2 67
90 2 68
97 2 69
85 2 70
104 2 71
86 2 72
87 2 73
99 2 74
82 2 75
82 2 76
80 2 77
94 2 78
89 2 79
77 2 80
81 2 81
88 2 82
80 2 83
78 2 84
80 2 85
85 2 86
92 2 87
84 2 88
88 2 89
87 2 90
92 2 91
87 2 92
93 2 93
79 2 94
81 2 95
90 2 96
85 2 97
90 2 98
90 2 99
90 2 100
83 3 1
90 3 2
128 3 3
86 3 4
89 3 5
97 3 6
96 3 7
95 3 8
89 3 9
85 3 10
84 3 11
92 3 12
85 3 13
94 3 14
96 3 15
92 3 16
77 3 17
83 3 18
87 3 19
92 3 20
96 3 21
88 3 22
88 3 23
91 3 24
84 3 25
73 3 26
104 3 27
84 3 28
102 3 29
81 3 30
86 3 31
103 3 32
78 3 33
82 3 34
75 3 35
78 3 36
82 3 37
86 3 38
83 3 39
81 3 40
87 3 41
83 3 42
74 3 43
84 3 44
84 3 45
83 3 46
88 3 47
95 3 48
77 3 49
91 3 50
95 3 51
83 3 52
89 3 53
82 3 54
91 3 55
71 3 56
75 3 57
84 3 58
77 3 59
89 3 60
85 3 61
84 3 62
91 3 63
76 3 64
86 3 65
95 3 66
85 3 67
87 3 68
88 3 69
82 3 70
83 3 71
98 3 72
92 3 73
89 3 74
97 3 75
84 3 76
89 3 77
80 3 78
74 3 79
84 3 80
96 3 81
103 3 82
94 3 83
84 3 84
82 3 85
90 3 86
92 3 87
92 3 88
90 3 89
87 3 90
94 3 91
96 3 92
78 3 93
102 3 94
98 3 95
76 3 96
96 3 97
84 3 98
81 3 99
83 3 100
77 4 1
93 4 2
90 4 3
127 4 4
115 4 5
71 4 6
79 4 7
86 4 8
88 4 9
97 4 10
71 4 11
79 4 12
72 4 13
102 4 14
93 4 15
111 4 16
86 4 17
77 4 18
114 4 19
80 4 20
74 4 21
65 4 22
91 4 23
86 4 24
78 4 25
70 4 26
92 4 27
71 4 28
84 4 29
76 4 30
86 4 31
76 4 32
79 4 33
77 4 34
83 4 35
78 4 36
78 4 37
71 4 38
75 4 39
80 4 40
111 4 41
75 4 42
77 4 43
72 4 44
76 4 45
76 4 46
102 4 47
79 4 48
65 4 49
78 4 50
105 4 51
74 4 52
104 4 53
86 4 54
80 4 55
85 4 56
81 4 57
78 4 58
92 4 59
70 4 60
75 4 61
78 4 62
100 4 63
79 4 64
78 4 65
90 4 66
74 4 67
86 4 68
80 4 69
104 4 70
104 4 71
94 4 72
82 4 73
77 4 74
86 4 75
59 4 76
88 4 77
92 4 78
73 4 79
114 4 80
79 4 81
87 4 82
81 4 83
94 4 84
74 4 85
72 4 86
77 4 87
77 4 88
86 4 89
105 4 90
107 4 91
100 4 92
72 4 93
83 4 94
73 4 95
79 4 96
93 4 97
81 4 98
80 4 99
81 4 100
76 5 1
83 5 2
73 5 3
111 5 4
126 5 5
69 5 6
77 5 7
76 5 8
77 5 9
87 5 10
72 5 11
75 5 12
80 5 13
105 5 14
96 5 15
101 5 16
85 5 17
74 5 18
110 5 19
73 5 20
73 5 21
70 5 22
90 5 23
83 5 24
79 5 25
71 5 26
85 5 27
77 5 28
75 5 29
70 5 30
79 5 31
69 5 32
79 5 33
83 5 34
80 5 35
70 5 36
79 5 37
72 5 38
72 5 39
73 5 40
109 5 41
71 5 42
76 5 43
75 5 44
77 5 45
79 5 46
97 5 47
78 5 48
70 5 49
75 5 50
95 5 51
70 5 52
99 5 53
86 5 54
71 5 55
84 5 56
75 5 57
77 5 58
87 5 59
69 5 60
76 5 61
67 5 62
97 5 63
82 5 64
80 5 65
75 5 66
72 5 67
85 5 68
84 5 69
101 5 70
101 5 71
99 5 72
76 5 73
79 5 74
76 5 75
66 5 76
85 5 77
89 5 78
78 5 79
105 5 80
78 5 81
67 5 82
83 5 83
84 5 84
74 5 85
79 5 86
75 5 87
70 5 88
87 5 89
109 5 90
105 5 91
95 5 92
76 5 93
78 5 94
75 5 95
83 5 96
87 5 97
84 5 98
81 5 99
79 5 100
98 6 1
89 6 2
96 6 3
88 6 4
87 6 5
126 6 6
105 6 7
95 6 8
94 6 9
85 6 10
96 6 11
97 6 12
86 6 13
95 6 14
94 6 15
89 6 16
83 6 17
98 6 18
86 6 19
95 6 20
105 6 21
103 6 22
94 6 23
92 6 24
85 6 25
102 6 26
104 6 27
104 6 28
95 6 29
85 6 30
84 6 31
102 6 32
97 6 33
84 6 34
86 6 35
95 6 36
87 6 37
103 6 38
97 6 39
87 6 40
88 6 41
98 6 42
97 6 43
104 6 44
105 6 45
95 6 46
91 6 47
95 6 48
101 6 49
101 6 50
88 6 51
98 6 52
94 6 53
96 6 54
91 6 55
86 6 56
108 6 57
95 6 58
88 6 59
106 6 60
103 6 61
93 6 62
89 6 63
97 6 64
99 6 65
93 6 66
100 6 67
93 6 68
92 6 69
79 6 70
95 6 71
93 6 72
93 6 73
89 6 74
88 6 75
104 6 76
93 6 77
97 6 78
102 6 79
89 6 80
100 6 81
86 6 82
99 6 83
88 6 84
103 6 85
100 6 86
96 6 87
103 6 88
94 6 89
91 6 90
90 6 91
96 6 92
104 6 93
87 6 94
101 6 95
95 6 96
94 6 97
101 6 98
93 6 99
90 6 100
90 7 1
94 7 2
99 7 3
93 7 4
90 7 5
103 7 6
125 7 7
105 7 8
96 7 9
93 7 10
95 7 11
84 7 12
86 7 13
96 7 14
99 7 15
101 7 16
91 7 17
85 7 18
88 7 19
94 7 20
93 7 21
86 7 22
79 7 23
108 7 24
84 7 25
83 7 26
101 7 27
95 7 28
111 7 29
87 7 30
94 7 31
97 7 32
95 7 33
84 7 34
96 7 35
84 7 36
85 7 37
101 7 38
94 7 39
86 7 40
91 7 41
92 7 42
89 7 43
98 7 44
97 7 45
89 7 46
95 7 47
96 7 48
88 7 49
102 7 50
97 7 51
87 7 52
92 7 53
86 7 54
96 7 55
82 7 56
99 7 57
85 7 58
89 7 59
95 7 60
93 7 61
94 7 62
94 7 63
82 7 64
91 7 65
96 7 66
97 7 67
93 7 68
99 7 69
83 7 70
90 7 71
99 7 72
95 7 73
89 7 74
99 7 75
97 7 76
101 7 77
91 7 78
97 7 79
100 7 80
104 7 81
103 7 82
99 7 83
99 7 84
96 7 85
93 7 86
94 7 87
89 7 88
94 7 89
95 7 90
94 7 91
92 7 92
97 7 93
97 7 94
88 7 95
90 7 96
99 7 97
80 7 98
92 7 99
92 7 100
91 8 1
92 8 2
94 8 3
89 8 4
88 8 5
105 8 6
97 8 7
125 8 8
97 8 9
100 8 10
82 8 11
81 8 12
85 8 13
99 8 14
86 8 15
101 8 16
88 8 17
94 8 18
97 8 19
91 8 20
89 8 21
86 8 22
85 8 23
103 8 24
89 8 25
83 8 26
91 8 27
98 8 28
102 8 29
86 8 30
72 8 31
107 8 32
87 8 33
73 8 34
92 8 35
87 8 36
82 8 37
96 8 38
94 8 39
83 8 40
93 8 41
89 8 42
93 8 43
81 8 44
95 8 45
92 8 46
88 8 47
87 8 48
89 8 49
101 8 50
113 8 51
100 8 52
94 8 53
93 8 54
100 8 55
87 8 56
97 8 57
87 8 58
80 8 59
103 8 60
89 8 61
91 8 62
87 8 63
84 8 64
88 8 65
100 8 66
103 8 67
100 8 68
85 8 69
93 8 70
89 8 71
92 8 72
89 8 73
77 8 74
107 8 75
86 8 76
102 8 77
97 8 78
83 8 79
99 8 80
99 8 81
97 8 82
89 8 83
103 8 84
89 8 85
89 8 86
89 8 87
101 8 88
86 8 89
86 8 90
94 8 91
97 8 92
81 8 93
100 8 94
100 8 95
85 8 96
93 8 97
86 8 98
83 8 99
85 8 100
84 9 1
83 9 2
90 9 3
95 9 4
87 9 5
85 9 6
91 9 7
95 9 8
127 9 9
108 9 10
81 9 11
76 9 12
77 9 13
85 9 14
83 9 15
85 9 16
78 9 17
85 9 18
88 9 19
80 9 20
85 9 21
79 9 22
78 9 23
102 9 24
86 9 25
82 9 26
85 9 27
86 9 28
100 9 29
106 9 30
108 9 31
84 9 32
81 9 33
78 9 34
85 9 35
79 9 36
81 9 37
81 9 38
91 9 39
110 9 40
84 9 41
79 9 42
80 9 43
76 9 44
76 9 45
88 9 46
81 9 47
84 9 48
84 9 49
75 9 50
90 9 51
76 9 52
93 9 53
91 9 54
106 9 55
85 9 56
81 9 57
86 9 58
88 9 59
83 9 60
84 9 61
83 9 62
83 9 63
86 9 64
81 9 65
104 9 66
84 9 67
112 9 68
89 9 69
85 9 70
85 9 71
86 9 72
95 9 73
88 9 74
106 9 75
83 9 76
97 9 77
89 9 78
87 9 79
97 9 80
81 9 81
103 9 82
108 9 83
115 9 84
80 9 85
76 9 86
78 9 87
80 9 88
83 9 89
77 9 90
89 9 91
86 9 92
77 9 93
107 9 94
77 9 95
77 9 96
96 9 97
82 9 98
74 9 99
76 9 100
76 10 1
84 10 2
84 10 3
102 10 4
96 10 5
74 10 6
75 10 7
94 10 8
101 10 9
128 10 10
56 10 11
76 10 12
68 10 13
86 10 14
92 10 15
101 10 16
83 10 17
71 10 18
94 10 19
70 10 20
72 10 21
58 10 22
82 10 23
90 10 24
74 10 25
68 10 26
87 10 27
88 10 28
91 10 29
83 10 30
91 10 31
79 10 32
78 10 33
76 10 34
81 10 35
90 10 36
83 10 37
76 10 38
84 10 39
88 10 40
84 10 41
71 10 42
87 10 43
73 10 44
66 10 45
63 10 46
83 10 47
67 10 48
65 10 49
84 10 50
106 10 51
83 10 52
88 10 53
83 10 54
103 10 55
86 10 56
85 10 57
74 10 58
91 10 59
84 10 60
72 10 61
89 10 62
79 10 63
79 10 64
82 10 65
107 10 66
83 10 67
89 10 68
74 10 69
101 10 70
80 10 71
87 10 72
75 10 73
74 10 74
107 10 75
68 10 76
94 10 77
91 10 78
71 10 79
97 10 80
75 10 81
90 10 82
91 10 83
91 10 84
76 10 85
78 10 86
82 10 87
81 10 88
75 10 89
86 10 90
89 10 91
90 10 92
72 10 93
89 10 94
76 10 95
89 10 96
106 10 97
74 10 98
78 10 99
74 10 100
87 11 1
95 11 2
88 11 3
82 11 4
83 11 5
89 11 6
102 11 7
86 11 8
84 11 9
71 11 10
128 11 11
100 11 12
104 11 13
80 11 14
89 11 15
75 11 16
88 11 17
96 11 18
78 11 19
101 11 20
97 11 21
108 11 22
84 11 23
86 11 24
105 11 25
105 11 26
93 11 27
92 11 28
90 11 29
89 11 30
94 11 31
88 11 32
94 11 33
103 11 34
91 11 35
87 11 36
86 11 37
87 11 38
93 11 39
86 11 40
87 11 41
104 11 42
90 11 43
88 11 44
107 11 45
104 11 46
88 11 47
102 11 48
110 11 49
90 11 50
72 11 51
85 11 52
82 11 53
91 11 54
80 11 55
87 11 56
87 11 57
92 11 58
89 11 59
89 11 60
95 11 61
88 11 62
92 11 63
94 11 64
87 11 65
76 11 66
98 11 67
86 11 68
103 11 69
79 11 70
91 11 71
87 11 72
94 11 73
109 11 74
78 11 75
103 11 76
86 11 77
85 11 78
107 11 79
80 11 80
99 11 81
98 11 82
83 11 83
88 11 84
93 11 85
94 11 86
91 11 87
86 11 88
99 11 89
91 11 90
84 11 91
90 11 92
100 11 93
84 11 94
89 11 95
88 11 96
83 11 97
90 11 98
89 11 99
106 11 100
79 12 1
97 12 2
91 12 3
79 12 4
78 12 5
92 12 6
80 12 7
70 12 8
74 12 9
80 12 10
100 12 11
127 12 12
87 12 13
78 12 14
88 12 15
80 12 16
80 12 17
88 12 18
74 12 19
85 12 20
78 12 21
104 12 22
82 12 23
81 12 24
102 12 25
98 12 26
79 12 27
89 12 28
79 12 29
82 12 30
89 12 31
89 12 32
77 12 33
87 12 34
82 12 35
85 12 36
79 12 37
88 12 38
86 12 39
77 12 40
83 12 41
100 12 42
91 12 43
95 12 44
86 12 45
94 12 46
83 12 47
90 12 48
94 12 49
83 12 50
70 12 51
85 12 52
72 12 53
82 12 54
72 12 55
94 12 56
85 12 57
83 12 58
76 12 59
90 12 60
91 12 61
89 12 62
87 12 63
98 12 64
82 12 65
78 12 66
86 12 67
80 12 68
100 12 69
81 12 70
87 12 71
78 12 72
90 12 73
92 12 74
72 12 75
86 12 76
80 12 77
82 12 78
90 12 79
70 12 80
78 12 81
81 12 82
85 12 83
67 12 84
86 12 85
92 12 86
83 12 87
85 12 88
86 12 89
79 12 90
72 12 91
69 12 92
100 12 93
76 12 94
84 12 95
85 12 96
83 12 97
89 12 98
91 12 99
89 12 100
100 13 1
83 13 2
97 13 3
78 13 4
90 13 5
94 13 6
92 13 7
88 13 8
82 13 9
75 13 10
106 13 11
99 13 12
125 13 13
100 13 14
95 13 15
87 13 16
101 13 17
97 13 18
87 13 19
96 13 20
100 13 21
112 13 22
99 13 23
80 13 24
104 13 25
104 13 26
90 13 27
92 13 28
88 13 29
90 13 30
85 13 31
89 13 32
96 13 33
109 13 34
94 13 35
95 13 36
96 13 37
101 13 38
96 13 39
82 13 40
91 13 41
105 13 42
97 13 43
98 13 44
106 13 45
106 13 46
96 13 47
103 13 48
110 13 49
93 13 50
86 13 51
102 13 52
95 13 53
97 13 54
76 13 55
105 13 56
92 13 57
104 13 58
94 13 59
102 13 60
99 13 61
98 13 62
96 13 63
90 13 64
91 13 65
79 13 66
92 13 67
80 13 68
92 13 69
94 13 70
82 13 71
99 13 72
96 13 73
97 13 74
81 13 75
102 13 76
82 13 77
88 13 78
94 13 79
90 13 80
90 13 81
92 13 82
83 13 83
83 13 84
96 13 85
100 13 86
102 13 87
94 13 88
95 13 89
95 13 90
91 13 91
92 13 92
100 13 93
91 13 94
103 13 95
91 13 96
85 13 97
106 13 98
100 13 99
101 13 100
88 14 1
89 14 2
97 14 3
111 14 4
116 14 5
88 14 6
93 14 7
91 14 8
91 14 9
97 14 10
76 14 11
90 14 12
83 14 13
125 14 14
103 14 15
113 14 16
91 14 17
80 14 18
111 14 19
85 14 20
82 14 21
84 14 22
93 14 23
93 14 24
78 14 25
81 14 26
100 14 27
89 14 28
93 14 29
87 14 30
88 14 31
86 14 32
85 14 33
88 14 34
84 14 35
83 14 36
83 14 37
92 14 38
83 14 39
86 14 40
113 14 41
85 14 42
82 14 43
78 14 44
88 14 45
87 14 46
105 14 47
84 14 48
77 14 49
91 14 50
111 14 51
85 14 52
108 14 53
94 14 54
91 14 55
93 14 56
85 14 57
84 14 58
86 14 59
84 14 60
85 14 61
84 14 62
109 14 63
86 14 64
90 14 65
90 14 66
78 14 67
88 14 68
92 14 69
106 14 70
95 14 71
112 14 72
87 14 73
82 14 74
97 14 75
77 14 76
94 14 77
94 14 78
81 14 79
112 14 80
85 14 81
94 14 82
87 14 83
93 14 84
88 14 85
90 14 86
92 14 87
80 14 88
91 14 89
108 14 90
111 14 91
104 14 92
83 14 93
94 14 94
91 14 95
90 14 96
100 14 97
97 14 98
95 14 99
86 14 100
82 15 1
93 15 2
91 15 3
101 15 4
108 15 5
83 15 6
91 15 7
89 15 8
85 15 9
99 15 10
78 15 11
87 15 12
84 15 13
98 15 14
127 15 15
105 15 16
90 15 17
74 15 18
98 15 19
82 15 20
80 15 21
78 15 22
89 15 23
91 15 24
82 15 25
81 15 26
95 15 27
90 15 28
96 15 29
72 15 30
89 15 31
90 15 32
79 15 33
85 15 34
86 15 35
84 15 36
88 15 37
89 15 38
71 15 39
77 15 40
106 15 41
88 15 42
85 15 43
91 15 44
92 15 45
81 15 46
97 15 47
81 15 48
76 15 49
98 15 50
96 15 51
80 15 52
98 15 53
81 15 54
83 15 55
82 15 56
88 15 57
77 15 58
89 15 59
85 15 60
79 15 61
87 15 62
89 15 63
83 15 64
76 15 65
87 15 66
80 15 67
84 15 68
94 15 69
103 15 70
95 15 71
110 15 72
84 15 73
86 15 74
97 15 75
78 15 76
89 15 77
95 15 78
83 15 79
95 15 80
82 15 81
84 15 82
97 15 83
84 15 84
77 15 85
87 15 86
83 15 87
75 15 88
92 15 89
102 15 90
103 15 91
88 15 92
93 15 93
82 15 94
74 15 95
87 15 96
98 15 97
87 15 98
87 15 99
86 15 100
77 16 1
82 16 2
85 16 3
108 16 4
110 16 5
77 16 6
85 16 7
91 16 8
81 16 9
106 16 10
61 16 11
78 16 12
70 16 13
99 16 14
101 16 15
126 16 16
88 16 17
68 16 18
107 16 19
76 16 20
71 16 21
58 16 22
84 16 23
86 16 24
75 16 25
68 16 26
85 16 27
88 16 28
88 16 29
68 16 30
82 16 31
77 16 32
81 16 33
75 16 34
79 16 35
78 16 36
76 16 37
81 16 38
74 16 39
78 16 40
107 16 41
76 16 42
82 16 43
73 16 44
76 16 45
70 16 46
98 16 47
73 16 48
64 16 49
92 16 50
120 16 51
81 16 52
99 16 53
82 16 54
86 16 55
87 16 56
84 16 57
74 16 58
82 16 59
81 16 60
78 16 61
84 16 62
93 16 63
70 16 64
77 16 65
94 16 66
81 16 67
79 16 68
74 16 69
108 16 70
86 16 71
96 16 72
75 16 73
70 16 74
94 16 75
62 16 76
96 16 77
86 16 78
69 16 79
110 16 80
82 16 81
83 16 82
83 16 83
89 16 84
81 16 85
76 16 86
77 16 87
82 16 88
76 16 89
103 16 90
94 16 91
90 16 92
76 16 93
84 16 94
72 16 95
85 16 96
96 16 97
74 16 98
83 16 99
75 16 100
84 17 1
95 17 2
86 17 3
85 17 4
86 17 5
80 17 6
84 17 7
90 17 8
75 17 9
80 17 10
100 17 11
92 17 12
101 17 13
85 17 14
90 17 15
85 17 16
127 17 17
99 17 18
93 17 19
93 17 20
97 17 21
105 17 22
99 17 23
78 17 24
98 17 25
87 17 26
87 17 27
85 17 28
78 17 29
82 17 30
83 17 31
89 17 32
103 17 33
106 17 34
100 17 35
101 17 36
105 17 37
87 17 38
99 17 39
85 17 40
86 17 41
96 17 42
95 17 43
98 17 44
90 17 45
97 17 46
99 17 47
91 17 48
98 17 49
80 17 50
89 17 51
101 17 52
83 17 53
94 17 54
74 17 55
99 17 56
93 17 57
83 17 58
99 17 59
91 17 60
91 17 61
93 17 62
96 17 63
87 17 64
94 17 65
82 17 66
92 17 67
82 17 68
80 17 69
102 17 70
96 17 71
96 17 72
81 17 73
98 17 74
79 17 75
94 17 76
79 17 77
95 17 78
87 17 79
82 17 80
88 17 81
86 17 82
82 17 83
87 17 84
91 17 85
95 17 86
90 17 87
92 17 88
93 17 89
88 17 90
92 17 91
98 17 92
93 17 93
83 17 94
93 17 95
103 17 96
75 17 97
95 17 98
90 17 99
101 17 100
90 18 1
98 18 2
81 18 3
76 18 4
81 18 5
89 18 6
86 18 7
88 18 8
82 18 9
75 18 10
101 18 11
92 18 12
102 18 13
82 18 14
74 18 15
71 18 16
94 18 17
126 18 18
79 18 19
90 18 20
91 18 21
107 18 22
88 18 23
80 18 24
97 18 25
104 18 26
73 18 27
83 18 28
81 18 29
97 18 30
82 18 31
90 18 32
91 18 33
93 18 34
90 18 35
97 18 36
92 18 37
82 18 38
98 18 39
89 18 40
81 18 41
101 18 42
89 18 43
97 18 44
95 18 45
96 18 46
85 18 47
84 18 48
104 18 49
76 18 50
74 18 51
91 18 52
73 18 53
102 18 54
78 18 55
97 18 56
92 18 57
104 18 58
91 18 59
86 18 60
95 18 61
88 18 62
89 18 63
99 18 64
96 18 65
76 18 66
97 18 67
92 18 68
89 18 69
77 18 70
97 18 71
78 18 72
91 18 73
90 18 74
78 18 75
93 18 76
81 18 77
97 18 78
93 18 79
80 18 80
93 18 81
84 18 82
83 18 83
84 18 84
92 18 85
96 18 86
87 18 87
92 18 88
82 18 89
79 18 90
83 18 91
83 18 92
98 18 93
78 18 94
92 18 95
91 18 96
72 18 97
90 18 98
86 18 99
99 18 100
80 19 1
82 19 2
82 19 3
106 19 4
104 19 5
78 19 6
79 19 7
90 19 8
80 19 9
87 19 10
73 19 11
77 19 12
77 19 13
97 19 14
90 19 15
108 19 16
91 19 17
79 19 18
125 19 19
76 19 20
82 19 21
74 19 22
84 19 23
76 19 24
79 19 25
77 19 26
98 19 27
77 19 28
77 19 29
65 19 30
70 19 31
79 19 32
89 19 33
82 19 34
84 19 35
81 19 36
82 19 37
74 19 38
83 19 39
72 19 40
111 19 41
80 19 42
87 19 43
71 19 44
77 19 45
84 19 46
98 19 47
75 19 48
76 19 49
78 19 50
106 19 51
83 19 52
95 19 53
86 19 54
73 19 55
82 19 56
81 19 57
69 19 58
84 19 59
76 19 60
84 19 61
81 19 62
108 19 63
79 19 64
87 19 65
83 19 66
82 19 67
77 19 68
71 19 69
105 19 70
97 19 71
87 19 72
74 19 73
81 19 74
84 19 75
67 19 76
83 19 77
85 19 78
80 19 79
109 19 80
87 19 81
84 19 82
78 19 83
86 19 84
86 19 85
73 19 86
83 19 87
85 19 88
92 19 89
100 19 90
104 19 91
97 19 92
72 19 93
83 19 94
82 19 95
80 19 96
83 19 97
90 19 98
80 19 99
77 19 100
86 20 1
93 20 2
90 20 3
80 20 4
83 20 5
89 20 6
89 20 7
87 20 8
85 20 9
77 20 10
103 20 11
85 20 12
90 20 13
84 20 14
77 20 15
80 20 16
89 20 17
92 20 18
81 20 19
127 20 20
93 20 21
103 20 22
98 20 23
85 20 24
97 20 25
97 20 26
82 20 27
84 20 28
94 20 29
87 20 30
84 20 31
90 20 32
94 20 33
90 20 34
94 20 35
90 20 36
89 20 37
84 20 38
83 20 39
89 20 40
81 20 41
96 20 42
88 20 43
90 20 44
93 20 45
101 20 46
80 20 47
104 20 48
93 20 49
94 20 50
82 20 51
89 20 52
90 20 53
102 20 54
89 20 55
85 20 56
90 20 57
92 20 58
94 20 59
96 20 60
90 20 61
95 20 62
83 20 63
94 20 64
89 20 65
87 20 66
96 20 67
87 20 68
94 20 69
85 20 70
83 20 71
85 20 72
98 20 73
89 20 74
79 20 75
97 20 76
89 20 77
94 20 78
86 20 79
76 20 80
100 20 81
96 20 82
80 20 83
85 20 84
91 20 85
96 20 86
95 20 87
98 20 88
92 20 89
81 20 90
79 20 91
93 20 92
90 20 93
91 20 94
99 20 95
92 20 96
77 20 97
95 20 98
90 20 99
94 20 100
107 21 1
82 21 2
93 21 3
76 21 4
80 21 5
100 21 6
92 21 7
89 21 8
86 21 9
77 21 10
90 21 11
85 21 12
100 21 13
86 21 14
87 21 15
87 21 16
88 21 17
95 21 18
91 21 19
96 21 20
126 21 21
98 21 22
93 21 23
79 21 24
88 21 25
94 21 26
101 21 27
96 21 28
89 21 29
88 21 30
82 21 31
106 21 32
98 21 33
95 21 34
85 21 35
88 21 36
90 21 37
105 21 38
103 21 39
83 21 40
86 21 41
91 21 42
106 21 43
104 21 44
97 21 45
98 21 46
89 21 47
99 21 48
94 21 49
91 21 50
88 21 51
99 21 52
85 21 53
95 21 54
84 21 55
91 21 56
99 21 57
90 21 58
86 21 59
98 21 60
104 21 61
91 21 62
91 21 63
75 21 64
105 21 65
93 21 66
101 21 67
80 21 68
81 21 69
82 21 70
90 21 71
94 21 72
89 21 73
92 21 74
90 21 75
112 21 76
83 21 77
79 21 78
95 21 79
79 21 80
109 21 81
82 21 82
87 21 83
84 21 84
105 21 85
105 21 86
103 21 87
100 21 88
95 21 89
87 21 90
86 21 91
90 21 92
98 21 93
83 21 94
104 21 95
94 21 96
81 21 97
97 21 98
92 21 99
85 21 100
93 22 1
96 22 2
99 22 3
78 22 4
87 22 5
98 22 6
94 22 7
82 22 8
88 22 9
75 22 10
110 22 11
112 22 12
105 22 13
88 22 14
96 22 15
74 22 16
95 22 17
104 22 18
80 22 19
94 22 20
101 22 21
126 22 22
89 22 23
84 22 24
106 22 25
106 22 26
92 22 27
90 22 28
93 22 29
93 22 30
90 22 31
99 22 32
90 22 33
96 22 34
85 22 35
103 22 36
101 22 37
94 22 38
100 22 39
87 22 40
88 22 41
104 22 42
99 22 43
104 22 44
95 22 45
106 22 46
89 22 47
94 22 48
112 22 49
85 22 50
75 22 51
91 22 52
86 22 53
93 22 54
80 22 55
97 22 56
94 22 57
97 22 58
91 22 59
93 22 60
98 22 61
96 22 62
95 22 63
96 22 64
100 22 65
78 22 66
93 22 67
93 22 68
103 22 69
84 22 70
94 22 71
92 22 72
98 22 73
109 22 74
77 22 75
107 22 76
79 22 77
95 22 78
104 22 79
83 22 80
95 22 81
92 22 82
90 22 83
79 22 84
96 22 85
100 22 86
97 22 87
94 22 88
94 22 89
83 22 90
93 22 91
88 22 92
108 22 93
87 22 94
96 22 95
95 22 96
82 22 97
101 22 98
92 22 99
101 22 100
94 23 1
99 23 2
94 23 3
100 23 4
102 23 5
91 23 6
89 23 7
94 23 8
88 23 9
90 23 10
103 23 11
93 23 12
102 23 13
91 23 14
93 23 15
93 23 16
107 23 17
101 23 18
99 23 19
105 23 20
100 23 21
96 23 22
124 23 23
88 23 24
103 23 25
103 23 26
90 23 27
91 23 28
83 23 29
88 23 30
92 23 31
89 23 32
104 23 33
104 23 34
106 23 35
100 23 36
106 23 37
89 23 38
93 23 39
95 23 40
95 23 41
99 23 42
93 23 43
100 23 44
99 23 45
100 23 46
102 23 47
108 23 48
98 23 49
96 23 50
91 23 51
99 23 52
102 23 53
111 23 54
87 23 55
105 23 56
94 23 57
105 23 58
110 23 59
96 23 60
91 23 61
101 23 62
88 23 63
110 23 64
97 23 65
93 23 66
97 23 67
91 23 68
95 23 69
107 23 70
102 23 71
96 23 72
102 23 73
93 23 74
88 23 75
92 23 76
93 23 77
103 23 78
94 23 79
94 23 80
89 23 81
87 23 82
90 23 83
95 23 84
93 23 85
90 23 86
95 23 87
97 23 88
103 23 89
98 23 90
92 23 91
104 23 92
92 23 93
93 23 94
93 23 95
99 23 96
84 23 97
104 23 98
102 23 99
98 23 100
83 24 1
86 24 2
94 24 3
89 24 4
82 24 5
95 24 6
102 24 7
98 24 8
100 24 9
98 24 10
84 24 11
82 24 12
71 24 13
88 24 14
92 24 15
83 24 16
73 24 17
81 24 18
75 24 19
88 24 20
74 24 21
82 24 22
76 24 23
127 24 24
85 24 25
76 24 26
78 24 27
84 24 28
108 24 29
99 24 30
96 24 31
89 24 32
73 24 33
69 24 34
82 24 35
72 24 36
68 24 37
89 24 38
82 24 39
89 24 40
83 24 41
76 24 42
72 24 43
80 24 44
86 24 45
86 24 46
79 24 47
88 24 48
80 24 49
99 24 50
88 24 51
77 24 52
95 24 53
73 24 54
102 24 55
70 24 56
87 24 57
78 24 58
77 24 59
85 24 60
84 24 61
77 24 62
76 24 63
80 24 64
81 24 65
100 24 66
85 24 67
99 24 68
98 24 69
79 24 70
78 24 71
90 24 72
100 24 73
80 24 74
104 24 75
83 24 76
105 24 77
88 24 78
84 24 79
94 24 80
87 24 81
99 24 82
114 24 83
107 24 84
76 24 85
86 24 86
75 24 87
80 24 88
87 24 89
83 24 90
88 24 91
85 24 92
77 24 93
100 24 94
82 24 95
73 24 96
97 24 97
74 24 98
81 24 99
80 24 100
81 25 1
103 25 2
84 25 3
81 25 4
85 25 5
86 25 6
85 25 7
88 25 8
82 25 9
78 25 10
111 25 11
103 25 12
101 25 13
83 25 14
84 25 15
77 25 16
94 25 17
95 25 18
85 25 19
102 25 20
89 25 21
110 25 22
91 25 23
82 25 24
128 25 25
100 25 26
76 25 27
82 25 28
86 25 29
88 25 30
89 25 31
95 25 32
87 25 33
93 25 34
90 25 35
85 25 36
92 25 37
90 25 38
88 25 39
87 25 40
88 25 41
108 25 42
90 25 43
95 25 44
97 25 45
111 25 46
93 25 47
102 25 48
107 25 49
80 25 50
76 25 51
94 25 52
79 25 53
92 25 54
79 25 55
99 25 56
83 25 57
94 25 58
88 25 59
91 25 60
87 25 61
90 25 62
90 25 63
97 25 64
84 25 65
78 25 66
91 25 67
91 25 68
101 25 69
86 25 70
93 25 71
88 25 72
93 25 73
106 25 74
82 25 75
97 25 76
79 25 77
93 25 78
93 25 79
76 25 80
84 25 81
91 25 82
81 25 83
86 25 84
87 25 85
93 25 86
86 25 87
90 25 88
95 25 89
79 25 90
82 25 91
81 25 92
97 25 93
87 25 94
89 25 95
94 25 96
72 25 97
96 25 98
91 25 99
98 25 100
94 26 1
90 26 2
79 26 3
80 26 4
91 26 5
97 26 6
85 26 7
82 26 8
87 26 9
82 26 10
107 26 11
100 26 12
104 26 13
89 26 14
81 26 15
85 26 16
91 26 17
98 26 18
92 26 19
94 26 20
100 26 21
103 26 22
93 26 23
74 26 24
102 26 25
128 26 26
83 26 27
96 26 28
81 26 29
81 26 30
88 26 31
81 26 32
100 26 33
101 26 34
100 26 35
91 26 36
95 26 37
88 26 38
102 26 39
86 26 40
88 26 41
109 26 42
100 26 43
97 26 44
98 26 45
108 26 46
91 26 47
95 26 48
104 26 49
84 26 50
82 26 51
89 26 52
84 26 53
102 26 54
83 26 55
104 26 56
90 26 57
106 26 58
98 26 59
98 26 60
99 26 61
94 26 62
97 26 63
102 26 64
94 26 65
83 26 66
103 26 67
89 26 68
92 26 69
91 26 70
89 26 71
80 26 72
86 26 73
96 26 74
78 26 75
98 26 76
89 26 77
85 26 78
105 26 79
86 26 80
96 26 81
88 26 82
79 26 83
83 26 84
98 26 85
94 26 86
101 26 87
95 26 88
91 26 89
85 26 90
82 26 91
85 26 92
100 26 93
80 26 94
92 26 95
91 26 96
75 26 97
108 26 98
95 26 99
90 26 100
94 27 1
77 27 2
96 27 3
92 27 4
90 27 5
87 27 6
89 27 7
85 27 8
84 27 9
83 27 10
77 27 11
78 27 12
82 27 13
97 27 14
89 27 15
99 27 16
82 27 17
76 27 18
104 27 19
83 27 20
96 27 21
78 27 22
85 27 23
76 27 24
72 27 25
74 27 26
125 27 27
86 27 28
84 27 29
76 27 30
80 27 31
88 27 32
93 27 33
86 27 34
81 27 35
81 27 36
84 27 37
89 27 38
91 27 39
78 27 40
96 27 41
77 27 42
99 27 43
81 27 44
84 27 45
76 27 46
94 27 47
83 27 48
78 27 49
82 27 50
95 27 51
87 27 52
89 27 53
75 27 54
87 27 55
81 27 56
84 27 57
72 27 58
80 27 59
80 27 60
97 27 61
82 27 62
102 27 63
69 27 64
96 27 65
89 27 66
82 27 67
67 27 68
76 27 69
94 27 70
85 27 71
95 27 72
76 27 73
92 27 74
91 27 75
93 27 76
82 27 77
71 27 78
86 27 79
93 27 80
87 27 81
95 27 82
81 27 83
76 27 84
106 27 85
85 27 86
104 27 87
81 27 88
94 27 89
92 27 90
95 27 91
92 27 92
77 27 93
83 27 94
90 27 95
83 27 96
95 27 97
90 27 98
89 27 99
83 27 100
93 28 1
89 28 2
76 28 3
80 28 4
87 28 5
101 28 6
83 28 7
94 28 8
85 28 9
100 28 10
83 28 11
98 28 12
87 28 13
93 28 14
84 28 15
95 28 16
88 28 17
79 28 18
87 28 19
75 28 20
87 28 21
81 28 22
83 28 23
84 28 24
86 28 25
94 28 26
86 28 27
126 28 28
79 28 29
81 28 30
88 28 31
94 28 32
87 28 33
95 28 34
85 28 35
95 28 36
83 28 37
105 28 38
95 28 39
87 28 40
79 28 41
88 28 42
103 28 43
93 28 44
83 28 45
80 28 46
80 28 47
82 28 48
85 28 49
102 28 50
97 28 51
94 28 52
77 28 53
88 28 54
92 28 55
97 28 56
101 28 57
84 28 58
82 28 59
105 28 60
93 28 61
87 28 62
90 28 63
85 28 64
93 28 65
87 28 66
94 28 67
86 28 68
85 28 69
87 28 70
81 28 71
84 28 72
79 28 73
79 28 74
92 28 75
89 28 76
95 28 77
83 28 78
88 28 79
82 28 80
90 28 81
82 28 82
88 28 83
83 28 84
98 28 85
97 28 86
100 28 87
95 28 88
84 28 89
85 28 90
83 28 91
85 28 92
93 28 93
81 28 94
89 28 95
107 28 96
101 28 97
87 28 98
94 28 99
82 28 100
98 29 1
86 29 2
112 29 3
95 29 4
97 29 5
99 29 6
116 29 7
108 29 8
104 29 9
98 29 10
93 29 11
86 29 12
90 29 13
105 29 14
102 29 15
100 29 16
81 29 17
85 29 18
93 29 19
104 29 20
96 29 21
87 29 22
86 29 23
110 29 24
90 29 25
88 29 26
102 29 27
90 29 28
128 29 29
95 29 30
100 29 31
98 29 32
90 29 33
87 29 34
90 29 35
85 29 36
83 29 37
93 29 38
93 29 39
100 29 40
96 29 41
89 29 42
87 29 43
88 29 44
102 29 45
94 29 46
93 29 47
102 29 48
88 29 49
103 29 50
101 29 51
88 29 52
107 29 53
87 29 54
108 29 55
79 29 56
92 29 57
96 29 58
89 29 59
96 29 60
98 29 61
93 29 62
87 29 63
82 29 64
89 29 65
106 29 66
92 29 67
101 29 68
99 29 69
90 29 70
83 29 71
97 29 72
102 29 73
97 29 74
103 29 75
98 29 76
105 29 77
93 29 78
93 29 79
102 29 80
105 29 81
112 29 82
105 29 83
105 29 84
88 29 85
95 29 86
94 29 87
98 29 88
93 29 89
95 29 90
97 29 91
100 29 92
92 29 93
105 29 94
98 29 95
90 29 96
103 29 97
90 29 98
90 29 99
97 29 100
75 30 1
80 30 2
80 30 3
76 30 4
71 30 5
68 30 6
77 30 7
73 30 8
101 30 9
81 30 10
83 30 11
76 30 12
77 30 13
76 30 14
72 30 15
73 30 16
80 30 17
90 30 18
66 30 19
80 30 20
80 30 21
86 30 22
74 30 23
92 30 24
78 30 25
73 30 26
76 30 27
75 30 28
90 30 29
126 30 30
107 30 31
82 30 32
74 30 33
85 30 34
78 30 35
76 30 36
80 30 37
82 30 38
81 30 39
112 30 40
75 30 41
75 30 42
69 30 43
80 30 44
77 30 45
77 30 46
73 30 47
81 30 48
78 30 49
70 30 50
72 30 51
74 30 52
78 30 53
76 30 54
100 30 55
79 30 56
67 30 57
80 30 58
80 30 59
69 30 60
79 30 61
81 30 62
80 30 63
82 30 64
78 30 65
90 30 66
70 30 67
99 30 68
90 30 69
70 30 70
84 30 71
82 30 72
99 30 73
84 30 74
92 30 75
84 30 76
79 30 77
77 30 78
77 30 79
78 30 80
77 30 81
98 30 82
91 30 83
89 30 84
76 30 85
73 30 86
72 30 87
65 30 88
72 30 89
81 30 90
85 30 91
73 30 92
84 30 93
92 30 94
73 30 95
73 30 96
92 30 97
70 30 98
78 30 99
88 30 100
70 31 1
82 31 2
81 31 3
87 31 4
82 31 5
70 31 6
83 31 7
70 31 8
101 31 9
90 31 10
91 31 11
81 31 12
75 31 13
74 31 14
84 31 15
82 31 16
76 31 17
84 31 18
73 31 19
79 31 20
76 31 21
81 31 22
77 31 23
90 31 24
85 31 25
79 31 26
79 31 27
78 31 28
91 31 29
110 31 30
126 31 31
73 31 32
74 31 33
82 31 34
81 31 35
80 31 36
77 31 37
81 31 38
77 31 39
112 31 40
80 31 41
82 31 42
74 31 43
85 31 44
80 31 45
75 31 46
77 31 47
81 31 48
80 31 49
70 31 50
74 31 51
63 31 52
79 31 53
76 31 54
93 31 55
83 31 56
71 31 57
76 31 58
84 31 59
64 31 60
83 31 61
80 31 62
77 31 63
85 31 64
79 31 65
90 31 66
70 31 67
97 31 68
90 31 69
78 31 70
85 31 71
86 31 72
100 31 73
90 31 74
91 31 75
77 31 76
80 31 77
77 31 78
82 31 79
84 31 80
73 31 81
94 31 82
102 31 83
91 31 84
75 31 85
74 31 86
71 31 87
64 31 88
80 31 89
82 31 90
81 31 91
71 31 92
84 31 93
89 31 94
61 31 95
75 31 96
99 31 97
76 31 98
74 31 99
91 31 100
83 32 1
94 32 2
98 32 3
80 32 4
81 32 5
97 32 6
86 32 7
103 32 8
83 32 9
83 32 10
82 32 11
86 32 12
83 32 13
91 32 14
84 32 15
84 32 16
87 32 17
87 32 18
88 32 19
93 32 20
92 32 21
95 32 22
79 32 23
92 32 24
86 32 25
76 32 26
92 32 27
90 32 28
95 32 29
83 32 30
70 32 31
125 32 32
87 32 33
72 32 34
74 32 35
86 32 36
84 32 37
92 32 38
86 32 39
79 32 40
88 32 41
85 32 42
90 32 43
86 32 44
85 32 45
91 32 46
83 32 47
85 32 48
81 32 49
93 32 50
93 32 51
94 32 52
80 32 53
84 32 54
88 32 55
83 32 56
88 32 57
80 32 58
73 32 59
95 32 60
83 32 61
83 32 62
86 32 63
76 32 64
96 32 65
87 32 66
93 32 67
93 32 68
87 32 69
87 32 70
84 32 71
86 32 72
86 32 73
86 32 74
95 32 75
86 32 76
86 32 77
87 32 78
83 32 79
79 32 80
92 32 81
92 32 82
87 32 83
85 32 84
84 32 85
98 32 86
89 32 87
101 32 88
88 32 89
77 32 90
90 32 91
89 32 92
83 32 93
91 32 94
104 32 95
87 32 96
85 32 97
85 32 98
78 32 99
84 32 100
98 33 1
85 33 2
90 33 3
83 33 4
88 33 5
101 33 6
95 33 7
90 33 8
81 33 9
89 33 10
95 33 11
94 33 12
108 33 13
91 33 14
89 33 15
92 33 16
111 33 17
97 33 18
93 33 19
88 33 20
103 33 21
98 33 22
100 33 23
86 33 24
91 33 25
98 33 26
97 33 27
97 33 28
81 33 29
88 33 30
82 33 31
91 33 32
123 33 33
104 33 34
104 33 35
109 33 36
105 33 37
96 33 38
105 33 39
87 33 40
88 33 41
97 33 42
106 33 43
98 33 44
96 33 45
95 33 46
98 33 47
93 33 48
98 33 49
98 33 50
91 33 51
107 33 52
94 33 53
95 33 54
89 33 55
98 33 56
99 33 57
105 33 58
105 33 59
104 33 60
102 33 61
99 33 62
102 33 63
94 33 64
105 33 65
90 33 66
103 33 67
75 33 68
80 33 69
101 33 70
90 33 71
93 33 72
82 33 73
103 33 74
84 33 75
104 33 76
93 33 77
86 33 78
100 33 79
93 33 80
99 33 81
87 33 82
82 33 83
90 33 84
101 33 85
102 33 86
110 33 87
103 33 88
94 33 89
98 33 90
94 33 91
94 33 92
99 33 93
87 33 94
104 33 95
99 33 96
94 33 97
94 33 98
105 33 99
100 33 100
90 34 1
82 34 2
83 34 3
84 34 4
96 34 5
81 34 6
86 34 7
76 34 8
77 34 9
84 34 10
99 34 11
97 34 12
113 34 13
93 34 14
92 34 15
90 34 16
107 34 17
86 34 18
90 34 19
87 34 20
90 34 21
95 34 22
97 34 23
75 34 24
96 34 25
92 34 26
92 34 27
96 34 28
78 34 29
85 34 30
93 34 31
80 34 32
91 34 33
127 34 34
96 34 35
95 34 36
97 34 37
89 34 38
87 34 39
88 34 40
92 34 41
93 34 42
93 34 43
90 34 44
97 34 45
92 34 46
98 34 47
98 34 48
102 34 49
88 34 50
83 34 51
99 34 52
91 34 53
98 34 54
83 34 55
101 34 56
85 34 57
91 34 58
103 34 59
100 34 60
92 34 61
98 34 62
95 34 63
89 34 64
92 34 65
83 34 66
86 34 67
75 34 68
92 34 69
102 34 70
87 34 71
90 34 72
84 34 73
104 34 74
82 34 75
97 34 76
76 34 77
81 34 78
91 34 79
85 34 80
81 34 81
89 34 82
75 34 83
80 34 84
95 34 85
91 34 86
89 34 87
83 34 88
97 34 89
101 34 90
88 34 91
93 34 92
96 34 93
84 34 94
85 34 95
103 34 96
87 34 97
97 34 98
96 34 99
105 34 100
87 35 1
89 35 2
78 35 3
83 35 4
85 35 5
84 35 6
84 35 7
88 35 8
83 35 9
85 35 10
99 35 11
83 35 12
96 35 13
81 35 14
76 35 15
79 35 16
100 35 17
97 35 18
85 35 19
97 35 20
89 35 21
93 35 22
96 35 23
90 35 24
94 35 25
99 35 26
78 35 27
84 35 28
83 35 29
88 35 30
84 35 31
79 35 32
101 35 33
99 35 34
128 35 35
96 35 36
103 35 37
76 35 38
89 35 39
87 35 40
82 35 41
87 35 42
95 35 43
93 35 44
96 35 45
97 35 46
85 35 47
87 35 48
96 35 49
83 35 50
82 35 51
92 35 52
91 35 53
98 35 54
84 35 55
91 35 56
84 35 57
99 35 58
105 35 59
89 35 60
84 35 61
101 35 62
85 35 63
99 35 64
88 35 65
80 35 66
99 35 67
89 35 68
87 35 69
88 35 70
93 35 71
83 35 72
91 35 73
92 35 74
81 35 75
93 35 76
89 35 77
94 35 78
93 35 79
91 35 80
89 35 81
82 35 82
80 35 83
94 35 84
87 35 85
85 35 86
87 35 87
88 35 88
97 35 89
91 35 90
86 35 91
88 35 92
86 35 93
77 35 94
92 35 95
83 35 96
66 35 97
82 35 98
93 35 99
92 35 100
87 36 1
96 36 2
86 36 3
84 36 4
87 36 5
86 36 6
81 36 7
91 36 8
80 36 9
96 36 10
88 36 11
96 36 12
95 36 13
83 36 14
87 36 15
86 36 16
100 36 17
100 36 18
83 36 19
86 36 20
84 36 21
93 36 22
95 36 23
71 36 24
87 36 25
92 36 26
84 36 27
96 36 28
76 36 29
86 36 30
86 36 31
88 36 32
96 36 33
93 36 34
90 36 35
127 36 36
112 36 37
90 36 38
95 36 39
90 36 40
83 36 41
96 36 42
95 36 43
93 36 44
82 36 45
80 36 46
88 36 47
78 36 48
92 36 49
90 36 50
90 36 51
95 36 52
81 36 53
97 36 54
85 36 55
103 36 56
102 36 57
99 36 58
104 36 59
94 36 60
81 36 61
104 36 62
85 36 63
100 36 64
96 36 65
81 36 66
92 36 67
86 36 68
84 36 69
91 36 70
89 36 71
80 36 72
78 36 73
86 36 74
82 36 75
91 36 76
85 36 77
105 36 78
89 36 79
83 36 80
86 36 81
80 36 82
76 36 83
79 36 84
92 36 85
96 36 86
92 36 87
100 36 88
78 36 89
86 36 90
90 36 91
92 36 92
100 36 93
80 36 94
94 36 95
106 36 96
90 36 97
92 36 98
96 36 99
105 36 100
89 37 1
90 37 2
73 37 3
81 37 4
84 37 5
75 37 6
76 37 7
79 37 8
82 37 9
84 37 10
92 37 11
78 37 12
96 37 13
77 37 14
83 37 15
75 37 16
101 37 17
93 37 18
80 37 19
86 37 20
94 37 21
84 37 22
97 37 23
71 37 24
85 37 25
94 37 26
82 37 27
77 37 28
73 37 29
88 37 30
86 37 31
82 37 32
100 37 33
99 37 34
98 37 35
107 37 36
125 37 37
75 37 38
89 37 39
89 37 40
79 37 41
86 37 42
84 37 43
97 37 44
79 37 45
90 37 46
85 37 47
80 37 48
89 37 49
78 37 50
74 37 51
90 37 52
80 37 53
100 37 54
78 37 55
98 37 56
85 37 57
100 37 58
112 37 59
79 37 60
80 37 61
94 37 62
84 37 63
98 37 64
91 37 65
78 37 66
88 37 67
87 37 68
78 37 69
87 37 70
92 37 71
85 37 72
76 37 73
92 37 74
80 37 75
90 37 76
81 37 77
94 37 78
93 37 79
74 37 80
86 37 81
75 37 82
76 37 83
77 37 84
90 37 85
89 37 86
91 37 87
91 37 88
83 37 89
85 37 90
89 37 91
88 37 92
96 37 93
81 37 94
89 37 95
96 37 96
78 37 97
87 37 98
90 37 99
95 37 100
91 38 1
78 38 2
73 38 3
74 38 4
71 38 5
101 38 6
89 38 7
85 38 8
77 38 9
80 38 10
79 38 11
91 38 12
85 38 13
87 38 14
81 38 15
84 38 16
82 38 17
89 38 18
80 38 19
74 38 20
92 38 21
86 38 22
77 38 23
80 38 24
79 38 25
83 38 26
92 38 27
105 38 28
72 38 29
85 38 30
82 38 31
92 38 32
79 38 33
88 38 34
75 38 35
85 38 36
80 38 37
122 38 38
94 38 39
82 38 40
77 38 41
86 38 42
93 38 43
102 38 44
90 38 45
75 38 46
85 38 47
81 38 48
85 38 49
95 38 50
82 38 51
94 38 52
68 38 53
80 38 54
79 38 55
92 38 56
101 38 57
76 38 58
67 38 59
95 38 60
97 38 61
82 38 62
88 38 63
79 38 64
104 38 65
77 38 66
85 38 67
71 38 68
84 38 69
73 38 70
82 38 71
89 38 72
78 38 73
77 38 74
83 38 75
97 38 76
80 38 77
76 38 78
89 38 79
71 38 80
81 38 81
77 38 82
88 38 83
77 38 84
105 38 85
101 38 86
92 38 87
84 38 88
83 38 89
78 38 90
84 38 91
78 38 92
95 38 93
76 38 94
87 38 95
97 38 96
89 38 97
89 38 98
89 38 99
77 38 100
105 39 1
88 39 2
76 39 3
82 39 4
81 39 5
94 39 6
85 39 7
91 39 8
85 39 9
89 39 10
80 39 11
83 39 12
88 39 13
82 39 14
81 39 15
88 39 16
94 39 17
95 39 18
92 39 19
78 39 20
109 39 21
81 39 22
91 39 23
76 39 24
81 39 25
97 39 26
94 39 27
102 39 28
75 39 29
83 39 30
79 39 31
94 39 32
101 39 33
90 39 34
90 39 35
95 39 36
94 39 37
102 39 38
125 39 39
83 39 40
82 39 41
94 39 42
112 39 43
99 39 44
83 39 45
79 39 46
89 39 47
76 39 48
86 39 49
89 39 50
89 39 51
100 39 52
73 39 53
84 39 54
82 39 55
90 39 56
106 39 57
85 39 58
85 39 59
95 39 60
101 39 61
86 39 62
88 39 63
87 39 64
108 39 65
86 39 66
108 39 67
80 39 68
73 39 69
84 39 70
89 39 71
86 39 72
72 39 73
85 39 74
88 39 75
104 39 76
88 39 77
83 39 78
98 39 79
81 39 80
102 39 81
77 39 82
86 39 83
77 39 84
109 39 85
98 39 86
104 39 87
96 39 88
84 39 89
79 39 90
86 39 91
88 39 92
93 39 93
78 39 94
94 39 95
101 39 96
84 39 97
91 39 98
90 39 99
79 39 100
78 40 1
78 40 2
84 40 3
81 40 4
77 40 5
76 40 6
82 40 7
75 40 8
107 40 9
85 40 10
87 40 11
81 40 12
76 40 13
81 40 14
78 40 15
75 40 16
80 40 17
94 40 18
75 40 19
82 40 20
79 40 21
88 40 22
83 40 23
90 40 24
85 40 25
84 40 26
80 40 27
77 40 28
90 40 29
120 40 30
113 40 31
76 40 32
80 40 33
88 40 34
82 40 35
85 40 36
89 40 37
81 40 38
84 40 39
127 40 40
79 40 41
83 40 42
75 40 43
82 40 44
84 40 45
83 40 46
79 40 47
80 40 48
88 40 49
70 40 50
76 40 51
78 40 52
86 40 53
84 40 54
102 40 55
84 40 56
72 40 57
93 40 58
86 40 59
71 40 60
82 40 61
81 40 62
80 40 63
98 40 64
78 40 65
94 40 66
73 40 67
106 40 68
87 40 69
76 40 70
88 40 71
83 40 72
101 40 73
92 40 74
88 40 75
82 40 76
85 40 77
85 40 78
87 40 79
82 40 80
76 40 81
95 40 82
102 40 83
98 40 84
79 40 85
73 40 86
71 40 87
75 40 88
76 40 89
81 40 90
84 40 91
79 40 92
91 40 93
98 40 94
80 40 95
80 40 96
94 40 97
81 40 98
75 40 99
91 40 100
81 41 1
87 41 2
87 41 3
105 41 4
105 41 5
81 41 6
88 41 7
85 41 8
80 41 9
81 41 10
78 41 11
85 41 12
85 41 13
102 41 14
104 41 15
112 41 16
87 41 17
78 41 18
112 41 19
81 41 20
80 41 21
80 41 22
81 41 23
83 41 24
80 41 25
76 41 26
104 41 27
75 41 28
86 41 29
68 41 30
77 41 31
86 41 32
84 41 33
79 41 34
82 41 35
74 41 36
77 41 37
84 41 38
73 41 39
69 41 40
126 41 41
83 41 42
87 41 43
77 41 44
89 41 45
86 41 46
101 41 47
83 41 48
73 41 49
87 41 50
101 41 51
83 41 52
103 41 53
75 41 54
71 41 55
77 41 56
83 41 57
70 41 58
82 41 59
78 41 60
84 41 61
81 41 62
105 41 63
77 41 64
82 41 65
80 41 66
73 41 67
70 41 68
87 41 69
106 41 70
93 41 71
99 41 72
81 41 73
83 41 74
83 41 75
73 41 76
79 41 77
83 41 78
85 41 79
110 41 80
82 41 81
86 41 82
78 41 83
84 41 84
87 41 85
74 41 86
82 41 87
75 41 88
97 41 89
109 41 90
106 41 91
90 41 92
76 41 93
78 41 94
75 41 95
76 41 96
85 41 97
90 41 98
83 41 99
82 41 100
87 42 1
104 42 2
88 42 3
90 42 4
94 42 5
93 42 6
88 42 7
83 42 8
83 42 9
89 42 10
106 42 11
105 42 12
100 42 13
91 42 14
91 42 15
87 42 16
99 42 17
99 42 18
93 42 19
102 42 20
91 42 21
107 42 22
97 42 23
79 42 24
112 42 25
111 42 26
82 42 27
94 42 28
82 42 29
87 42 30
92 42 31
94 42 32
101 42 33
102 42 34
92 42 35
100 42 36
98 42 37
94 42 38
101 42 39
93 42 40
88 42 41
127 42 42
102 42 43
104 42 44
92 42 45
102 42 46
94 42 47
93 42 48
102 42 49
89 42 50
82 42 51
92 42 52
84 42 53
99 42 54
81 42 55
105 42 56
99 42 57
103 42 58
98 42 59
96 42 60
96 42 61
101 42 62
95 42 63
105 42 64
94 42 65
81 42 66
98 42 67
88 42 68
95 42 69
96 42 70
94 42 71
90 42 72
87 42 73
104 42 74
80 42 75
94 42 76
85 42 77
94 42 78
97 42 79
84 42 80
87 42 81
92 42 82
83 42 83
81 42 84
97 42 85
105 42 86
102 42 87
100 42 88
96 42 89
88 42 90
85 42 91
82 42 92
110 42 93
86 42 94
94 42 95
101 42 96
86 42 97
101 42 98
106 42 99
96 42 100
97 43 1
84 43 2
73 43 3
81 43 4
84 43 5
91 43 6
76 43 7
79 43 8
79 43 9
88 43 10
79 43 11
93 43 12
89 43 13
82 43 14
87 43 15
87 43 16
90 43 17
80 43 18
93 43 19
83 43 20
97 43 21
87 43 22
82 43 23
64 43 24
89 43 25
99 43 26
93 43 27
101 43 28
72 43 29
71 43 30
69 43 31
92 43 32
98 43 33
88 43 34
88 43 35
98 43 36
93 43 37
97 43 38
105 43 39
70 43 40
85 43 41
94 43 42
126 43 43
94 43 44
87 43 45
86 43 46
87 43 47
84 43 48
89 43 49
86 43 50
87 43 51
99 43 52
77 43 53
84 43 54
78 43 55
97 43 56
102 43 57
83 43 58
86 43 59
98 43 60
95 43 61
88 43 62
89 43 63
87 43 64
100 43 65
80 43 66
99 43 67
74 43 68
75 43 69
89 43 70
83 43 71
85 43 72
71 43 73
90 43 74
77 43 75
103 43 76
77 43 77
84 43 78
97 43 79
80 43 80
90 43 81
73 43 82
74 43 83
72 43 84
105 43 85
97 43 86
108 43 87
97 43 88
86 43 89
83 43 90
82 43 91
86 43 92
99 43 93
69 43 94
96 43 95
106 43 96
79 43 97
100 43 98
100 43 99
74 43 100
83 44 1
88 44 2
87 44 3
73 44 4
79 44 5
96 44 6
92 44 7
72 44 8
70 44 9
70 44 10
90 44 11
94 44 12
92 44 13
80 44 14
85 44 15
80 44 16
90 44 17
92 44 18
68 44 19
90 44 20
91 44 21
97 44 22
88 44 23
81 44 24
87 44 25
88 44 26
82 44 27
89 44 28
81 44 29
82 44 30
86 44 31
89 44 32
89 44 33
88 44 34
93 44 35
91 44 36
93 44 37
99 44 38
80 44 39
78 44 40
75 44 41
93 44 42
87 44 43
124 44 44
91 44 45
80 44 46
78 44 47
85 44 48
84 44 49
92 44 50
68 44 51
86 44 52
74 44 53
78 44 54
72 44 55
84 44 56
87 44 57
85 44 58
87 44 59
83 44 60
87 44 61
89 44 62
84 44 63
91 44 64
89 44 65
70 44 66
84 44 67
79 44 68
93 44 69
70 44 70
86 44 71
85 44 72
87 44 73
83 44 74
68 44 75
88 44 76
77 44 77
89 44 78
92 44 79
71 44 80
87 44 81
67 44 82
86 44 83
73 44 84
90 44 85
98 44 86
93 44 87
86 44 88
89 44 89
80 44 90
82 44 91
76 44 92
100 44 93
71 44 94
90 44 95
89 44 96
73 44 97
78 44 98
90 44 99
80 44 100
90 45 1
88 45 2
85 45 3
87 45 4
90 45 5
97 45 6
98 45 7
93 45 8
85 45 9
80 45 10
109 45 11
95 45 12
105 45 13
96 45 14
97 45 15
78 45 16
93 45 17
96 45 18
90 45 19
100 45 20
93 45 21
103 45 22
95 45 23
87 45 24
104 45 25
107 45 26
90 45 27
96 45 28
95 45 29
82 45 30
85 45 31
93 45 32
97 45 33
100 45 34
108 45 35
92 45 36
93 45 37
87 45 38
94 45 39
85 45 40
97 45 41
102 45 42
99 45 43
91 45 44
127 45 45
106 45 46
98 45 47
100 45 48
108 45 49
96 45 50
83 45 51
97 45 52
90 45 53
98 45 54
81 45 55
91 45 56
91 45 57
93 45 58
93 45 59
102 45 60
93 45 61
93 45 62
89 45 63
100 45 64
95 45 65
75 45 66
104 45 67
93 45 68
96 45 69
95 45 70
92 45 71
90 45 72
97 45 73
100 45 74
86 45 75
99 45 76
84 45 77
96 45 78
109 45 79
93 45 80
93 45 81
89 45 82
85 45 83
92 45 84
88 45 85
93 45 86
91 45 87
89 45 88
107 45 89
96 45 90
86 45 91
96 45 92
91 45 93
81 45 94
94 45 95
89 45 96
74 45 97
103 45 98
91 45 99
97 45 100
79 46 1
86 46 2
84 46 3
74 46 4
85 46 5
90 46 6
86 46 7
80 46 8
83 46 9
67 46 10
111 46 11
93 46 12
103 46 13
85 46 14
82 46 15
70 46 16
90 46 17
88 46 18
82 46 19
98 46 20
91 46 21
110 46 22
90 46 23
87 46 24
113 46 25
98 46 26
76 46 27
79 46 28
86 46 29
86 46 30
85 46 31
90 46 32
90 46 33
95 46 34
93 46 35
75 46 36
84 46 37
80 46 38
79 46 39
80 46 40
91 46 41
95 46 42
81 46 43
86 46 44
99 46 45
125 46 46
86 46 47
102 46 48
102 46 49
85 46 50
70 46 51
87 46 52
91 46 53
92 46 54
75 46 55
84 46 56
80 46 57
92 46 58
91 46 59
88 46 60
87 46 61
86 46 62
91 46 63
87 46 64
85 46 65
73 46 66
85 46 67
81 46 68
97 46 69
86 46 70
82 46 71
87 46 72
90 46 73
105 46 74
75 46 75
93 46 76
75 46 77
80 46 78
87 46 79
82 46 80
83 46 81
91 46 82
79 46 83
87 46 84
81 46 85
90 46 86
85 46 87
86 46 88
101 46 89
89 46 90
86 46 91
85 46 92
92 46 93
85 46 94
86 46 95
75 46 96
65 46 97
92 46 98
89 46 99
96 46 100
87 47 1
106 47 2
97 47 3
115 47 4
112 47 5
87 47 6
98 47 7
102 47 8
88 47 9
102 47 10
94 47 11
101 47 12
101 47 13
111 47 14
110 47 15
111 47 16
113 47 17
88 47 18
110 47 19
95 47 20
91 47 21
92 47 22
108 47 23
94 47 24
107 47 25
90 47 26
98 47 27
96 47 28
90 47 29
83 47 30
90 47 31
95 47 32
104 47 33
99 47 34
100 47 35
97 47 36
99 47 37
98 47 38
93 47 39
88 47 40
110 47 41
101 47 42
92 47 43
88 47 44
98 47 45
103 47 46
126 47 47
104 47 48
94 47 49
99 47 50
108 47 51
100 47 52
107 47 53
100 47 54
89 47 55
105 47 56
98 47 57
98 47 58
97 47 59
101 47 60
91 47 61
94 47 62
111 47 63
93 47 64
91 47 65
91 47 66
91 47 67
90 47 68
99 47 69
120 47 70
106 47 71
115 47 72
87 47 73
103 47 74
99 47 75
92 47 76
101 47 77
101 47 78
92 47 79
106 47 80
93 47 81
98 47 82
91 47 83
99 47 84
90 47 85
97 47 86
96 47 87
89 47 88
104 47 89
109 47 90
107 47 91
105 47 92
94 47 93
100 47 94
90 47 95
102 47 96
101 47 97
100 47 98
106 47 99
103 47 100
87 48 1
89 48 2
93 48 3
85 48 4
89 48 5
95 48 6
101 48 7
84 48 8
84 48 9
77 48 10
108 48 11
96 48 12
99 48 13
83 48 14
90 48 15
82 48 16
97 48 17
95 48 18
85 48 19
104 48 20
106 48 21
102 48 22
103 48 23
93 48 24
96 48 25
93 48 26
91 48 27
88 48 28
94 48 29
90 48 30
92 48 31
93 48 32
102 48 33
104 48 34
98 48 35
85 48 36
92 48 37
95 48 38
85 48 39
90 48 40
89 48 41
97 48 42
85 48 43
103 48 44
104 48 45
106 48 46
95 48 47
125 48 48
99 48 49
92 48 50
75 48 51
94 48 52
99 48 53
96 48 54
85 48 55
92 48 56
93 48 57
94 48 58
99 48 59
95 48 60
92 48 61
99 48 62
89 48 63
95 48 64
90 48 65
88 48 66
88 48 67
91 48 68
99 48 69
88 48 70
96 48 71
90 48 72
105 48 73
98 48 74
81 48 75
104 48 76
85 48 77
94 48 78
94 48 79
85 48 80
94 48 81
84 48 82
92 48 83
95 48 84
86 48 85
91 48 86
87 48 87
93 48 88
103 48 89
101 48 90
85 48 91
94 48 92
103 48 93
88 48 94
91 48 95
91 48 96
80 48 97
96 48 98
97 48 99
98 48 100
95 49 1
90 49 2
88 49 3
81 49 4
82 49 5
94 49 6
94 49 7
87 49 8
89 49 9
80 49 10
110 49 11
101 49 12
108 49 13
85 49 14
87 49 15
79 49 16
99 49 17
97 49 18
87 49 19
95 49 20
98 49 21
108 49 22
96 49 23
76 49 24
111 49 25
111 49 26
84 49 27
95 49 28
84 49 29
85 49 30
87 49 31
85 49 32
101 49 33
105 49 34
95 49 35
93 49 36
98 49 37
87 49 38
101 49 39
93 49 40
87 49 41
105 49 42
96 49 43
89 49 44
104 49 45
110 49 46
98 49 47
106 49 48
127 49 49
84 49 50
85 49 51
99 49 52
89 49 53
105 49 54
77 49 55
107 49 56
93 49 57
104 49 58
93 49 59
101 49 60
87 49 61
97 49 62
91 49 63
103 49 64
86 49 65
79 49 66
101 49 67
91 49 68
96 49 69
89 49 70
96 49 71
83 49 72
95 49 73
102 49 74
76 49 75
99 49 76
85 49 77
98 49 78
107 49 79
90 49 80
91 49 81
85 49 82
80 49 83
90 49 84
96 49 85
85 49 86
88 49 87
97 49 88
89 49 89
88 49 90
83 49 91
89 49 92
96 49 93
85 49 94
93 49 95
97 49 96
73 49 97
102 49 98
94 49 99
104 49 100
105 50 1
87 50 2
91 50 3
84 50 4
87 50 5
107 50 6
99 50 7
100 50 8
77 50 9
91 50 10
88 50 11
96 50 12
96 50 13
94 50 14
94 50 15
98 50 16
89 50 17
87 50 18
95 50 19
91 50 20
91 50 21
87 50 22
88 50 23
98 50 24
87 50 25
93 50 26
94 50 27
110 50 28
91 50 29
84 50 30
80 50 31
95 50 32
98 50 33
92 50 34
95 50 35
98 50 36
90 50 37
108 50 38
97 50 39
78 50 40
91 50 41
93 50 42
102 50 43
99 50 44
98 50 45
85 50 46
90 50 47
88 50 48
84 50 49
127 50 50
98 50 51
103 50 52
88 50 53
83 50 54
90 50 55
86 50 56
108 50 57
91 50 58
83 50 59
103 50 60
104 50 61
94 50 62
97 50 63
89 50 64
98 50 65
87 50 66
104 50 67
73 50 68
88 50 69
93 50 70
80 50 71
93 50 72
83 50 73
86 50 74
93 50 75
100 50 76
99 50 77
83 50 78
98 50 79
89 50 80
104 50 81
88 50 82
89 50 83
87 50 84
108 50 85
110 50 86
105 50 87
105 50 88
96 50 89
91 50 90
92 50 91
88 50 92
92 50 93
85 50 94
106 50 95
96 50 96
96 50 97
90 50 98
104 50 99
81 50 100
88 51 1
82 51 2
88 51 3
105 51 4
98 51 5
84 51 6
86 51 7
103 51 8
85 51 9
104 51 10
64 51 11
78 51 12
76 51 13
98 51 14
90 51 15
114 51 16
86 51 17
74 51 18
108 51 19
76 51 20
82 51 21
64 51 22
87 51 23
89 51 24
75 51 25
72 51 26
90 51 27
94 51 28
84 51 29
75 51 30
77 51 31
83 51 32
85 51 33
75 51 34
83 51 35
92 51 36
84 51 37
86 51 38
84 51 39
77 51 40
97 51 41
67 51 42
88 51 43
68 51 44
78 51 45
74 51 46
96 51 47
77 51 48
72 51 49
98 51 50
127 51 51
92 51 52
94 51 53
88 51 54
91 51 55
90 51 56
89 51 57
81 51 58
78 51 59
90 51 60
78 51 61
82 51 62
93 51 63
74 51 64
87 51 65
97 51 66
88 51 67
81 51 68
76 51 69
104 51 70
84 51 71
94 51 72
82 51 73
70 51 74
101 51 75
68 51 76
99 51 77
90 51 78
72 51 79
106 51 80
90 51 81
85 51 82
82 51 83
92 51 84
86 51 85
80 51 86
84 51 87
91 51 88
79 51 89
96 51 90
101 51 91
99 51 92
68 51 93
92 51 94
86 51 95
90 51 96
98 51 97
83 51 98
85 51 99
80 51 100
103 52 1
81 52 2
84 52 3
82 52 4
79 52 5
97 52 6
76 52 7
93 52 8
75 52 9
85 52 10
80 52 11
88 52 12
99 52 13
88 52 14
83 52 15
93 52 16
99 52 17
93 52 18
96 52 19
88 52 20
95 52 21
89 52 22
98 52 23
74 52 24
90 52 25
93 52 26
92 52 27
94 52 28
74 52 29
81 52 30
72 52 31
99 52 32
104 52 33
94 52 34
91 52 35
97 52 36
96 52 37
97 52 38
94 52 39
81 52 40
87 52 41
92 52 42
105 52 43
90 52 44
91 52 45
94 52 46
91 52 47
84 52 48
97 52 49
98 52 50
98 52 51
126 52 52
86 52 53
93 52 54
81 52 55
102 52 56
94 52 57
94 52 58
84 52 59
96 52 60
102 52 61
93 52 62
98 52 63
87 52 64
98 52 65
86 52 66
98 52 67
71 52 68
71 52 69
93 52 70
80 52 71
85 52 72
78 52 73
85 52 74
87 52 75
94 52 76
85 52 77
83 52 78
89 52 79
85 52 80
92 52 81
85 52 82
76 52 83
74 52 84
109 52 85
95 52 86
101 52 87
103 52 88
91 52 89
86 52 90
79 52 91
85 52 92
92 52 93
86 52 94
104 52 95
98 52 96
84 52 97
98 52 98
102 52 99
85 52 100
92 53 1
85 53 2
98 53 3
106 53 4
105 53 5
88 53 6
95 53 7
93 53 8
90 53 9
91 53 10
90 53 11
86 53 12
91 53 13
104 53 14
104 53 15
106 53 16
89 53 17
87 53 18
103 53 19
99 53 20
93 53 21
89 53 22
104 53 23
94 53 24
90 53 25
85 53 26
98 53 27
82 53 28
98 53 29
83 53 30
91 53 31
85 53 32
92 53 33
88 53 34
96 53 35
84 53 36
87 53 37
85 53 38
76 53 39
89 53 40
114 53 41
87 53 42
83 53 43
79 53 44
98 53 45
102 53 46
105 53 47
102 53 48
90 53 49
95 53 50
104 53 51
88 53 52
128 53 53
96 53 54
85 53 55
89 53 56
93 53 57
95 53 58
95 53 59
85 53 60
89 53 61
89 53 62
89 53 63
89 53 64
81 53 65
93 53 66
76 53 67
87 53 68
90 53 69
106 53 70
93 53 71
104 53 72
96 53 73
86 53 74
88 53 75
82 53 76
93 53 77
96 53 78
85 53 79
110 53 80
88 53 81
85 53 82
94 53 83
102 53 84
86 53 85
82 53 86
81 53 87
89 53 88
102 53 89
111 53 90
98 53 91
104 53 92
87 53 93
94 53 94
89 53 95
80 53 96
87 53 97
100 53 98
90 53 99
92 53 100
77 54 1
93 54 2
81 54 3
81 54 4
83 54 5
78 54 6
77 54 7
83 54 8
84 54 9
89 54 10
92 54 11
86 54 12
95 54 13
82 54 14
71 54 15
79 54 16
90 54 17
96 54 18
79 54 19
93 54 20
82 54 21
87 54 22
95 54 23
73 54 24
88 54 25
97 54 26
68 54 27
86 54 28
74 54 29
78 54 30
79 54 31
77 54 32
82 54 33
96 54 34
93 54 35
97 54 36
103 54 37
73 54 38
83 54 39
84 54 40
74 54 41
91 54 42
83 54 43
85 54 44
78 54 45
96 54 46
81 54 47
84 54 48
95 54 49
76 54 50
84 54 51
89 54 52
80 54 53
125 54 54
75 54 55
108 54 56
86 54 57
97 54 58
104 54 59
92 54 60
72 54 61
97 54 62
79 54 63
99 54 64
80 54 65
80 54 66
84 54 67
86 54 68
81 54 69
81 54 70
88 54 71
78 54 72
88 54 73
80 54 74
78 54 75
77 54 76
82 54 77
95 54 78
82 54 79
76 54 80
82 54 81
80 54 82
65 54 83
81 54 84
80 54 85
83 54 86
83 54 87
92 54 88
75 54 89
82 54 90
79 54 91
89 54 92
93 54 93
78 54 94
88 54 95
93 54 96
72 54 97
88 54 98
86 54 99
89 54 100
97 55 1
86 55 2
97 55 3
95 55 4
94 55 5
94 55 6
97 55 7
107 55 8
116 55 9
112 55 10
79 55 11
81 55 12
80 55 13
96 55 14
91 55 15
99 55 16
85 55 17
87 55 18
87 55 19
93 55 20
86 55 21
79 55 22
85 55 23
115 55 24
84 55 25
85 55 26
89 55 27
96 55 28
111 55 29
110 55 30
107 55 31
94 55 32
86 55 33
86 55 34
95 55 35
89 55 36
87 55 37
89 55 38
90 55 39
110 55 40
85 55 41
80 55 42
89 55 43
82 55 44
85 55 45
84 55 46
82 55 47
87 55 48
82 55 49
94 55 50
103 55 51
90 55 52
98 55 53
90 55 54
128 55 55
82 55 56
86 55 57
92 55 58
96 55 59
95 55 60
91 55 61
91 55 62
88 55 63
87 55 64
85 55 65
117 55 66
94 55 67
109 55 68
94 55 69
92 55 70
84 55 71
93 55 72
101 55 73
87 55 74
119 55 75
90 55 76
112 55 77
90 55 78
85 55 79
100 55 80
95 55 81
111 55 82
110 55 83
112 55 84
86 55 85
85 55 86
88 55 87
90 55 88
88 55 89
86 55 90
90 55 91
92 55 92
84 55 93
113 55 94
86 55 95
86 55 96
111 55 97
84 55 98
83 55 99
86 55 100
88 56 1
103 56 2
77 56 3
91 56 4
93 56 5
80 56 6
77 56 7
85 56 8
82 56 9
94 56 10
102 56 11
104 56 12
105 56 13
87 56 14
85 56 15
90 56 16
106 56 17
102 56 18
95 56 19
89 56 20
92 56 21
97 56 22
98 56 23
71 56 24
107 56 25
107 56 26
82 56 27
92 56 28
73 56 29
90 56 30
88 56 31
88 56 32
95 56 33
104 56 34
94 56 35
104 56 36
106 56 37
88 56 38
101 56 39
91 56 40
88 56 41
108 56 42
103 56 43
98 56 44
87 56 45
102 56 46
99 56 47
92 56 48
103 56 49
77 56 50
89 56 51
97 56 52
81 56 53
110 56 54
79 56 55
126 56 56
96 56 57
103 56 58
99 56 59
94 56 60
90 56 61
100 56 62
94 56 63
106 56 64
95 56 65
82 56 66
95 56 67
92 56 68
92 56 69
100 56 70
100 56 71
86 56 72
87 56 73
99 56 74
83 56 75
92 56 76
82 56 77
97 56 78
94 56 79
85 56 80
87 56 81
84 56 82
74 56 83
82 56 84
98 56 85
94 56 86
92 56 87
93 56 88
79 56 89
88 56 90
88 56 91
87 56 92
106 56 93
78 56 94
92 56 95
108 56 96
80 56 97
97 56 98
99 56 99
102 56 100
98 57 1
93 57 2
80 57 3
91 57 4
86 57 5
106 57 6
91 57 7
95 57 8
84 57 9
95 57 10
82 57 11
96 57 12
86 57 13
82 57 14
89 57 15
96 57 16
91 57 17
93 57 18
94 57 19
90 57 20
98 57 21
90 57 22
90 57 23
85 57 24
85 57 25
96 57 26
90 57 27
105 57 28
85 57 29
78 57 30
76 57 31
93 57 32
97 57 33
82 57 34
94 57 35
106 57 36
94 57 37
102 57 38
104 57 39
79 57 40
89 57 41
95 57 42
109 57 43
104 57 44
90 57 45
85 57 46
91 57 47
88 57 48
93 57 49
105 57 50
93 57 51
97 57 52
89 57 53
90 57 54
84 57 55
94 57 56
127 57 57
88 57 58
91 57 59
100 57 60
96 57 61
102 57 62
82 57 63
90 57 64
99 57 65
89 57 66
103 57 67
82 57 68
85 57 69
89 57 70
94 57 71
80 57 72
81 57 73
79 57 74
82 57 75
100 57 76
95 57 77
101 57 78
98 57 79
94 57 80
98 57 81
67 57 82
90 57 83
87 57 84
103 57 85
103 57 86
97 57 87
110 57 88
93 57 89
89 57 90
82 57 91
90 57 92
104 57 93
76 57 94
95 57 95
105 57 96
83 57 97
93 57 98
99 57 99
87 57 100
94 58 1
90 58 2
82 58 3
80 58 4
89 58 5
93 58 6
87 58 7
83 58 8
84 58 9
84 58 10
95 58 11
87 58 12
101 58 13
92 58 14
81 58 15
79 58 16
96 58 17
93 58 18
84 58 19
87 58 20
86 58 21
94 58 22
96 58 23
83 58 24
96 58 25
103 58 26
76 58 27
85 58 28
82 58 29
86 58 30
81 58 31
77 58 32
94 58 33
94 58 34
99 58 35
99 58 36
96 58 37
80 58 38
84 58 39
91 58 40
80 58 41
91 58 42
82 58 43
88 58 44
94 58 45
97 58 46
90 58 47
92 58 48
98 58 49
84 58 50
85 58 51
92 58 52
90 58 53
104 58 54
84 58 55
97 58 56
86 58 57
127 58 58
105 58 59
93 58 60
92 58 61
90 58 62
81 58 63
99 58 64
86 58 65
82 58 66
87 58 67
86 58 68
84 58 69
90 58 70
89 58 71
87 58 72
85 58 73
89 58 74
77 58 75
86 58 76
90 58 77
91 58 78
89 58 79
92 58 80
87 58 81
80 58 82
81 58 83
86 58 84
88 58 85
90 58 86
85 58 87
99 58 88
83 58 89
94 58 90
86 58 91
84 58 92
91 58 93
77 58 94
83 58 95
83 58 96
77 58 97
90 58 98
94 58 99
96 58 100
85 59 1
92 59 2
78 59 3
91 59 4
95 59 5
74 59 6
85 59 7
81 59 8
85 59 9
95 59 10
93 59 11
76 59 12
99 59 13
87 59 14
83 59 15
88 59 16
107 59 17
82 59 18
92 59 19
96 59 20
87 59 21
85 59 22
101 59 23
83 59 24
89 59 25
93 59 26
80 59 27
79 59 28
86 59 29
81 59 30
89 59 31
75 59 32
98 59 33
103 59 34
104 59 35
99 59 36
105 59 37
72 59 38
79 59 39
90 59 40
86 59 41
88 59 42
86 59 43
94 59 44
84 59 45
94 59 46
84 59 47
91 59 48
88 59 49
82 59 50
84 59 51
82 59 52
94 59 53
104 59 54
85 59 55
102 59 56
88 59 57
95 59 58
127 59 59
88 59 60
78 59 61
102 59 62
84 59 63
91 59 64
87 59 65
89 59 66
85 59 67
85 59 68
82 59 69
99 59 70
91 59 71
82 59 72
84 59 73
93 59 74
83 59 75
85 59 76
82 59 77
97 59 78
88 59 79
88 59 80
83 59 81
82 59 82
78 59 83
94 59 84
80 59 85
84 59 86
89 59 87
90 59 88
91 59 89
92 59 90
90 59 91
91 59 92
92 59 93
76 59 94
87 59 95
94 59 96
78 59 97
89 59 98
90 59 99
97 59 100
92 60 1
76 60 2
86 60 3
80 60 4
85 60 5
101 60 6
85 60 7
90 60 8
88 60 9
98 60 10
77 60 11
92 60 12
85 60 13
89 60 14
87 60 15
87 60 16
82 60 17
69 60 18
83 60 19
88 60 20
86 60 21
87 60 22
87 60 23
84 60 24
86 60 25
91 60 26
86 60 27
113 60 28
85 60 29
77 60 30
75 60 31
90 60 32
92 60 33
87 60 34
77 60 35
93 60 36
81 60 37
100 60 38
94 60 39
79 60 40
80 60 41
89 60 42
98 60 43
82 60 44
85 60 45
85 60 46
86 60 47
91 60 48
88 60 49
103 60 50
91 60 51
96 60 52
83 60 53
85 60 54
93 60 55
82 60 56
98 60 57
88 60 58
84 60 59
122 60 60
87 60 61
86 60 62
85 60 63
81 60 64
89 60 65
86 60 66
96 60 67
81 60 68
83 60 69
88 60 70
73 60 71
80 60 72
79 60 73
82 60 74
86 60 75
99 60 76
93 60 77
82 60 78
89 60 79
81 60 80
88 60 81
84 60 82
82 60 83
82 60 84
89 60 85
94 60 86
98 60 87
102 60 88
84 60 89
80 60 90
81 60 91
86 60 92
88 60 93
88 60 94
96 60 95
96 60 96
93 60 97
91 60 98
92 60 99
83 60 100
103 61 1
71 61 2
78 61 3
72 61 4
75 61 5
99 61 6
84 61 7
83 61 8
74 61 9
69 61 10
87 61 11
88 61 12
92 61 13
88 61 14
79 61 15
86 61 16
78 61 17
84 61 18
90 61 19
80 61 20
95 61 21
93 61 22
77 61 23
79 61 24
79 61 25
90 61 26
95 61 27
93 61 28
80 61 29
83 61 30
75 61 31
83 61 32
92 61 33
88 61 34
75 61 35
84 61 36
71 61 37
99 61 38
97 61 39
77 61 40
81 61 41
85 61 42
93 61 43
88 61 44
88 61 45
80 61 46
81 61 47
85 61 48
87 61 49
92 61 50
80 61 51
93 61 52
77 61 53
77 61 54
83 61 55
82 61 56
93 61 57
86 61 58
66 61 59
95 61 60
127 61 61
82 61 62
90 61 63
71 61 64
96 61 65
81 61 66
90 61 67
69 61 68
79 61 69
79 61 70
72 61 71
80 61 72
77 61 73
79 61 74
80 61 75
101 61 76
82 61 77
66 61 78
93 61 79
77 61 80
101 61 81
85 61 82
89 61 83
71 61 84
105 61 85
98 61 86
98 61 87
91 61 88
81 61 89
75 61 90
75 61 91
73 61 92
88 61 93
87 61 94
94 61 95
85 61 96
90 61 97
91 61 98
87 61 99
85 61 100
94 62 1
99 62 2
103 62 3
90 62 4
96 62 5
96 62 6
97 62 7
98 62 8
96 62 9
103 62 10
103 62 11
108 62 12
108 62 13
94 62 14
95 62 15
97 62 16
106 62 17
99 62 18
96 62 19
104 62 20
95 62 21
107 62 22
110 62 23
90 62 24
105 62 25
104 62 26
95 62 27
100 62 28
94 62 29
95 62 30
93 62 31
96 62 32
106 62 33
103 62 34
109 62 35
113 62 36
111 62 37
98 62 38
102 62 39
97 62 40
92 62 41
105 62 42
106 62 43
103 62 44
95 62 45
104 62 46
97 62 47
100 62 48
106 62 49
99 62 50
100 62 51
110 62 52
99 62 53
110 62 54
92 62 55
111 62 56
105 62 57
107 62 58
107 62 59
104 62 60
91 62 61
126 62 62
94 62 63
107 62 64
96 62 65
95 62 66
101 62 67
92 62 68
100 62 69
100 62 70
93 62 71
98 62 72
95 62 73
102 62 74
92 62 75
107 62 76
95 62 77
109 62 78
99 62 79
96 62 80
93 62 81
98 62 82
86 62 83
97 62 84
100 62 85
98 62 86
105 62 87
105 62 88
95 62 89
94 62 90
91 62 91
102 62 92
101 62 93
96 62 94
104 62 95
105 62 96
88 62 97
107 62 98
108 62 99
104 62 100
81 63 1
91 63 2
89 63 3
105 63 4
105 63 5
86 63 6
86 63 7
87 63 8
83 63 9
79 63 10
83 63 11
88 63 12
91 63 13
109 63 14
95 63 15
104 63 16
98 63 17
87 63 18
115 63 19
83 63 20
88 63 21
91 63 22
91 63 23
81 63 24
89 63 25
86 63 26
100 63 27
84 63 28
79 63 29
78 63 30
81 63 31
92 63 32
96 63 33
94 63 34
91 63 35
81 63 36
86 63 37
88 63 38
87 63 39
77 63 40
114 63 41
88 63 42
89 63 43
81 63 44
87 63 45
95 63 46
107 63 47
86 63 48
82 63 49
82 63 50
97 63 51
93 63 52
94 63 53
87 63 54
77 63 55
85 63 56
78 63 57
78 63 58
85 63 59
83 63 60
90 63 61
82 63 62
128 63 63
84 63 64
92 63 65
76 63 66
85 63 67
82 63 68
85 63 69
101 63 70
105 63 71
105 63 72
79 63 73
93 63 74
88 63 75
84 63 76
85 63 77
85 63 78
89 63 79
102 63 80
90 63 81
94 63 82
82 63 83
81 63 84
92 63 85
84 63 86
92 63 87
79 63 88
103 63 89
108 63 90
111 63 91
97 63 92
85 63 93
88 63 94
86 63 95
85 63 96
89 63 97
94 63 98
91 63 99
83 63 100
84 64 1
95 64 2
73 64 3
81 64 4
79 64 5
85 64 6
76 64 7
79 64 8
85 64 9
84 64 10
90 64 11
94 64 12
79 64 13
74 64 14
80 64 15
74 64 16
82 64 17
100 64 18
80 64 19
85 64 20
77 64 21
86 64 22
94 64 23
77 64 24
89 64 25
99 64 26
77 64 27
80 64 28
71 64 29
90 64 30
79 64 31
75 64 32
83 64 33
82 64 34
94 64 35
99 64 36
103 64 37
79 64 38
89 64 39
91 64 40
80 64 41
92 64 42
90 64 43
84 64 44
83 64 45
89 64 46
84 64 47
77 64 48
94 64 49
80 64 50
76 64 51
89 64 52
79 64 53
99 64 54
80 64 55
92 64 56
84 64 57
99 64 58
88 64 59
78 64 60
76 64 61
85 64 62
82 64 63
126 64 64
84 64 65
83 64 66
89 64 67
94 64 68
89 64 69
79 64 70
99 64 71
81 64 72
90 64 73
86 64 74
74 64 75
81 64 76
88 64 77
96 64 78
93 64 79
76 64 80
81 64 81
75 64 82
81 64 83
77 64 84
91 64 85
77 64 86
85 64 87
90 64 88
80 64 89
82 64 90
84 64 91
80 64 92
94 64 93
81 64 94
89 64 95
89 64 96
78 64 97
92 64 98
87 64 99
81 64 100
99 65 1
91 65 2
85 65 3
79 65 4
81 65 5
94 65 6
84 65 7
94 65 8
80 65 9
91 65 10
87 65 11
91 65 12
92 65 13
82 65 14
73 65 15
80 65 16
98 65 17
102 65 18
89 65 19
96 65 20
101 65 21
95 65 22
95 65 23
84 65 24
90 65 25
97 65 26
94 65 27
101 65 28
80 65 29
90 65 30
82 65 31
103 65 32
103 65 33
89 65 34
93 65 35
106 65 36
99 65 37
102 65 38
107 65 39
88 65 40
82 65 41
91 65 42
104 65 43
95 65 44
86 65 45
88 65 46
85 65 47
83 65 48
89 65 49
95 65 50
90 65 51
103 65 52
76 65 53
91 65 54
91 65 55
96 65 56
97 65 57
88 65 58
86 65 59
98 65 60
99 65 61
91 65 62
91 65 63
92 65 64
125 65 65
88 65 66
108 65 67
85 65 68
83 65 69
88 65 70
85 65 71
80 65 72
81 65 73
90 65 74
91 65 75
101 65 76
87 65 77
83 65 78
95 65 79
79 65 80
100 65 81
87 65 82
87 65 83
82 65 84
107 65 85
109 65 86
101 65 87
105 65 88
90 65 89
79 65 90
88 65 91
89 65 92
86 65 93
89 65 94
106 65 95
101 65 96
86 65 97
96 65 98
91 65 99
88 65 100
87 66 1
77 66 2
93 66 3
96 66 4
86 66 5
88 66 6
88 66 7
96 66 8
106 66 9
112 66 10
71 66 11
77 66 12
66 66 13
79 66 14
88 66 15
98 66 16
74 66 17
83 66 18
84 66 19
85 66 20
78 66 21
67 66 22
90 66 23
103 66 24
73 66 25
70 66 26
90 66 27
81 66 28
99 66 29
96 66 30
96 66 31
84 66 32
74 66 33
75 66 34
76 66 35
77 66 36
73 66 37
81 66 38
76 66 39
98 66 40
82 66 41
71 66 42
79 66 43
74 66 44
71 66 45
73 66 46
79 66 47
82 66 48
71 66 49
91 66 50
100 66 51
86 66 52
98 66 53
84 66 54
109 66 55
77 66 56
82 66 57
83 66 58
85 66 59
84 66 60
82 66 61
82 66 62
71 66 63
84 66 64
78 66 65
127 66 66
79 66 67
93 66 68
83 66 69
90 66 70
78 66 71
80 66 72
95 66 73
75 66 74
104 66 75
71 66 76
102 66 77
81 66 78
66 66 79
89 66 80
80 66 81
102 66 82
100 66 83
100 66 84
78 66 85
75 66 86
78 66 87
90 66 88
79 66 89
86 66 90
80 66 91
86 66 92
75 66 93
106 66 94
83 66 95
81 66 96
111 66 97
76 66 98
78 66 99
78 66 100
102 67 1
95 67 2
86 67 3
83 67 4
84 67 5
95 67 6
92 67 7
98 67 8
84 67 9
92 67 10
100 67 11
90 67 12
96 67 13
86 67 14
80 67 15
86 67 16
97 67 17
100 67 18
92 67 19
96 67 20
100 67 21
93 67 22
93 67 23
92 67 24
95 67 25
103 67 26
82 67 27
95 67 28
91 67 29
88 67 30
84 67 31
97 67 32
102 67 33
90 67 34
102 67 35
102 67 36
97 67 37
88 67 38
109 67 39
84 67 40
81 67 41
95 67 42
100 67 43
94 67 44
95 67 45
91 67 46
83 67 47
87 67 48
100 67 49
94 67 50
95 67 51
98 67 52
81 67 53
97 67 54
89 67 55
99 67 56
97 67 57
96 67 58
91 67 59
97 67 60
100 67 61
95 67 62
88 67 63
99 67 64
101 67 65
90 67 66
123 67 67
103 67 68
85 67 69
82 67 70
91 67 71
84 67 72
86 67 73
86 67 74
94 67 75
97 67 76
98 67 77
97 67 78
103 67 79
89 67 80
113 67 81
87 67 82
91 67 83
92 67 84
100 67 85
100 67 86
98 67 87
107 67 88
87 67 89
81 67 90
83 67 91
90 67 92
90 67 93
95 67 94
104 67 95
99 67 96
82 67 97
92 67 98
83 67 99
91 67 100
80 68 1
84 68 2
86 68 3
87 68 4
85 68 5
82 68 6
84 68 7
91 68 8
104 68 9
95 68 10
79 68 11
77 68 12
65 68 13
85 68 14
78 68 15
82 68 16
68 68 17
89 68 18
78 68 19
79 68 20
76 68 21
75 68 22
72 68 23
99 68 24
74 68 25
79 68 26
77 68 27
80 68 28
101 68 29
99 68 30
93 68 31
88 68 32
66 68 33
70 68 34
76 68 35
77 68 36
78 68 37
69 68 38
86 68 39
101 68 40
78 68 41
73 68 42
71 68 43
75 68 44
74 68 45
75 68 46
70 68 47
78 68 48
75 68 49
71 68 50
89 68 51
69 68 52
82 68 53
83 68 54
101 68 55
79 68 56
71 68 57
84 68 58
79 68 59
78 68 60
71 68 61
74 68 62
72 68 63
94 68 64
72 68 65
96 68 66
86 68 67
127 68 68
87 68 69
72 68 70
88 68 71
74 68 72
100 68 73
72 68 74
95 68 75
69 68 76
100 68 77
98 68 78
81 68 79
86 68 80
84 68 81
89 68 82
100 68 83
96 68 84
68 68 85
71 68 86
67 68 87
85 68 88
67 68 89
78 68 90
87 68 91
83 68 92
77 68 93
97 68 94
82 68 95
80 68 96
90 68 97
74 68 98
61 68 99
77 68 100
79 69 1
104 69 2
89 69 3
97 69 4
93 69 5
84 69 6
95 69 7
80 69 8
96 69 9
86 69 10
96 69 11
99 69 12
85 69 13
89 69 14
100 69 15
83 69 16
75 69 17
78 69 18
83 69 19
92 69 20
72 69 21
88 69 22
82 69 23
95 69 24
95 69 25
87 69 26
87 69 27
86 69 28
96 69 29
85 69 30
94 69 31
88 69 32
67 69 33
85 69 34
83 69 35
71 69 36
76 69 37
86 69 38
73 69 39
86 69 40
93 69 41
89 69 42
77 69 43
87 69 44
94 69 45
92 69 46
89 69 47
97 69 48
92 69 49
86 69 50
77 69 51
70 69 52
86 69 53
84 69 54
85 69 55
83 69 56
82 69 57
83 69 58
83 69 59
86 69 60
72 69 61
85 69 62
83 69 63
96 69 64
76 69 65
80 69 66
76 69 67
96 69 68
126 69 69
80 69 70
96 69 71
89 69 72
97 69 73
96 69 74
81 69 75
82 69 76
84 69 77
91 69 78
90 69 79
85 69 80
77 69 81
87 69 82
92 69 83
86 69 84
75 69 85
80 69 86
78 69 87
68 69 88
93 69 89
92 69 90
93 69 91
86 69 92
92 69 93
85 69 94
73 69 95
83 69 96
88 69 97
86 69 98
86 69 99
91 69 100
91 70 1
84 70 2
82 70 3
105 70 4
103 70 5
73 70 6
74 70 7
89 70 8
80 70 9
103 70 10
75 70 11
86 70 12
91 70 13
93 70 14
97 70 15
103 70 16
105 70 17
79 70 18
108 70 19
83 70 20
81 70 21
76 70 22
104 70 23
82 70 24
88 70 25
85 70 26
89 70 27
84 70 28
79 70 29
77 70 30
85 70 31
78 70 32
94 70 33
94 70 34
90 70 35
95 70 36
95 70 37
77 70 38
81 70 39
82 70 40
104 70 41
87 70 42
90 70 43
76 70 44
80 70 45
91 70 46
108 70 47
86 70 48
82 70 49
90 70 50
103 70 51
93 70 52
103 70 53
94 70 54
85 70 55
102 70 56
88 70 57
87 70 58
99 70 59
87 70 60
84 70 61
91 70 62
94 70 63
85 70 64
87 70 65
94 70 66
84 70 67
76 70 68
79 70 69
127 70 70
89 70 71
91 70 72
76 70 73
88 70 74
91 70 75
76 70 76
90 70 77
86 70 78
78 70 79
99 70 80
74 70 81
84 70 82
78 70 83
90 70 84
83 70 85
86 70 86
87 70 87
90 70 88
90 70 89
97 70 90
93 70 91
92 70 92
75 70 93
86 70 94
82 70 95
91 70 96
90 70 97
97 70 98
94 70 99
93 70 100
77 71 1
104 71 2
80 71 3
106 71 4
100 71 5
77 71 6
80 71 7
77 71 8
86 71 9
80 71 10
84 71 11
86 71 12
81 71 13
86 71 14
93 71 15
94 71 16
89 71 17
92 71 18
105 71 19
79 71 20
82 71 21
78 71 22
90 71 23
77 71 24
87 71 25
86 71 26
91 71 27
77 71 28
72 71 29
82 71 30
81 71 31
86 71 32
86 71 33
83 71 34
91 71 35
80 71 36
97 71 37
77 71 38
87 71 39
85 71 40
97 71 41
88 71 42
89 71 43
87 71 44
83 71 45
86 71 46
103 71 47
79 71 48
84 71 49
67 71 50
85 71 51
76 71 52
85 71 53
93 71 54
71 71 55
92 71 56
82 71 57
86 71 58
91 71 59
69 71 60
70 71 61
79 71 62
102 71 63
102 71 64
85 71 65
76 71 66
80 71 67
90 71 68
89 71 69
89 71 70
127 71 71
96 71 72
85 71 73
92 71 74
77 71 75
75 71 76
86 71 77
93 71 78
96 71 79
95 71 80
78 71 81
74 71 82
79 71 83
83 71 84
85 71 85
72 71 86
82 71 87
74 71 88
89 71 89
99 71 90
103 71 91
97 71 92
93 71 93
70 71 94
77 71 95
84 71 96
79 71 97
87 71 98
85 71 99
83 71 100
76 72 1
94 72 2
91 72 3
97 72 4
94 72 5
80 72 6
94 72 7
82 72 8
76 72 9
75 72 10
85 72 11
90 72 12
83 72 13
102 72 14
103 72 15
94 72 16
89 72 17
84 72 18
91 72 19
86 72 20
81 72 21
87 72 22
91 72 23
87 72 24
91 72 25
74 72 26
95 72 27
75 72 28
83 72 29
85 72 30
86 72 31
88 72 32
80 72 33
82 72 34
86 72 35
83 72 36
87 72 37
90 72 38
75 72 39
79 72 40
99 72 41
83 72 42
81 72 43
83 72 44
90 72 45
88 72 46
106 72 47
88 72 48
80 72 49
81 72 50
92 72 51
86 72 52
90 72 53
83 72 54
78 72 55
83 72 56
83 72 57
86 72 58
75 72 59
72 72 60
82 72 61
74 72 62
98 72 63
91 72 64
82 72 65
71 72 66
68 72 67
78 72 68
95 72 69
92 72 70
103 72 71
127 72 72
84 72 73
88 72 74
85 72 75
85 72 76
83 72 77
91 72 78
75 72 79
88 72 80
81 72 81
85 72 82
87 72 83
79 72 84
85 72 85
90 72 86
84 72 87
71 72 88
91 72 89
102 72 90
103 72 91
98 72 92
90 72 93
83 72 94
82 72 95
84 72 96
88 72 97
89 72 98
92 72 99
95 72 100
79 73 1
84 73 2
92 73 3
87 73 4
83 73 5
83 73 6
96 73 7
82 73 8
106 73 9
87 73 10
95 73 11
89 73 12
79 73 13
86 73 14
90 73 15
84 73 16
80 73 17
94 73 18
71 73 19
92 73 20
80 73 21
92 73 22
80 73 23
107 73 24
87 73 25
90 73 26
80 73 27
77 73 28
107 73 29
115 73 30
111 73 31
83 73 32
75 73 33
83 73 34
86 73 35
76 73 36
80 73 37
87 73 38
77 73 39
109 73 40
88 73 41
88 73 42
74 73 43
87 73 44
94 73 45
89 73 46
83 73 47
94 73 48
87 73 49
78 73 50
80 73 51
75 73 52
90 73 53
88 73 54
102 73 55
81 73 56
72 73 57
86 73 58
87 73 59
84 73 60
84 73 61
85 73 62
77 73 63
95 73 64
75 73 65
95 73 66
78 73 67
108 73 68
98 73 69
79 73 70
88 73 71
86 73 72
128 73 73
85 73 74
97 73 75
80 73 76
84 73 77
91 73 78
86 73 79
92 73 80
80 73 81
98 73 82
103 73 83
99 73 84
74 73 85
71 73 86
67 73 87
71 73 88
84 73 89
91 73 90
86 73 91
78 73 92
89 73 93
95 73 94
71 73 95
73 73 96
92 73 97
79 73 98
77 73 99
91 73 100
86 74 1
95 74 2
95 74 3
83 74 4
88 74 5
85 74 6
85 74 7
78 74 8
90 74 9
76 74 10
104 74 11
100 74 12
105 74 13
84 74 14
90 74 15
73 74 16
89 74 17
84 74 18
91 74 19
87 74 20
98 74 21
105 74 22
85 74 23
74 74 24
113 74 25
95 74 26
97 74 27
83 74 28
79 74 29
88 74 30
89 74 31
89 74 32
97 74 33
101 74 34
91 74 35
82 74 36
97 74 37
84 74 38
94 74 39
89 74 40
89 74 41
97 74 42
95 74 43
86 74 44
91 74 45
104 74 46
98 74 47
97 74 48
107 74 49
76 74 50
76 74 51
87 74 52
86 74 53
84 74 54
81 74 55
89 74 56
83 74 57
94 74 58
91 74 59
83 74 60
86 74 61
86 74 62
101 74 63
90 74 64
87 74 65
78 74 66
86 74 67
79 74 68
98 74 69
86 74 70
97 74 71
91 74 72
82 74 73
127 74 74
77 74 75
105 74 76
81 74 77
79 74 78
101 74 79
80 74 80
88 74 81
92 74 82
79 74 83
84 74 84
94 74 85
90 74 86
98 74 87
83 74 88
102 74 89
88 74 90
91 74 91
92 74 92
95 74 93
85 74 94
92 74 95
87 74 96
80 74 97
97 74 98
97 74 99
96 74 100
85 75 1
87 75 2
90 75 3
95 75 4
91 75 5
87 75 6
89 75 7
104 75 8
110 75 9
114 75 10
80 75 11
78 75 12
81 75 13
94 75 14
92 75 15
97 75 16
91 75 17
84 75 18
91 75 19
79 75 20
87 75 21
73 75 22
86 75 23
110 75 24
80 75 25
76 75 26
91 75 27
94 75 28
98 75 29
101 75 30
103 75 31
93 75 32
88 75 33
87 75 34
91 75 35
85 75 36
84 75 37
94 75 38
90 75 39
100 75 40
89 75 41
80 75 42
86 75 43
78 75 44
80 75 45
82 75 46
90 75 47
85 75 48
78 75 49
89 75 50
101 75 51
90 75 52
91 75 53
87 75 54
117 75 55
86 75 56
83 75 57
79 75 58
92 75 59
91 75 60
85 75 61
86 75 62
90 75 63
83 75 64
88 75 65
113 75 66
94 75 67
103 75 68
85 75 69
96 75 70
87 75 71
95 75 72
92 75 73
85 75 74
127 75 75
85 75 76
104 75 77
89 75 78
78 75 79
94 75 80
87 75 81
103 75 82
102 75 83
106 75 84
81 75 85
85 75 86
83 75 87
82 75 88
89 75 89
93 75 90
95 75 91
86 75 92
79 75 93
107 75 94
82 75 95
87 75 96
112 75 97
80 75 98
81 75 99
88 75 100
97 76 1
81 76 2
84 76 3
67 76 4
70 76 5
92 76 6
93 76 7
84 76 8
79 76 9
72 76 10
100 76 11
94 76 12
96 76 13
73 76 14
77 76 15
73 76 16
87 76 17
92 76 18
74 76 19
97 76 20
101 76 21
103 76 22
78 76 23
80 76 24
89 76 25
98 76 26
94 76 27
85 76 28
87 76 29
88 76 30
81 76 31
88 76 32
97 76 33
91 76 34
87 76 35
95 76 36
91 76 37
99 76 38
102 76 39
81 76 40
74 76 41
95 76 42
105 76 43
104 76 44
90 76 45
86 76 46
80 76 47
95 76 48
98 76 49
82 76 50
67 76 51
93 76 52
70 76 53
82 76 54
86 76 55
89 76 56
95 76 57
84 76 58
82 76 59
97 76 60
108 76 61
93 76 62
86 76 63
84 76 64
102 76 65
82 76 66
99 76 67
78 76 68
88 76 69
73 76 70
82 76 71
82 76 72
86 76 73
96 76 74
81 76 75
125 76 76
78 76 77
78 76 78
100 76 79
70 76 80
104 76 81
91 76 82
82 76 83
74 76 84
107 76 85
100 76 86
102 76 87
90 76 88
87 76 89
66 76 90
72 76 91
81 76 92
99 76 93
84 76 94
98 76 95
98 76 96
82 76 97
92 76 98
90 76 99
91 76 100
97 77 1
93 77 2
91 77 3
100 77 4
92 77 5
101 77 6
97 77 7
111 77 8
97 77 9
109 77 10
79 77 11
85 77 12
77 77 13
92 77 14
95 77 15
104 77 16
84 77 17
87 77 18
96 77 19
90 77 20
85 77 21
78 77 22
92 77 23
108 77 24
82 77 25
88 77 26
86 77 27
100 77 28
96 77 29
89 77 30
84 77 31
92 77 32
93 77 33
77 77 34
90 77 35
88 77 36
86 77 37
94 77 38
91 77 39
90 77 40
90 77 41
86 77 42
87 77 43
81 77 44
81 77 45
84 77 46
92 77 47
87 77 48
88 77 49
106 77 50
108 77 51
94 77 52
98 77 53
90 77 54
102 77 55
84 77 56
99 77 57
87 77 58
85 77 59
94 77 60
86 77 61
90 77 62
91 77 63
95 77 64
85 77 65
106 77 66
101 77 67
103 77 68
90 77 69
89 77 70
95 77 71
88 77 72
90 77 73
78 77 74
100 77 75
84 77 76
127 77 77
94 77 78
93 77 79
98 77 80
102 77 81
90 77 82
105 77 83
103 77 84
90 77 85
91 77 86
94 77 87
100 77 88
88 77 89
90 77 90
90 77 91
94 77 92
87 77 93
106 77 94
98 77 95
91 77 96
105 77 97
85 77 98
90 77 99
82 77 100
89 78 1
106 78 2
86 78 3
98 78 4
92 78 5
88 78 6
93 78 7
97 78 8
93 78 9
95 78 10
94 78 11
92 78 12
87 78 13
89 78 14
95 78 15
85 78 16
96 78 17
98 78 18
90 78 19
99 78 20
84 78 21
92 78 22
96 78 23
89 78 24
92 78 25
94 78 26
80 78 27
82 78 28
98 78 29
91 78 30
86 78 31
93 78 32
90 78 33
77 78 34
96 78 35
106 78 36
101 78 37
83 78 38
91 78 39
94 78 40
88 78 41
92 78 42
89 78 43
89 78 44
94 78 45
91 78 46
88 78 47
89 78 48
94 78 49
90 78 50
94 78 51
93 78 52
93 78 53
98 78 54
87 78 55
95 78 56
103 78 57
101 78 58
96 78 59
87 78 60
77 78 61
93 78 62
78 78 63
107 78 64
86 78 65
89 78 66
94 78 67
106 78 68
93 78 69
89 78 70
101 78 71
93 78 72
94 78 73
82 78 74
86 78 75
87 78 76
91 78 77
124 78 78
93 78 79
93 78 80
89 78 81
82 78 82
92 78 83
93 78 84
84 78 85
88 78 86
85 78 87
103 78 88
83 78 89
88 78 90
92 78 91
98 78 92
95 78 93
86 78 94
94 78 95
105 78 96
82 78 97
96 78 98
88 78 99
99 78 100
97 79 1
94 79 2
91 79 3
87 79 4
89 79 5
103 79 6
99 79 7
87 79 8
93 79 9
82 79 10
114 79 11
100 79 12
102 79 13
86 79 14
94 79 15
83 79 16
99 79 17
94 79 18
91 79 19
95 79 20
105 79 21
106 79 22
92 79 23
85 79 24
100 79 25
111 79 26
102 79 27
100 79 28
90 79 29
89 79 30
91 79 31
94 79 32
105 79 33
99 79 34
98 79 35
96 79 36
107 79 37
94 79 38
104 79 39
93 79 40
93 79 41
106 79 42
98 79 43
104 79 44
104 79 45
103 79 46
96 79 47
97 79 48
106 79 49
97 79 50
81 79 51
94 79 52
92 79 53
95 79 54
86 79 55
95 79 56
100 79 57
92 79 58
97 79 59
92 79 60
94 79 61
97 79 62
98 79 63
103 79 64
97 79 65
83 79 66
101 79 67
93 79 68
99 79 69
85 79 70
99 79 71
89 79 72
87 79 73
105 79 74
78 79 75
107 79 76
93 79 77
95 79 78
125 79 79
89 79 80
100 79 81
89 79 82
90 79 83
93 79 84
104 79 85
98 79 86
101 79 87
95 79 88
102 79 89
90 79 90
90 79 91
100 79 92
101 79 93
85 79 94
104 79 95
97 79 96
83 79 97
106 79 98
97 79 99
92 79 100
81 80 1
88 80 2
90 80 3
109 80 4
107 80 5
87 80 6
88 80 7
92 80 8
95 80 9
97 80 10
76 80 11
85 80 12
79 80 13
102 80 14
98 80 15
103 80 16
81 80 17
81 80 18
103 80 19
71 80 20
71 80 21
76 80 22
79 80 23
98 80 24
87 80 25
82 80 26
89 80 27
81 80 28
88 80 29
83 80 30
87 80 31
78 80 32
81 80 33
74 80 34
97 80 35
78 80 36
82 80 37
82 80 38
81 80 39
85 80 40
110 80 41
82 80 42
86 80 43
72 80 44
89 80 45
90 80 46
102 80 47
84 80 48
81 80 49
82 80 50
101 80 51
80 80 52
105 80 53
83 80 54
86 80 55
88 80 56
81 80 57
90 80 58
89 80 59
79 80 60
75 80 61
81 80 62
99 80 63
91 80 64
74 80 65
88 80 66
78 80 67
95 80 68
88 80 69
98 80 70
96 80 71
94 80 72
91 80 73
82 80 74
92 80 75
69 80 76
95 80 77
90 80 78
86 80 79
125 80 80
76 80 81
90 80 82
87 80 83
101 80 84
82 80 85
71 80 86
74 80 87
76 80 88
91 80 89
106 80 90
104 80 91
90 80 92
78 80 93
89 80 94
74 80 95
72 80 96
89 80 97
83 80 98
90 80 99
76 80 100
109 81 1
83 81 2
92 81 3
79 81 4
83 81 5
98 81 6
100 81 7
99 81 8
86 81 9
76 81 10
95 81 11
78 81 12
97 81 13
90 81 14
83 81 15
87 81 16
86 81 17
92 81 18
91 81 19
94 81 20
108 81 21
91 81 22
77 81 23
91 81 24
86 81 25
91 81 26
95 81 27
88 81 28
99 81 29
79 81 30
75 81 31
98 81 32
98 81 33
90 81 34
95 81 35
89 81 36
87 81 37
88 81 38
101 81 39
79 81 40
89 81 41
83 81 42
98 81 43
92 81 44
95 81 45
86 81 46
80 81 47
86 81 48
93 81 49
96 81 50
92 81 51
94 81 52
86 81 53
83 81 54
88 81 55
76 81 56
95 81 57
92 81 58
84 81 59
94 81 60
108 81 61
84 81 62
85 81 63
78 81 64
97 81 65
90 81 66
107 81 67
88 81 68
84 81 69
78 81 70
81 81 71
82 81 72
82 81 73
92 81 74
88 81 75
102 81 76
94 81 77
86 81 78
97 81 79
89 81 80
126 81 81
86 81 82
89 81 83
89 81 84
103 81 85
104 81 86
97 81 87
104 81 88
95 81 89
87 81 90
84 81 91
86 81 92
88 81 93
91 81 94
105 81 95
90 81 96
83 81 97
81 81 98
84 81 99
90 81 100
83 82 1
81 82 2
97 82 3
92 82 4
87 82 5
82 82 6
98 82 7
97 82 8
95 82 9
93 82 10
89 82 11
84 82 12
83 82 13
91 82 14
86 82 15
93 82 16
78 82 17
89 82 18
89 82 19
88 82 20
78 82 21
85 82 22
73 82 23
104 82 24
85 82 25
77 82 26
95 82 27
82 82 28
105 82 29
102 82 30
102 82 31
85 82 32
80 82 33
88 82 34
79 82 35
76 82 36
75 82 37
86 82 38
81 82 39
98 82 40
90 82 41
83 82 42
74 82 43
72 82 44
87 82 45
86 82 46
88 82 47
89 82 48
79 82 49
92 82 50
92 82 51
82 82 52
92 82 53
81 82 54
108 82 55
74 82 56
77 82 57
80 82 58
78 82 59
83 82 60
99 82 61
87 82 62
98 82 63
73 82 64
82 82 65
103 82 66
82 82 67
87 82 68
91 82 69
92 82 70
75 82 71
86 82 72
95 82 73
88 82 74
104 82 75
86 82 76
96 82 77
72 82 78
81 82 79
93 82 80
89 82 81
125 82 82
93 82 83
95 82 84
86 82 85
85 82 86
85 82 87
78 82 88
89 82 89
87 82 90
87 82 91
86 82 92
79 82 93
112 82 94
82 82 95
78 82 96
107 82 97
80 82 98
86 82 99
90 82 100
90 83 1
80 83 2
98 83 3
87 83 4
85 83 5
94 83 6
98 83 7
92 83 8
103 83 9
96 83 10
86 83 11
84 83 12
75 83 13
84 83 14
89 83 15
85 83 16
78 83 17
92 83 18
79 83 19
87 83 20
88 83 21
85 83 22
84 83 23
115 83 24
85 83 25
78 83 26
89 83 27
89 83 28
107 83 29
108 83 30
113 83 31
89 83 32
81 83 33
82 83 34
80 83 35
78 83 36
77 83 37
88 83 38
83 83 39
105 83 40
83 83 41
79 83 42
74 83 43
92 83 44
82 83 45
80 83 46
78 83 47
89 83 48
79 83 49
92 83 50
84 83 51
77 83 52
89 83 53
73 83 54
107 83 55
71 83 56
85 83 57
79 83 58
80 83 59
83 83 60
96 83 61
81 83 62
80 83 63
82 83 64
89 83 65
104 83 66
87 83 67
104 83 68
93 83 69
85 83 70
77 83 71
91 83 72
98 83 73
87 83 74
105 83 75
87 83 76
99 83 77
86 83 78
82 83 79
90 83 80
89 83 81
98 83 82
128 83 83
104 83 84
85 83 85
91 83 86
80 83 87
85 83 88
91 83 89
80 83 90
82 83 91
80 83 92
78 83 93
109 83 94
85 83 95
79 83 96
103 83 97
77 83 98
76 83 99
88 83 100
88 84 1
95 84 2
96 84 3
107 84 4
103 84 5
93 84 6
102 84 7
115 84 8
114 84 9
114 84 10
89 84 11
83 84 12
83 84 13
102 84 14
94 84 15
101 84 16
95 84 17
91 84 18
101 84 19
91 84 20
86 84 21
83 84 22
92 84 23
117 84 24
88 84 25
83 84 26
88 84 27
91 84 28
109 84 29
96 84 30
96 84 31
91 84 32
88 84 33
83 84 34
104 84 35
89 84 36
91 84 37
85 84 38
85 84 39
101 84 40
101 84 41
79 84 42
85 84 43
76 84 44
89 84 45
96 84 46
95 84 47
96 84 48
90 84 49
94 84 50
110 84 51
82 84 52
108 84 53
101 84 54
107 84 55
91 84 56
88 84 57
91 84 58
102 84 59
94 84 60
80 84 61
90 84 62
87 84 63
95 84 64
83 84 65
110 84 66
93 84 67
116 84 68
95 84 69
104 84 70
94 84 71
92 84 72
109 84 73
87 84 74
108 84 75
76 84 76
111 84 77
102 84 78
88 84 79
113 84 80
92 84 81
100 84 82
106 84 83
127 84 84
77 84 85
81 84 86
77 84 87
92 84 88
95 84 89
100 84 90
104 84 91
100 84 92
78 84 93
107 84 94
88 84 95
83 84 96
98 84 97
84 84 98
82 84 99
90 84 100
111 85 1
82 85 2
87 85 3
78 85 4
83 85 5
107 85 6
96 85 7
89 85 8
79 85 9
77 85 10
97 85 11
94 85 12
95 85 13
90 85 14
82 85 15
91 85 16
88 85 17
96 85 18
94 85 19
88 85 20
106 85 21
95 85 22
85 85 23
81 85 24
89 85 25
101 85 26
103 85 27
100 85 28
81 85 29
89 85 30
86 85 31
94 85 32
104 85 33
98 85 34
88 85 35
93 85 36
94 85 37
105 85 38
108 85 39
83 85 40
89 85 41
99 85 42
108 85 43
101 85 44
95 85 45
91 85 46
91 85 47
92 85 48
97 85 49
100 85 50
88 85 51
103 85 52
80 85 53
91 85 54
88 85 55
92 85 56
104 85 57
94 85 58
81 85 59
93 85 60
118 85 61
90 85 62
102 85 63
89 85 64
108 85 65
85 85 66
105 85 67
73 85 68
81 85 69
82 85 70
87 85 71
89 85 72
82 85 73
96 85 74
85 85 75
111 85 76
87 85 77
71 85 78
103 85 79
88 85 80
111 85 81
91 85 82
80 85 83
76 85 84
127 85 85
104 85 86
110 85 87
102 85 88
93 85 89
87 85 90
82 85 91
89 85 92
100 85 93
86 85 94
104 85 95
97 85 96
89 85 97
95 85 98
104 85 99
88 85 100
101 86 1
92 86 2
91 86 3
83 86 4
94 86 5
100 86 6
93 86 7
86 86 8
73 86 9
87 86 10
92 86 11
97 86 12
101 86 13
97 86 14
88 86 15
85 86 16
97 86 17
88 86 18
91 86 19
97 86 20
98 86 21
102 86 22
87 86 23
94 86 24
96 86 25
94 86 26
91 86 27
98 86 28
92 86 29
83 86 30
81 86 31
98 86 32
103 86 33
97 86 34
86 86 35
96 86 36
86 86 37
105 86 38
99 86 39
77 86 40
89 86 41
99 86 42
98 86 43
103 86 44
92 86 45
93 86 46
91 86 47
89 86 48
89 86 49
111 86 50
87 86 51
101 86 52
83 86 53
83 86 54
83 86 55
90 86 56
107 86 57
94 86 58
85 86 59
102 86 60
104 86 61
95 86 62
98 86 63
82 86 64
101 86 65
81 86 66
105 86 67
77 86 68
87 86 69
94 86 70
79 86 71
96 86 72
77 86 73
95 86 74
86 86 75
108 86 76
91 86 77
87 86 78
93 86 79
86 86 80
103 86 81
86 86 82
86 86 83
81 86 84
101 86 85
128 86 86
106 86 87
105 86 88
98 86 89
88 86 90
91 86 91
82 86 92
93 86 93
87 86 94
108 86 95
100 86 96
94 86 97
94 86 98
108 86 99
93 86 100
104 87 1
87 87 2
86 87 3
73 87 4
76 87 5
90 87 6
84 87 7
83 87 8
77 87 9
84 87 10
87 87 11
88 87 12
100 87 13
80 87 14
74 87 15
78 87 16
92 87 17
91 87 18
88 87 19
86 87 20
98 87 21
93 87 22
85 87 23
79 87 24
84 87 25
91 87 26
97 87 27
93 87 28
79 87 29
85 87 30
73 87 31
90 87 32
102 87 33
92 87 34
86 87 35
90 87 36
89 87 37
91 87 38
109 87 39
74 87 40
79 87 41
90 87 42
104 87 43
93 87 44
81 87 45
82 87 46
82 87 47
78 87 48
86 87 49
93 87 50
79 87 51
96 87 52
73 87 53
84 87 54
80 87 55
86 87 56
92 87 57
83 87 58
81 87 59
92 87 60
109 87 61
89 87 62
98 87 63
82 87 64
108 87 65
85 87 66
102 87 67
72 87 68
79 87 69
84 87 70
80 87 71
81 87 72
71 87 73
93 87 74
82 87 75
107 87 76
84 87 77
69 87 78
99 87 79
74 87 80
105 87 81
92 87 82
81 87 83
72 87 84
110 87 85
105 87 86
121 87 87
95 87 88
88 87 89
74 87 90
82 87 91
80 87 92
84 87 93
89 87 94
108 87 95
92 87 96
89 87 97
88 87 98
97 87 99
78 87 100
102 88 1
88 88 2
94 88 3
81 88 4
77 88 5
102 88 6
85 88 7
98 88 8
80 88 9
84 88 10
84 88 11
87 88 12
88 88 13
89 88 14
77 88 15
92 88 16
90 88 17
91 88 18
95 88 19
94 88 20
100 88 21
87 88 22
88 88 23
80 88 24
88 88 25
91 88 26
84 88 27
95 88 28
92 88 29
77 88 30
68 88 31
100 88 32
98 88 33
83 88 34
84 88 35
98 88 36
92 88 37
86 88 38
101 88 39
79 88 40
84 88 41
85 88 42
94 88 43
87 88 44
86 88 45
89 88 46
85 88 47
89 88 48
89 88 49
102 88 50
104 88 51
106 88 52
86 88 53
94 88 54
84 88 55
92 88 56
102 88 57
103 88 58
83 88 59
98 88 60
94 88 61
92 88 62
83 88 63
84 88 64
95 88 65
93 88 66
104 88 67
85 88 68
71 88 69
83 88 70
80 88 71
77 88 72
77 88 73
77 88 74
84 88 75
90 88 76
96 88 77
91 88 78
87 88 79
86 88 80
110 88 81
82 88 82
79 88 83
84 88 84
99 88 85
100 88 86
98 88 87
128 88 88
78 88 89
82 88 90
80 88 91
88 88 92
86 88 93
86 88 94
109 88 95
97 88 96
76 88 97
90 88 98
87 88 99
86 88 100
93 89 1
95 89 2
100 89 3
93 89 4
98 89 5
92 89 6
91 89 7
84 89 8
91 89 9
85 89 10
103 89 11
98 89 12
105 89 13
95 89 14
97 89 15
89 89 16
96 89 17
91 89 18
96 89 19
103 89 20
102 89 21
103 89 22
102 89 23
94 89 24
103 89 25
100 89 26
99 89 27
97 89 28
94 89 29
89 89 30
97 89 31
97 89 32
95 89 33
111 89 34
108 89 35
91 89 36
98 89 37
98 89 38
89 89 39
90 89 40
104 89 41
102 89 42
101 89 43
101 89 44
104 89 45
106 89 46
99 89 47
104 89 48
97 89 49
101 89 50
83 89 51
94 89 52
103 89 53
96 89 54
88 89 55
88 89 56
91 89 57
91 89 58
102 89 59
97 89 60
93 89 61
99 89 62
102 89 63
95 89 64
95 89 65
87 89 66
95 89 67
87 89 68
100 89 69
98 89 70
97 89 71
98 89 72
98 89 73
105 89 74
90 89 75
102 89 76
82 89 77
89 89 78
100 89 79
95 89 80
97 89 81
89 89 82
88 89 83
94 89 84
94 89 85
97 89 86
95 89 87
91 89 88
128 89 89
107 89 90
92 89 91
94 89 92
94 89 93
89 89 94
94 89 95
90 89 96
84 89 97
100 89 98
101 89 99
87 89 100
73 90 1
87 90 2
82 90 3
110 90 4
111 90 5
72 90 6
86 90 7
76 90 8
74 90 9
85 90 10
74 90 11
71 90 12
81 90 13
102 90 14
102 90 15
104 90 16
86 90 17
73 90 18
107 90 19
82 90 20
75 90 21
68 90 22
86 90 23
86 90 24
75 90 25
65 90 26
93 90 27
68 90 28
85 90 29
69 90 30
77 90 31
74 90 32
85 90 33
84 90 34
89 90 35
71 90 36
76 90 37
73 90 38
66 90 39
69 90 40
115 90 41
72 90 42
75 90 43
74 90 44
90 90 45
78 90 46
96 90 47
86 90 48
64 90 49
83 90 50
95 90 51
71 90 52
105 90 53
80 90 54
73 90 55
75 90 56
77 90 57
80 90 58
93 90 59
71 90 60
79 90 61
76 90 62
93 90 63
74 90 64
77 90 65
79 90 66
67 90 67
75 90 68
81 90 69
101 90 70
94 90 71
98 90 72
82 90 73
82 90 74
80 90 75
67 90 76
80 90 77
88 90 78
70 90 79
107 90 80
80 90 81
75 90 82
78 90 83
84 90 84
75 90 85
79 90 86
74 90 87
71 90 88
91 90 89
126 90 90
106 90 91
92 90 92
82 90 93
75 90 94
72 90 95
77 90 96
87 90 97
77 90 98
90 90 99
84 90 100
89 91 1
96 91 2
87 91 3
107 91 4
115 91 5
88 91 6
90 91 7
88 91 8
81 91 9
85 91 10
85 91 11
89 91 12
94 91 13
110 91 14
107 91 15
104 91 16
99 91 17
87 91 18
109 91 19
79 91 20
88 91 21
88 91 22
90 91 23
90 91 24
89 91 25
85 91 26
95 91 27
85 91 28
84 91 29
78 91 30
82 91 31
87 91 32
93 91 33
88 91 34
91 91 35
88 91 36
91 91 37
95 91 38
87 91 39
76 91 40
117 91 41
81 91 42
87 91 43
88 91 44
91 91 45
93 91 46
106 91 47
87 91 48
83 91 49
88 91 50
97 91 51
82 91 52
101 91 53
86 91 54
75 91 55
88 91 56
88 91 57
91 91 58
92 91 59
83 91 60
87 91 61
74 91 62
110 91 63
89 91 64
92 91 65
75 91 66
82 91 67
87 91 68
90 91 69
101 91 70
108 91 71
108 91 72
89 91 73
90 91 74
84 91 75
81 91 76
88 91 77
95 91 78
92 91 79
107 91 80
90 91 81
79 91 82
86 91 83
89 91 84
90 91 85
89 91 86
88 91 87
81 91 88
91 91 89
115 91 90
126 91 91
96 91 92
89 91 93
80 91 94
84 91 95
85 91 96
88 91 97
90 91 98
93 91 99
91 91 100
87 92 1
96 92 2
98 92 3
102 92 4
101 92 5
87 92 6
91 92 7
102 92 8
88 92 9
86 92 10
89 92 11
80 92 12
85 92 13
94 92 14
94 92 15
97 92 16
91 92 17
88 92 18
98 92 19
97 92 20
90 92 21
80 92 22
95 92 23
86 92 24
77 92 25
83 92 26
104 92 27
88 92 28
91 92 29
79 92 30
81 92 31
92 92 32
86 92 33
91 92 34
90 92 35
90 92 36
95 92 37
79 92 38
87 92 39
87 92 40
97 92 41
83 92 42
86 92 43
82 92 44
93 92 45
86 92 46
95 92 47
93 92 48
88 92 49
87 92 50
98 92 51
90 92 52
100 92 53
99 92 54
94 92 55
86 92 56
92 92 57
85 92 58
93 92 59
84 92 60
80 92 61
91 92 62
93 92 63
92 92 64
89 92 65
90 92 66
87 92 67
93 92 68
92 92 69
89 92 70
104 92 71
95 92 72
84 92 73
83 92 74
86 92 75
87 92 76
89 92 77
102 92 78
91 92 79
93 92 80
92 92 81
92 92 82
80 92 83
90 92 84
88 92 85
80 92 86
91 92 87
90 92 88
92 92 89
96 92 90
97 92 91
126 92 92
86 92 93
92 92 94
97 92 95
98 92 96
88 92 97
97 92 98
83 92 99
92 92 100
81 93 1
95 93 2
78 93 3
76 93 4
83 93 5
94 93 6
91 93 7
76 93 8
75 93 9
71 93 10
100 93 11
102 93 12
93 93 13
84 93 14
87 93 15
79 93 16
85 93 17
94 93 18
71 93 19
94 93 20
87 93 21
104 93 22
80 93 23
74 93 24
92 93 25
102 93 26
82 93 27
88 93 28
79 93 29
87 93 30
82 93 31
94 93 32
88 93 33
90 93 34
85 93 35
93 93 36
93 93 37
99 93 38
88 93 39
83 93 40
79 93 41
106 93 42
94 93 43
111 93 44
93 93 45
94 93 46
77 93 47
86 93 48
95 93 49
88 93 50
65 93 51
84 93 52
77 93 53
90 93 54
77 93 55
94 93 56
99 93 57
99 93 58
91 93 59
88 93 60
93 93 61
90 93 62
88 93 63
94 93 64
85 93 65
72 93 66
82 93 67
79 93 68
94 93 69
70 93 70
91 93 71
83 93 72
83 93 73
92 93 74
68 93 75
96 93 76
77 93 77
89 93 78
97 93 79
71 93 80
85 93 81
77 93 82
77 93 83
72 93 84
91 93 85
96 93 86
92 93 87
90 93 88
82 93 89
83 93 90
82 93 91
77 93 92
126 93 93
69 93 94
88 93 95
96 93 96
81 93 97
86 93 98
97 93 99
87 93 100
86 94 1
78 94 2
97 94 3
95 94 4
92 94 5
80 94 6
84 94 7
102 94 8
108 94 9
105 94 10
77 94 11
68 94 12
81 94 13
88 94 14
88 94 15
92 94 16
80 94 17
76 94 18
91 94 19
89 94 20
83 94 21
74 94 22
92 94 23
105 94 24
84 94 25
74 94 26
86 94 27
82 94 28
102 94 29
97 94 30
96 94 31
85 94 32
81 94 33
83 94 34
78 94 35
70 94 36
77 94 37
78 94 38
77 94 39
99 94 40
86 94 41
78 94 42
70 94 43
67 94 44
74 94 45
87 94 46
88 94 47
91 94 48
80 94 49
90 94 50
99 94 51
81 94 52
100 94 53
86 94 54
110 94 55
77 94 56
74 94 57
79 94 58
81 94 59
83 94 60
83 94 61
83 94 62
83 94 63
77 94 64
78 94 65
111 94 66
87 94 67
104 94 68
86 94 69
95 94 70
77 94 71
91 94 72
91 94 73
82 94 74
110 94 75
80 94 76
106 94 77
79 94 78
71 94 79
91 94 80
86 94 81
105 94 82
107 94 83
109 94 84
75 94 85
83 94 86
83 94 87
81 94 88
90 94 89
80 94 90
86 94 91
87 94 92
65 94 93
125 94 94
90 94 95
75 94 96
103 94 97
84 94 98
77 94 99
83 94 100
101 95 1
79 95 2
89 95 3
80 95 4
81 95 5
97 95 6
88 95 7
96 95 8
73 95 9
84 95 10
82 95 11
81 95 12
89 95 13
84 95 14
78 95 15
87 95 16
79 95 17
86 95 18
90 95 19
98 95 20
99 95 21
83 95 22
91 95 23
83 95 24
76 95 25
85 95 26
97 95 27
89 95 28
84 95 29
82 95 30
70 95 31
94 95 32
98 95 33
81 95 34
84 95 35
94 95 36
91 95 37
90 95 38
93 95 39
77 95 40
83 95 41
88 95 42
98 95 43
87 95 44
84 95 45
86 95 46
83 95 47
85 95 48
80 95 49
104 95 50
92 95 51
104 95 52
91 95 53
88 95 54
87 95 55
86 95 56
95 95 57
86 95 58
80 95 59
88 95 60
90 95 61
92 95 62
89 95 63
86 95 64
102 95 65
89 95 66
98 95 67
80 95 68
78 95 69
80 95 70
80 95 71
83 95 72
77 95 73
78 95 74
82 95 75
97 95 76
92 95 77
88 95 78
92 95 79
78 95 80
101 95 81
83 95 82
79 95 83
77 95 84
100 95 85
103 95 86
105 95 87
105 95 88
87 95 89
79 95 90
83 95 91
98 95 92
85 95 93
91 95 94
127 95 95
97 95 96
90 95 97
97 95 98
97 95 99
80 95 100
91 96 1
96 96 2
82 96 3
89 96 4
90 96 5
85 96 6
82 96 7
91 96 8
80 96 9
104 96 10
82 96 11
95 96 12
82 96 13
88 96 14
93 96 15
95 96 16
97 96 17
83 96 18
88 96 19
92 96 20
87 96 21
80 96 22
95 96 23
77 96 24
86 96 25
95 96 26
89 96 27
105 96 28
86 96 29
78 96 30
84 96 31
91 96 32
93 96 33
95 96 34
85 96 35
100 96 36
92 96 37
89 96 38
102 96 39
85 96 40
82 96 41
94 96 42
104 96 43
90 96 44
81 96 45
78 96 46
90 96 47
84 96 48
85 96 49
96 96 50
96 96 51
102 96 52
82 96 53
90 96 54
89 96 55
98 96 56
103 96 57
86 96 58
88 96 59
101 96 60
88 96 61
97 96 62
85 96 63
92 96 64
91 96 65
95 96 66
103 96 67
89 96 68
82 96 69
97 96 70
84 96 71
87 96 72
74 96 73
83 96 74
89 96 75
94 96 76
94 96 77
97 96 78
85 96 79
81 96 80
91 96 81
88 96 82
80 96 83
73 96 84
94 96 85
97 96 86
102 96 87
100 96 88
80 96 89
84 96 90
78 96 91
95 96 92
96 96 93
85 96 94
95 96 95
123 96 96
97 96 97
93 96 98
95 96 99
93 96 100
95 97 1
89 97 2
96 97 3
102 97 4
95 97 5
93 97 6
95 97 7
96 97 8
106 97 9
108 97 10
83 97 11
92 97 12
82 97 13
98 97 14
96 97 15
106 97 16
82 97 17
83 97 18
97 97 19
81 97 20
88 97 21
82 97 22
84 97 23
101 97 24
82 97 25
82 97 26
107 97 27
98 97 28
95 97 29
107 97 30
104 97 31
91 97 32
88 97 33
90 97 34
79 97 35
85 97 36
79 97 37
101 97 38
92 97 39
102 97 40
96 97 41
87 97 42
90 97 43
87 97 44
80 97 45
79 97 46
92 97 47
87 97 48
79 97 49
97 97 50
100 97 51
90 97 52
95 97 53
81 97 54
113 97 55
86 97 56
88 97 57
81 97 58
87 97 59
89 97 60
100 97 61
90 97 62
107 97 63
83 97 64
87 97 65
111 97 66
84 97 67
96 97 68
91 97 69
94 97 70
91 97 71
97 97 72
92 97 73
90 97 74
110 97 75
91 97 76
104 97 77
82 97 78
87 97 79
97 97 80
90 97 81
107 97 82
104 97 83
96 97 84
95 97 85
89 97 86
97 97 87
83 97 88
90 97 89
97 97 90
97 97 91
87 97 92
91 97 93
108 97 94
91 97 95
89 97 96
128 97 97
87 97 98
96 97 99
84 97 100
100 98 1
80 98 2
87 98 3
77 98 4
84 98 5
92 98 6
86 98 7
80 98 8
84 98 9
72 98 10
96 98 11
95 98 12
99 98 13
92 98 14
90 98 15
80 98 16
82 98 17
93 98 18
89 98 19
98 98 20
100 98 21
103 98 22
89 98 23
69 98 24
89 98 25
110 98 26
95 98 27
89 98 28
89 98 29
84 98 30
86 98 31
85 98 32
86 98 33
92 98 34
82 98 35
97 98 36
94 98 37
89 98 38
96 98 39
88 98 40
92 98 41
103 98 42
99 98 43
88 98 44
102 98 45
100 98 46
89 98 47
95 98 48
104 98 49
82 98 50
81 98 51
88 98 52
92 98 53
92 98 54
81 98 55
95 98 56
94 98 57
91 98 58
89 98 59
91 98 60
94 98 61
91 98 62
84 98 63
93 98 64
93 98 65
78 98 66
84 98 67
84 98 68
90 98 69
85 98 70
83 98 71
87 98 72
88 98 73
88 98 74
73 98 75
99 98 76
75 98 77
90 98 78
103 98 79
84 98 80
85 98 81
84 98 82
84 98 83
78 98 84
94 98 85
91 98 86
99 98 87
92 98 88
91 98 89
81 98 90
85 98 91
94 98 92
91 98 93
80 98 94
100 98 95
92 98 96
78 98 97
126 98 98
91 98 99
90 98 100
98 99 1
95 99 2
90 99 3
91 99 4
88 99 5
92 99 6
83 99 7
85 99 8
77 99 9
87 99 10
91 99 11
101 99 12
98 99 13
89 99 14
89 99 15
89 99 16
100 99 17
86 99 18
95 99 19
97 99 20
89 99 21
92 99 22
103 99 23
88 99 24
97 99 25
94 99 26
91 99 27
90 99 28
75 99 29
92 99 30
83 99 31
92 99 32
101 99 33
98 99 34
100 99 35
98 99 36
96 99 37
98 99 38
90 99 39
87 99 40
93 99 41
100 99 42
96 99 43
97 99 44
89 99 45
97 99 46
99 99 47
95 99 48
89 99 49
105 99 50
85 99 51
107 99 52
96 99 53
93 99 54
85 99 55
99 99 56
96 99 57
99 99 58
98 99 59
93 99 60
96 99 61
103 99 62
99 99 63
94 99 64
93 99 65
85 99 66
85 99 67
72 99 68
92 99 69
98 99 70
88 99 71
90 99 72
85 99 73
96 99 74
84 99 75
98 99 76
86 99 77
89 99 78
90 99 79
85 99 80
83 99 81
87 99 82
78 99 83
84 99 84
98 99 85
102 99 86
102 99 87
94 99 88
100 99 89
94 99 90
89 99 91
87 99 92
94 99 93
85 99 94
100 99 95
95 99 96
89 99 97
99 99 98
126 99 99
89 99 100
83 100 1
85 100 2
83 100 3
79 100 4
83 100 5
80 100 6
91 100 7
80 100 8
78 100 9
80 100 10
102 100 11
90 100 12
98 100 13
86 100 14
88 100 15
79 100 16
98 100 17
92 100 18
74 100 19
92 100 20
86 100 21
96 100 22
90 100 23
81 100 24
89 100 25
88 100 26
81 100 27
81 100 28
91 100 29
89 100 30
97 100 31
83 100 32
92 100 33
98 100 34
91 100 35
96 100 36
90 100 37
76 100 38
80 100 39
89 100 40
81 100 41
84 100 42
73 100 43
84 100 44
92 100 45
96 100 46
86 100 47
92 100 48
100 100 49
75 100 50
79 100 51
84 100 52
87 100 53
91 100 54
83 100 55
91 100 56
80 100 57
93 100 58
98 100 59
92 100 60
85 100 61
88 100 62
80 100 63
84 100 64
84 100 65
82 100 66
81 100 67
83 100 68
94 100 69
91 100 70
84 100 71
80 100 72
89 100 73
97 100 74
82 100 75
87 100 76
79 100 77
93 100 78
82 100 79
79 100 80
81 100 81
90 100 82
78 100 83
79 100 84
76 100 85
82 100 86
78 100 87
83 100 88
77 100 89
89 100 90
88 100 91
86 100 92
94 100 93
81 100 94
75 100 95
92 100 96
79 100 97
82 100 98
79 100 99
124 100 100
