115 1 1
42 1 2
35 1 3
37 1 4
38 1 5
48 1 6
41 1 7
52 1 8
43 1 9
36 1 10
40 1 11
35 1 12
47 1 13
47 1 14
43 1 15
40 1 16
46 1 17
46 1 18
41 1 19
45 1 20
61 1 21
42 1 22
44 1 23
40 1 24
40 1 25
60 1 26
49 1 27
56 1 28
40 1 29
45 1 30
40 1 31
46 1 32
60 1 33
42 1 34
48 1 35
47 1 36
55 1 37
52 1 38
64 1 39
46 1 40
41 1 41
50 1 42
65 1 43
46 1 44
51 1 45
39 1 46
46 1 47
44 1 48
50 1 49
50 1 50
40 1 51
58 1 52
41 1 53
41 1 54
53 1 55
52 1 56
55 1 57
48 1 58
51 1 59
55 1 60
62 1 61
47 1 62
41 1 63
48 1 64
55 1 65
43 1 66
70 1 67
37 1 68
30 1 69
37 1 70
47 1 71
51 1 72
32 1 73
46 1 74
41 1 75
61 1 76
49 1 77
46 1 78
58 1 79
42 1 80
61 1 81
34 1 82
50 1 83
38 1 84
78 1 85
49 1 86
64 1 87
53 1 88
43 1 89
34 1 90
41 1 91
36 1 92
42 1 93
43 1 94
61 1 95
54 1 96
48 1 97
57 1 98
48 1 99
42 1 100
35 2 1
119 2 2
46 2 3
53 2 4
43 2 5
36 2 6
35 2 7
37 2 8
42 2 9
47 2 10
36 2 11
65 2 12
47 2 13
41 2 14
51 2 15
41 2 16
44 2 17
53 2 18
46 2 19
49 2 20
41 2 21
49 2 22
43 2 23
37 2 24
57 2 25
45 2 26
33 2 27
45 2 28
38 2 29
40 2 30
31 2 31
50 2 32
37 2 33
43 2 34
47 2 35
47 2 36
53 2 37
51 2 38
49 2 39
35 2 40
49 2 41
46 2 42
49 2 43
57 2 44
49 2 45
48 2 46
41 2 47
43 2 48
44 2 49
47 2 50
43 2 51
35 2 52
41 2 53
48 2 54
40 2 55
59 2 56
43 2 57
44 2 58
50 2 59
33 2 60
38 2 61
42 2 62
32 2 63
46 2 64
51 2 65
42 2 66
39 2 67
43 2 68
52 2 69
49 2 70
56 2 71
48 2 72
38 2 73
42 2 74
48 2 75
43 2 76
45 2 77
50 2 78
50 2 79
37 2 80
35 2 81
46 2 82
33 2 83
30 2 84
35 2 85
50 2 86
55 2 87
36 2 88
43 2 89
46 2 90
51 2 91
46 2 92
54 2 93
32 2 94
46 2 95
45 2 96
39 2 97
45 2 98
41 2 99
41 2 100
38 3 1
47 3 2
115 3 3
50 3 4
41 3 5
52 3 6
53 3 7
54 3 8
40 3 9
36 3 10
45 3 11
54 3 12
45 3 13
44 3 14
57 3 15
43 3 16
33 3 17
39 3 18
41 3 19
42 3 20
51 3 21
44 3 22
43 3 23
40 3 24
39 3 25
37 3 26
51 3 27
49 3 28
55 3 29
44 3 30
37 3 31
55 3 32
43 3 33
40 3 34
41 3 35
41 3 36
34 3 37
41 3 38
36 3 39
40 3 40
46 3 41
37 3 42
34 3 43
44 3 44
38 3 45
43 3 46
51 3 47
46 3 48
37 3 49
47 3 50
53 3 51
40 3 52
52 3 53
43 3 54
49 3 55
39 3 56
33 3 57
39 3 58
38 3 59
49 3 60
36 3 61
38 3 62
44 3 63
40 3 64
41 3 65
48 3 66
42 3 67
45 3 68
38 3 69
44 3 70
45 3 71
59 3 72
43 3 73
49 3 74
38 3 75
46 3 76
52 3 77
43 3 78
44 3 79
45 3 80
55 3 81
58 3 82
41 3 83
44 3 84
44 3 85
47 3 86
46 3 87
44 3 88
53 3 89
44 3 90
48 3 91
55 3 92
40 3 93
57 3 94
52 3 95
34 3 96
46 3 97
31 3 98
42 3 99
44 3 100
42 4 1
50 4 2
46 4 3
123 4 4
79 4 5
34 4 6
32 4 7
46 4 8
46 4 9
58 4 10
40 4 11
37 4 12
36 4 13
62 4 14
56 4 15
69 4 16
45 4 17
45 4 18
71 4 19
34 4 20
33 4 21
30 4 22
48 4 23
44 4 24
40 4 25
33 4 26
49 4 27
40 4 28
45 4 29
39 4 30
39 4 31
32 4 32
34 4 33
46 4 34
39 4 35
31 4 36
39 4 37
29 4 38
35 4 39
31 4 40
60 4 41
43 4 42
46 4 43
37 4 44
47 4 45
37 4 46
52 4 47
43 4 48
27 4 49
44 4 50
59 4 51
37 4 52
66 4 53
38 4 54
43 4 55
46 4 56
37 4 57
43 4 58
52 4 59
34 4 60
36 4 61
38 4 62
59 4 63
38 4 64
35 4 65
57 4 66
34 4 67
41 4 68
47 4 69
53 4 70
64 4 71
42 4 72
43 4 73
35 4 74
48 4 75
25 4 76
42 4 77
43 4 78
42 4 79
66 4 80
47 4 81
51 4 82
40 4 83
61 4 84
38 4 85
33 4 86
34 4 87
37 4 88
47 4 89
61 4 90
74 4 91
54 4 92
30 4 93
48 4 94
29 4 95
48 4 96
45 4 97
47 4 98
40 4 99
40 4 100
33 5 1
41 5 2
39 5 3
67 5 4
117 5 5
38 5 6
44 5 7
41 5 8
35 5 9
57 5 10
37 5 11
42 5 12
39 5 13
59 5 14
59 5 15
60 5 16
39 5 17
28 5 18
67 5 19
44 5 20
38 5 21
35 5 22
51 5 23
45 5 24
41 5 25
39 5 26
36 5 27
29 5 28
41 5 29
36 5 30
34 5 31
31 5 32
42 5 33
42 5 34
38 5 35
33 5 36
34 5 37
31 5 38
29 5 39
39 5 40
53 5 41
40 5 42
36 5 43
33 5 44
43 5 45
45 5 46
50 5 47
40 5 48
39 5 49
38 5 50
54 5 51
29 5 52
56 5 53
43 5 54
33 5 55
34 5 56
36 5 57
40 5 58
50 5 59
36 5 60
33 5 61
30 5 62
59 5 63
39 5 64
40 5 65
42 5 66
34 5 67
46 5 68
41 5 69
56 5 70
52 5 71
45 5 72
41 5 73
54 5 74
37 5 75
37 5 76
39 5 77
39 5 78
41 5 79
53 5 80
45 5 81
42 5 82
39 5 83
43 5 84
39 5 85
45 5 86
41 5 87
32 5 88
46 5 89
64 5 90
66 5 91
55 5 92
38 5 93
47 5 94
39 5 95
48 5 96
44 5 97
41 5 98
39 5 99
41 5 100
43 6 1
46 6 2
46 6 3
42 6 4
43 6 5
105 6 6
60 6 7
57 6 8
49 6 9
43 6 10
53 6 11
58 6 12
46 6 13
50 6 14
51 6 15
45 6 16
40 6 17
46 6 18
48 6 19
47 6 20
54 6 21
57 6 22
55 6 23
49 6 24
45 6 25
56 6 26
55 6 27
56 6 28
55 6 29
31 6 30
35 6 31
51 6 32
52 6 33
41 6 34
50 6 35
50 6 36
47 6 37
62 6 38
57 6 39
42 6 40
46 6 41
47 6 42
44 6 43
59 6 44
62 6 45
50 6 46
44 6 47
49 6 48
53 6 49
60 6 50
51 6 51
56 6 52
48 6 53
47 6 54
47 6 55
32 6 56
66 6 57
41 6 58
46 6 59
58 6 60
55 6 61
48 6 62
46 6 63
57 6 64
42 6 65
50 6 66
53 6 67
33 6 68
53 6 69
35 6 70
45 6 71
45 6 72
42 6 73
39 6 74
43 6 75
54 6 76
50 6 77
45 6 78
57 6 79
44 6 80
50 6 81
41 6 82
53 6 83
49 6 84
57 6 85
45 6 86
56 6 87
56 6 88
48 6 89
39 6 90
48 6 91
47 6 92
46 6 93
41 6 94
52 6 95
50 6 96
47 6 97
54 6 98
43 6 99
35 6 100
41 7 1
47 7 2
56 7 3
48 7 4
52 7 5
60 7 6
101 7 7
67 7 8
52 7 9
52 7 10
50 7 11
39 7 12
48 7 13
61 7 14
61 7 15
52 7 16
48 7 17
41 7 18
60 7 19
48 7 20
46 7 21
48 7 22
49 7 23
74 7 24
36 7 25
41 7 26
58 7 27
58 7 28
69 7 29
39 7 30
54 7 31
55 7 32
57 7 33
41 7 34
56 7 35
40 7 36
49 7 37
62 7 38
46 7 39
42 7 40
55 7 41
45 7 42
44 7 43
47 7 44
50 7 45
51 7 46
52 7 47
53 7 48
41 7 49
59 7 50
47 7 51
36 7 52
45 7 53
52 7 54
50 7 55
44 7 56
63 7 57
43 7 58
47 7 59
51 7 60
55 7 61
58 7 62
51 7 63
41 7 64
42 7 65
46 7 66
51 7 67
45 7 68
63 7 69
46 7 70
48 7 71
59 7 72
56 7 73
49 7 74
56 7 75
56 7 76
63 7 77
45 7 78
50 7 79
56 7 80
61 7 81
56 7 82
62 7 83
53 7 84
46 7 85
52 7 86
40 7 87
43 7 88
55 7 89
57 7 90
50 7 91
60 7 92
46 7 93
61 7 94
52 7 95
48 7 96
54 7 97
38 7 98
58 7 99
45 7 100
43 8 1
40 8 2
50 8 3
38 8 4
41 8 5
58 8 6
53 8 7
106 8 8
49 8 9
56 8 10
40 8 11
44 8 12
45 8 13
51 8 14
44 8 15
58 8 16
39 8 17
51 8 18
49 8 19
47 8 20
44 8 21
38 8 22
49 8 23
57 8 24
51 8 25
38 8 26
47 8 27
48 8 28
61 8 29
38 8 30
37 8 31
66 8 32
45 8 33
34 8 34
49 8 35
47 8 36
48 8 37
43 8 38
42 8 39
45 8 40
48 8 41
41 8 42
47 8 43
40 8 44
49 8 45
48 8 46
46 8 47
40 8 48
47 8 49
51 8 50
59 8 51
48 8 52
51 8 53
45 8 54
51 8 55
41 8 56
50 8 57
48 8 58
42 8 59
55 8 60
48 8 61
52 8 62
37 8 63
46 8 64
44 8 65
44 8 66
52 8 67
58 8 68
44 8 69
51 8 70
45 8 71
46 8 72
45 8 73
46 8 74
64 8 75
44 8 76
63 8 77
54 8 78
48 8 79
56 8 80
55 8 81
54 8 82
46 8 83
52 8 84
44 8 85
50 8 86
36 8 87
53 8 88
47 8 89
41 8 90
42 8 91
54 8 92
39 8 93
44 8 94
56 8 95
43 8 96
46 8 97
47 8 98
45 8 99
45 8 100
46 9 1
47 9 2
47 9 3
44 9 4
45 9 5
41 9 6
47 9 7
47 9 8
113 9 9
59 9 10
45 9 11
42 9 12
46 9 13
42 9 14
44 9 15
44 9 16
44 9 17
42 9 18
52 9 19
42 9 20
41 9 21
38 9 22
43 9 23
57 9 24
46 9 25
48 9 26
44 9 27
46 9 28
59 9 29
69 9 30
69 9 31
48 9 32
41 9 33
38 9 34
46 9 35
42 9 36
40 9 37
35 9 38
43 9 39
65 9 40
44 9 41
41 9 42
45 9 43
40 9 44
42 9 45
49 9 46
42 9 47
40 9 48
43 9 49
43 9 50
34 9 51
42 9 52
54 9 53
46 9 54
51 9 55
35 9 56
35 9 57
49 9 58
48 9 59
51 9 60
45 9 61
50 9 62
39 9 63
40 9 64
40 9 65
66 9 66
44 9 67
75 9 68
52 9 69
48 9 70
43 9 71
42 9 72
54 9 73
45 9 74
62 9 75
40 9 76
52 9 77
44 9 78
36 9 79
54 9 80
45 9 81
58 9 82
63 9 83
68 9 84
42 9 85
45 9 86
42 9 87
39 9 88
46 9 89
33 9 90
45 9 91
49 9 92
38 9 93
62 9 94
39 9 95
41 9 96
55 9 97
45 9 98
34 9 99
37 9 100
38 10 1
40 10 2
38 10 3
51 10 4
55 10 5
38 10 6
37 10 7
46 10 8
51 10 9
115 10 10
21 10 11
36 10 12
34 10 13
52 10 14
38 10 15
54 10 16
39 10 17
33 10 18
42 10 19
35 10 20
34 10 21
23 10 22
49 10 23
32 10 24
36 10 25
37 10 26
38 10 27
44 10 28
40 10 29
36 10 30
50 10 31
39 10 32
32 10 33
35 10 34
47 10 35
42 10 36
47 10 37
39 10 38
39 10 39
45 10 40
43 10 41
33 10 42
49 10 43
29 10 44
29 10 45
35 10 46
38 10 47
37 10 48
31 10 49
40 10 50
60 10 51
38 10 52
39 10 53
40 10 54
56 10 55
39 10 56
42 10 57
36 10 58
48 10 59
48 10 60
32 10 61
42 10 62
39 10 63
38 10 64
43 10 65
60 10 66
40 10 67
51 10 68
34 10 69
54 10 70
38 10 71
33 10 72
39 10 73
36 10 74
61 10 75
28 10 76
47 10 77
45 10 78
41 10 79
45 10 80
31 10 81
49 10 82
48 10 83
47 10 84
40 10 85
36 10 86
38 10 87
42 10 88
40 10 89
34 10 90
36 10 91
45 10 92
29 10 93
52 10 94
41 10 95
38 10 96
57 10 97
39 10 98
37 10 99
32 10 100
46 11 1
60 11 2
46 11 3
40 11 4
39 11 5
47 11 6
52 11 7
41 11 8
46 11 9
38 11 10
115 11 11
60 11 12
54 11 13
37 11 14
47 11 15
28 11 16
42 11 17
55 11 18
42 11 19
52 11 20
44 11 21
58 11 22
39 11 23
39 11 24
70 11 25
66 11 26
47 11 27
47 11 28
46 11 29
42 11 30
42 11 31
48 11 32
44 11 33
61 11 34
59 11 35
56 11 36
54 11 37
42 11 38
48 11 39
38 11 40
47 11 41
65 11 42
46 11 43
45 11 44
67 11 45
59 11 46
56 11 47
65 11 48
59 11 49
46 11 50
33 11 51
43 11 52
46 11 53
53 11 54
40 11 55
42 11 56
35 11 57
47 11 58
51 11 59
44 11 60
46 11 61
45 11 62
48 11 63
59 11 64
48 11 65
39 11 66
51 11 67
47 11 68
60 11 69
45 11 70
46 11 71
45 11 72
44 11 73
58 11 74
35 11 75
56 11 76
41 11 77
47 11 78
65 11 79
45 11 80
51 11 81
54 11 82
41 11 83
43 11 84
36 11 85
45 11 86
43 11 87
45 11 88
53 11 89
47 11 90
39 11 91
42 11 92
57 11 93
41 11 94
42 11 95
44 11 96
37 11 97
51 11 98
49 11 99
62 11 100
36 12 1
57 12 2
51 12 3
34 12 4
38 12 5
50 12 6
33 12 7
36 12 8
31 12 9
30 12 10
47 12 11
116 12 12
51 12 13
36 12 14
51 12 15
36 12 16
47 12 17
43 12 18
32 12 19
41 12 20
38 12 21
56 12 22
44 12 23
30 12 24
54 12 25
45 12 26
40 12 27
44 12 28
33 12 29
33 12 30
39 12 31
41 12 32
41 12 33
42 12 34
45 12 35
52 12 36
47 12 37
40 12 38
46 12 39
34 12 40
42 12 41
48 12 42
50 12 43
52 12 44
49 12 45
56 12 46
37 12 47
40 12 48
57 12 49
43 12 50
37 12 51
50 12 52
37 12 53
39 12 54
35 12 55
51 12 56
41 12 57
37 12 58
45 12 59
50 12 60
52 12 61
55 12 62
46 12 63
56 12 64
50 12 65
35 12 66
43 12 67
39 12 68
57 12 69
39 12 70
49 12 71
45 12 72
33 12 73
53 12 74
33 12 75
40 12 76
39 12 77
44 12 78
46 12 79
33 12 80
37 12 81
39 12 82
39 12 83
35 12 84
44 12 85
45 12 86
47 12 87
38 12 88
48 12 89
40 12 90
37 12 91
32 12 92
56 12 93
34 12 94
43 12 95
44 12 96
38 12 97
41 12 98
54 12 99
38 12 100
51 13 1
37 13 2
55 13 3
42 13 4
47 13 5
50 13 6
53 13 7
52 13 8
44 13 9
34 13 10
54 13 11
57 13 12
106 13 13
52 13 14
51 13 15
54 13 16
56 13 17
51 13 18
42 13 19
46 13 20
55 13 21
60 13 22
60 13 23
42 13 24
55 13 25
55 13 26
38 13 27
44 13 28
51 13 29
45 13 30
37 13 31
52 13 32
50 13 33
54 13 34
53 13 35
52 13 36
49 13 37
53 13 38
50 13 39
44 13 40
43 13 41
54 13 42
54 13 43
63 13 44
69 13 45
64 13 46
49 13 47
58 13 48
65 13 49
47 13 50
46 13 51
59 13 52
55 13 53
54 13 54
38 13 55
55 13 56
43 13 57
64 13 58
48 13 59
65 13 60
48 13 61
56 13 62
49 13 63
51 13 64
37 13 65
38 13 66
46 13 67
45 13 68
53 13 69
51 13 70
39 13 71
50 13 72
56 13 73
61 13 74
37 13 75
57 13 76
47 13 77
50 13 78
48 13 79
44 13 80
48 13 81
49 13 82
40 13 83
41 13 84
42 13 85
61 13 86
59 13 87
51 13 88
58 13 89
50 13 90
52 13 91
57 13 92
63 13 93
43 13 94
51 13 95
45 13 96
46 13 97
66 13 98
56 13 99
54 13 100
42 14 1
48 14 2
54 14 3
64 14 4
70 14 5
46 14 6
48 14 7
50 14 8
37 14 9
49 14 10
38 14 11
39 14 12
40 14 13
106 14 14
53 14 15
63 14 16
53 14 17
43 14 18
59 14 19
50 14 20
39 14 21
47 14 22
45 14 23
51 14 24
40 14 25
39 14 26
51 14 27
45 14 28
60 14 29
33 14 30
38 14 31
42 14 32
43 14 33
42 14 34
39 14 35
40 14 36
45 14 37
49 14 38
29 14 39
33 14 40
66 14 41
39 14 42
33 14 43
39 14 44
47 14 45
49 14 46
54 14 47
42 14 48
40 14 49
44 14 50
58 14 51
39 14 52
62 14 53
41 14 54
57 14 55
42 14 56
44 14 57
40 14 58
40 14 59
42 14 60
38 14 61
42 14 62
70 14 63
30 14 64
52 14 65
46 14 66
32 14 67
46 14 68
49 14 69
49 14 70
46 14 71
75 14 72
39 14 73
47 14 74
50 14 75
37 14 76
48 14 77
51 14 78
36 14 79
69 14 80
39 14 81
46 14 82
37 14 83
44 14 84
45 14 85
44 14 86
38 14 87
42 14 88
48 14 89
60 14 90
67 14 91
54 14 92
42 14 93
44 14 94
47 14 95
40 14 96
51 14 97
48 14 98
46 14 99
46 14 100
42 15 1
43 15 2
54 15 3
52 15 4
58 15 5
38 15 6
53 15 7
46 15 8
44 15 9
45 15 10
38 15 11
46 15 12
47 15 13
54 15 14
108 15 15
62 15 16
49 15 17
40 15 18
50 15 19
35 15 20
38 15 21
32 15 22
46 15 23
56 15 24
39 15 25
39 15 26
50 15 27
49 15 28
54 15 29
37 15 30
47 15 31
51 15 32
33 15 33
40 15 34
39 15 35
37 15 36
41 15 37
44 15 38
36 15 39
36 15 40
57 15 41
52 15 42
38 15 43
47 15 44
51 15 45
43 15 46
50 15 47
51 15 48
39 15 49
48 15 50
43 15 51
41 15 52
53 15 53
29 15 54
46 15 55
37 15 56
39 15 57
43 15 58
49 15 59
41 15 60
37 15 61
41 15 62
43 15 63
40 15 64
41 15 65
44 15 66
34 15 67
38 15 68
57 15 69
52 15 70
42 15 71
59 15 72
44 15 73
37 15 74
50 15 75
34 15 76
50 15 77
56 15 78
46 15 79
46 15 80
36 15 81
42 15 82
48 15 83
43 15 84
31 15 85
45 15 86
39 15 87
41 15 88
53 15 89
62 15 90
55 15 91
50 15 92
50 15 93
39 15 94
37 15 95
46 15 96
45 15 97
46 15 98
39 15 99
43 15 100
40 16 1
33 16 2
47 16 3
60 16 4
66 16 5
40 16 6
49 16 7
47 16 8
49 16 9
62 16 10
35 16 11
28 16 12
34 16 13
58 16 14
48 16 15
118 16 16
44 16 17
31 16 18
55 16 19
41 16 20
36 16 21
21 16 22
42 16 23
49 16 24
41 16 25
36 16 26
44 16 27
51 16 28
50 16 29
28 16 30
42 16 31
43 16 32
40 16 33
40 16 34
36 16 35
35 16 36
36 16 37
47 16 38
34 16 39
35 16 40
69 16 41
37 16 42
40 16 43
32 16 44
35 16 45
38 16 46
54 16 47
34 16 48
24 16 49
54 16 50
71 16 51
38 16 52
59 16 53
46 16 54
41 16 55
44 16 56
49 16 57
30 16 58
40 16 59
38 16 60
42 16 61
37 16 62
44 16 63
33 16 64
30 16 65
50 16 66
40 16 67
40 16 68
34 16 69
56 16 70
48 16 71
45 16 72
39 16 73
37 16 74
49 16 75
29 16 76
54 16 77
41 16 78
32 16 79
63 16 80
35 16 81
40 16 82
40 16 83
51 16 84
38 16 85
35 16 86
35 16 87
44 16 88
38 16 89
52 16 90
44 16 91
41 16 92
32 16 93
41 16 94
33 16 95
38 16 96
48 16 97
36 16 98
37 16 99
31 16 100
42 17 1
48 17 2
48 17 3
52 17 4
48 17 5
39 17 6
39 17 7
48 17 8
38 17 9
41 17 10
46 17 11
45 17 12
62 17 13
57 17 14
53 17 15
48 17 16
112 17 17
53 17 18
52 17 19
53 17 20
58 17 21
53 17 22
53 17 23
47 17 24
61 17 25
49 17 26
40 17 27
40 17 28
37 17 29
43 17 30
41 17 31
46 17 32
68 17 33
69 17 34
66 17 35
58 17 36
59 17 37
45 17 38
51 17 39
31 17 40
48 17 41
63 17 42
53 17 43
59 17 44
48 17 45
56 17 46
53 17 47
53 17 48
45 17 49
32 17 50
44 17 51
45 17 52
47 17 53
56 17 54
37 17 55
62 17 56
47 17 57
46 17 58
52 17 59
43 17 60
44 17 61
47 17 62
45 17 63
46 17 64
52 17 65
42 17 66
60 17 67
35 17 68
40 17 69
63 17 70
41 17 71
56 17 72
38 17 73
54 17 74
40 17 75
51 17 76
33 17 77
52 17 78
43 17 79
49 17 80
41 17 81
33 17 82
38 17 83
42 17 84
52 17 85
50 17 86
48 17 87
37 17 88
47 17 89
45 17 90
57 17 91
60 17 92
50 17 93
41 17 94
47 17 95
53 17 96
25 17 97
54 17 98
50 17 99
57 17 100
48 18 1
52 18 2
41 18 3
43 18 4
37 18 5
40 18 6
42 18 7
41 18 8
41 18 9
32 18 10
45 18 11
45 18 12
50 18 13
39 18 14
33 18 15
34 18 16
49 18 17
114 18 18
37 18 19
46 18 20
44 18 21
57 18 22
43 18 23
31 18 24
53 18 25
52 18 26
29 18 27
43 18 28
40 18 29
45 18 30
42 18 31
45 18 32
53 18 33
47 18 34
45 18 35
45 18 36
40 18 37
37 18 38
48 18 39
41 18 40
38 18 41
47 18 42
32 18 43
58 18 44
43 18 45
50 18 46
37 18 47
40 18 48
51 18 49
27 18 50
38 18 51
40 18 52
39 18 53
57 18 54
40 18 55
48 18 56
40 18 57
59 18 58
40 18 59
42 18 60
37 18 61
40 18 62
47 18 63
54 18 64
55 18 65
35 18 66
52 18 67
47 18 68
44 18 69
35 18 70
42 18 71
42 18 72
43 18 73
46 18 74
41 18 75
48 18 76
38 18 77
49 18 78
52 18 79
36 18 80
51 18 81
41 18 82
43 18 83
39 18 84
43 18 85
44 18 86
38 18 87
47 18 88
44 18 89
34 18 90
39 18 91
42 18 92
49 18 93
48 18 94
41 18 95
41 18 96
26 18 97
51 18 98
47 18 99
50 18 100
40 19 1
41 19 2
42 19 3
74 19 4
65 19 5
36 19 6
45 19 7
48 19 8
39 19 9
39 19 10
37 19 11
32 19 12
38 19 13
58 19 14
39 19 15
56 19 16
50 19 17
38 19 18
107 19 19
34 19 20
36 19 21
31 19 22
44 19 23
42 19 24
39 19 25
42 19 26
54 19 27
42 19 28
38 19 29
30 19 30
30 19 31
38 19 32
41 19 33
43 19 34
47 19 35
42 19 36
33 19 37
42 19 38
46 19 39
32 19 40
81 19 41
37 19 42
41 19 43
35 19 44
35 19 45
37 19 46
58 19 47
32 19 48
42 19 49
45 19 50
57 19 51
41 19 52
58 19 53
45 19 54
33 19 55
34 19 56
42 19 57
38 19 58
39 19 59
39 19 60
44 19 61
44 19 62
79 19 63
36 19 64
43 19 65
46 19 66
33 19 67
32 19 68
37 19 69
55 19 70
57 19 71
48 19 72
41 19 73
41 19 74
49 19 75
28 19 76
38 19 77
43 19 78
39 19 79
66 19 80
42 19 81
43 19 82
42 19 83
41 19 84
44 19 85
37 19 86
43 19 87
38 19 88
52 19 89
63 19 90
74 19 91
55 19 92
32 19 93
41 19 94
35 19 95
43 19 96
41 19 97
44 19 98
42 19 99
35 19 100
45 20 1
50 20 2
47 20 3
34 20 4
44 20 5
52 20 6
47 20 7
44 20 8
43 20 9
42 20 10
59 20 11
38 20 12
44 20 13
48 20 14
39 20 15
39 20 16
46 20 17
53 20 18
42 20 19
103 20 20
51 20 21
45 20 22
56 20 23
44 20 24
58 20 25
51 20 26
39 20 27
40 20 28
61 20 29
45 20 30
45 20 31
48 20 32
53 20 33
48 20 34
50 20 35
52 20 36
48 20 37
42 20 38
41 20 39
43 20 40
44 20 41
49 20 42
48 20 43
45 20 44
58 20 45
57 20 46
43 20 47
61 20 48
49 20 49
47 20 50
47 20 51
51 20 52
50 20 53
56 20 54
43 20 55
39 20 56
48 20 57
54 20 58
55 20 59
47 20 60
41 20 61
57 20 62
43 20 63
49 20 64
49 20 65
49 20 66
56 20 67
43 20 68
40 20 69
45 20 70
46 20 71
39 20 72
58 20 73
50 20 74
37 20 75
56 20 76
50 20 77
58 20 78
50 20 79
40 20 80
56 20 81
48 20 82
43 20 83
44 20 84
40 20 85
49 20 86
52 20 87
56 20 88
52 20 89
41 20 90
39 20 91
49 20 92
50 20 93
51 20 94
47 20 95
45 20 96
40 20 97
53 20 98
50 20 99
53 20 100
68 21 1
47 21 2
54 21 3
39 21 4
40 21 5
58 21 6
59 21 7
42 21 8
40 21 9
39 21 10
51 21 11
42 21 12
58 21 13
48 21 14
38 21 15
52 21 16
49 21 17
57 21 18
48 21 19
51 21 20
111 21 21
51 21 22
47 21 23
44 21 24
46 21 25
46 21 26
62 21 27
52 21 28
35 21 29
53 21 30
44 21 31
60 21 32
62 21 33
49 21 34
43 21 35
38 21 36
38 21 37
59 21 38
53 21 39
46 21 40
39 21 41
49 21 42
63 21 43
56 21 44
55 21 45
52 21 46
46 21 47
47 21 48
43 21 49
53 21 50
49 21 51
44 21 52
41 21 53
51 21 54
43 21 55
49 21 56
56 21 57
42 21 58
38 21 59
49 21 60
67 21 61
55 21 62
51 21 63
39 21 64
57 21 65
44 21 66
69 21 67
40 21 68
51 21 69
46 21 70
49 21 71
58 21 72
46 21 73
50 21 74
53 21 75
62 21 76
51 21 77
34 21 78
52 21 79
35 21 80
63 21 81
40 21 82
56 21 83
44 21 84
68 21 85
58 21 86
62 21 87
55 21 88
58 21 89
45 21 90
54 21 91
45 21 92
60 21 93
44 21 94
60 21 95
45 21 96
47 21 97
54 21 98
46 21 99
45 21 100
48 22 1
51 22 2
58 22 3
40 22 4
50 22 5
54 22 6
48 22 7
40 22 8
51 22 9
32 22 10
68 22 11
68 22 12
69 22 13
49 22 14
37 22 15
26 22 16
56 22 17
61 22 18
45 22 19
56 22 20
59 22 21
114 22 22
50 22 23
44 22 24
57 22 25
59 22 26
51 22 27
47 22 28
47 22 29
48 22 30
52 22 31
49 22 32
52 22 33
50 22 34
42 22 35
62 22 36
48 22 37
47 22 38
51 22 39
45 22 40
47 22 41
60 22 42
56 22 43
60 22 44
50 22 45
71 22 46
45 22 47
47 22 48
65 22 49
41 22 50
41 22 51
49 22 52
54 22 53
48 22 54
32 22 55
46 22 56
35 22 57
52 22 58
45 22 59
57 22 60
56 22 61
46 22 62
55 22 63
53 22 64
51 22 65
38 22 66
44 22 67
51 22 68
56 22 69
47 22 70
44 22 71
55 22 72
52 22 73
77 22 74
39 22 75
57 22 76
41 22 77
55 22 78
53 22 79
47 22 80
52 22 81
53 22 82
47 22 83
48 22 84
48 22 85
61 22 86
55 22 87
49 22 88
54 22 89
45 22 90
59 22 91
50 22 92
59 22 93
43 22 94
47 22 95
44 22 96
35 22 97
61 22 98
52 22 99
56 22 100
56 23 1
54 23 2
43 23 3
48 23 4
53 23 5
50 23 6
46 23 7
56 23 8
47 23 9
42 23 10
52 23 11
37 23 12
61 23 13
47 23 14
47 23 15
51 23 16
66 23 17
50 23 18
49 23 19
55 23 20
59 23 21
47 23 22
107 23 23
45 23 24
67 23 25
58 23 26
52 23 27
41 23 28
47 23 29
41 23 30
38 23 31
45 23 32
58 23 33
60 23 34
73 23 35
57 23 36
54 23 37
51 23 38
49 23 39
49 23 40
52 23 41
55 23 42
53 23 43
65 23 44
55 23 45
56 23 46
64 23 47
62 23 48
54 23 49
51 23 50
43 23 51
58 23 52
68 23 53
64 23 54
47 23 55
61 23 56
45 23 57
64 23 58
68 23 59
60 23 60
46 23 61
54 23 62
37 23 63
58 23 64
52 23 65
47 23 66
53 23 67
47 23 68
57 23 69
72 23 70
50 23 71
48 23 72
55 23 73
58 23 74
44 23 75
45 23 76
49 23 77
54 23 78
42 23 79
51 23 80
41 23 81
47 23 82
45 23 83
47 23 84
45 23 85
51 23 86
47 23 87
56 23 88
59 23 89
44 23 90
45 23 91
56 23 92
48 23 93
52 23 94
56 23 95
58 23 96
42 23 97
55 23 98
56 23 99
46 23 100
43 24 1
46 24 2
53 24 3
49 24 4
39 24 5
60 24 6
65 24 7
59 24 8
61 24 9
55 24 10
40 24 11
40 24 12
33 24 13
54 24 14
43 24 15
46 24 16
46 24 17
37 24 18
34 24 19
49 24 20
38 24 21
40 24 22
45 24 23
109 24 24
41 24 25
39 24 26
41 24 27
39 24 28
69 24 29
52 24 30
61 24 31
53 24 32
44 24 33
46 24 34
47 24 35
34 24 36
42 24 37
40 24 38
39 24 39
43 24 40
43 24 41
37 24 42
34 24 43
44 24 44
45 24 45
48 24 46
47 24 47
53 24 48
41 24 49
59 24 50
47 24 51
42 24 52
54 24 53
38 24 54
71 24 55
32 24 56
50 24 57
42 24 58
39 24 59
52 24 60
49 24 61
44 24 62
33 24 63
39 24 64
34 24 65
55 24 66
48 24 67
58 24 68
57 24 69
42 24 70
33 24 71
48 24 72
68 24 73
38 24 74
57 24 75
46 24 76
56 24 77
50 24 78
33 24 79
56 24 80
53 24 81
59 24 82
72 24 83
69 24 84
43 24 85
47 24 86
35 24 87
45 24 88
51 24 89
43 24 90
43 24 91
49 24 92
38 24 93
68 24 94
46 24 95
37 24 96
55 24 97
48 24 98
45 24 99
36 24 100
41 25 1
60 25 2
38 25 3
41 25 4
50 25 5
50 25 6
44 25 7
49 25 8
43 25 9
40 25 10
53 25 11
68 25 12
56 25 13
46 25 14
32 25 15
43 25 16
59 25 17
56 25 18
55 25 19
61 25 20
44 25 21
62 25 22
53 25 23
37 25 24
115 25 25
57 25 26
33 25 27
40 25 28
47 25 29
47 25 30
42 25 31
56 25 32
43 25 33
51 25 34
50 25 35
42 25 36
56 25 37
44 25 38
51 25 39
45 25 40
51 25 41
57 25 42
39 25 43
52 25 44
56 25 45
72 25 46
45 25 47
55 25 48
54 25 49
32 25 50
38 25 51
45 25 52
40 25 53
56 25 54
40 25 55
64 25 56
45 25 57
58 25 58
52 25 59
49 25 60
45 25 61
43 25 62
43 25 63
54 25 64
44 25 65
41 25 66
51 25 67
36 25 68
53 25 69
47 25 70
51 25 71
43 25 72
45 25 73
65 25 74
44 25 75
52 25 76
33 25 77
52 25 78
47 25 79
38 25 80
45 25 81
46 25 82
41 25 83
44 25 84
43 25 85
49 25 86
41 25 87
45 25 88
55 25 89
39 25 90
45 25 91
38 25 92
53 25 93
44 25 94
37 25 95
47 25 96
32 25 97
43 25 98
48 25 99
49 25 100
55 26 1
52 26 2
35 26 3
38 26 4
46 26 5
63 26 6
40 26 7
42 26 8
51 26 9
33 26 10
69 26 11
49 26 12
56 26 13
38 26 14
42 26 15
42 26 16
39 26 17
56 26 18
52 26 19
48 26 20
57 26 21
53 26 22
49 26 23
32 26 24
62 26 25
118 26 26
43 26 27
52 26 28
41 26 29
42 26 30
46 26 31
47 26 32
54 26 33
48 26 34
54 26 35
50 26 36
63 26 37
48 26 38
60 26 39
42 26 40
37 26 41
73 26 42
51 26 43
57 26 44
62 26 45
54 26 46
57 26 47
58 26 48
70 26 49
42 26 50
37 26 51
46 26 52
46 26 53
55 26 54
41 26 55
54 26 56
49 26 57
67 26 58
54 26 59
51 26 60
48 26 61
47 26 62
47 26 63
60 26 64
46 26 65
36 26 66
61 26 67
49 26 68
47 26 69
52 26 70
44 26 71
27 26 72
48 26 73
53 26 74
36 26 75
58 26 76
53 26 77
37 26 78
67 26 79
41 26 80
53 26 81
42 26 82
42 26 83
45 26 84
55 26 85
46 26 86
60 26 87
53 26 88
44 26 89
31 26 90
37 26 91
43 26 92
55 26 93
35 26 94
48 26 95
47 26 96
34 26 97
59 26 98
44 26 99
57 26 100
53 27 1
34 27 2
57 27 3
46 27 4
50 27 5
47 27 6
48 27 7
48 27 8
39 27 9
44 27 10
37 27 11
41 27 12
47 27 13
55 27 14
49 27 15
52 27 16
37 27 17
43 27 18
60 27 19
41 27 20
63 27 21
47 27 22
54 27 23
38 27 24
37 27 25
44 27 26
111 27 27
41 27 28
46 27 29
47 27 30
47 27 31
50 27 32
52 27 33
49 27 34
45 27 35
42 27 36
42 27 37
58 27 38
57 27 39
48 27 40
61 27 41
39 27 42
60 27 43
44 27 44
45 27 45
44 27 46
47 27 47
44 27 48
39 27 49
45 27 50
43 27 51
48 27 52
53 27 53
40 27 54
49 27 55
41 27 56
40 27 57
49 27 58
47 27 59
39 27 60
60 27 61
43 27 62
64 27 63
30 27 64
50 27 65
46 27 66
46 27 67
33 27 68
48 27 69
50 27 70
42 27 71
53 27 72
39 27 73
48 27 74
48 27 75
47 27 76
46 27 77
40 27 78
43 27 79
50 27 80
52 27 81
50 27 82
50 27 83
40 27 84
63 27 85
40 27 86
66 27 87
37 27 88
52 27 89
61 27 90
50 27 91
55 27 92
42 27 93
42 27 94
47 27 95
44 27 96
56 27 97
45 27 98
47 27 99
51 27 100
46 28 1
41 28 2
51 28 3
39 28 4
44 28 5
54 28 6
48 28 7
56 28 8
53 28 9
47 28 10
37 28 11
59 28 12
47 28 13
46 28 14
45 28 15
50 28 16
39 28 17
40 28 18
44 28 19
33 28 20
48 28 21
36 28 22
44 28 23
40 28 24
45 28 25
54 28 26
41 28 27
104 28 28
35 28 29
44 28 30
54 28 31
48 28 32
43 28 33
47 28 34
44 28 35
56 28 36
41 28 37
62 28 38
61 28 39
40 28 40
49 28 41
50 28 42
55 28 43
49 28 44
44 28 45
28 28 46
32 28 47
39 28 48
36 28 49
56 28 50
50 28 51
47 28 52
41 28 53
41 28 54
44 28 55
50 28 56
43 28 57
43 28 58
43 28 59
61 28 60
52 28 61
47 28 62
42 28 63
48 28 64
46 28 65
44 28 66
47 28 67
47 28 68
42 28 69
44 28 70
44 28 71
41 28 72
41 28 73
37 28 74
49 28 75
43 28 76
53 28 77
43 28 78
47 28 79
42 28 80
45 28 81
44 28 82
45 28 83
45 28 84
55 28 85
47 28 86
48 28 87
54 28 88
41 28 89
41 28 90
47 28 91
43 28 92
52 28 93
38 28 94
45 28 95
54 28 96
52 28 97
47 28 98
42 28 99
40 28 100
46 29 1
44 29 2
64 29 3
46 29 4
44 29 5
49 29 6
71 29 7
61 29 8
54 29 9
49 29 10
50 29 11
42 29 12
48 29 13
57 29 14
57 29 15
56 29 16
40 29 17
37 29 18
42 29 19
61 29 20
43 29 21
43 29 22
43 29 23
65 29 24
41 29 25
43 29 26
48 29 27
44 29 28
113 29 29
47 29 30
45 29 31
63 29 32
41 29 33
41 29 34
49 29 35
41 29 36
40 29 37
41 29 38
40 29 39
50 29 40
50 29 41
38 29 42
37 29 43
45 29 44
52 29 45
54 29 46
49 29 47
57 29 48
41 29 49
54 29 50
58 29 51
44 29 52
59 29 53
39 29 54
71 29 55
32 29 56
45 29 57
46 29 58
43 29 59
54 29 60
49 29 61
55 29 62
37 29 63
38 29 64
39 29 65
58 29 66
49 29 67
54 29 68
51 29 69
44 29 70
46 29 71
55 29 72
52 29 73
46 29 74
52 29 75
49 29 76
61 29 77
50 29 78
42 29 79
50 29 80
54 29 81
56 29 82
53 29 83
53 29 84
32 29 85
57 29 86
51 29 87
59 29 88
58 29 89
54 29 90
51 29 91
58 29 92
45 29 93
52 29 94
49 29 95
48 29 96
41 29 97
44 29 98
41 29 99
52 29 100
32 30 1
34 30 2
36 30 3
36 30 4
37 30 5
28 30 6
44 30 7
31 30 8
55 30 9
36 30 10
37 30 11
39 30 12
43 30 13
32 30 14
29 30 15
33 30 16
46 30 17
40 30 18
34 30 19
32 30 20
33 30 21
47 30 22
41 30 23
46 30 24
30 30 25
27 30 26
36 30 27
31 30 28
48 30 29
116 30 30
67 30 31
41 30 32
37 30 33
42 30 34
40 30 35
37 30 36
40 30 37
37 30 38
41 30 39
78 30 40
38 30 41
36 30 42
32 30 43
41 30 44
27 30 45
46 30 46
38 30 47
33 30 48
35 30 49
36 30 50
36 30 51
29 30 52
35 30 53
33 30 54
53 30 55
34 30 56
31 30 57
37 30 58
34 30 59
32 30 60
40 30 61
39 30 62
38 30 63
40 30 64
30 30 65
44 30 66
31 30 67
53 30 68
41 30 69
35 30 70
42 30 71
48 30 72
58 30 73
42 30 74
43 30 75
38 30 76
38 30 77
26 30 78
28 30 79
41 30 80
37 30 81
48 30 82
43 30 83
47 30 84
31 30 85
38 30 86
32 30 87
34 30 88
34 30 89
39 30 90
43 30 91
34 30 92
35 30 93
62 30 94
36 30 95
34 30 96
53 30 97
27 30 98
36 30 99
43 30 100
35 31 1
36 31 2
41 31 3
36 31 4
33 31 5
32 31 6
37 31 7
29 31 8
58 31 9
44 31 10
46 31 11
37 31 12
34 31 13
34 31 14
46 31 15
37 31 16
36 31 17
42 31 18
41 31 19
40 31 20
34 31 21
41 31 22
35 31 23
53 31 24
44 31 25
38 31 26
31 31 27
43 31 28
36 31 29
67 31 30
107 31 31
37 31 32
35 31 33
36 31 34
42 31 35
36 31 36
40 31 37
34 31 38
31 31 39
67 31 40
35 31 41
37 31 42
39 31 43
35 31 44
38 31 45
36 31 46
34 31 47
35 31 48
39 31 49
30 31 50
33 31 51
26 31 52
37 31 53
34 31 54
47 31 55
43 31 56
28 31 57
38 31 58
44 31 59
29 31 60
39 31 61
37 31 62
36 31 63
40 31 64
33 31 65
35 31 66
36 31 67
55 31 68
36 31 69
38 31 70
37 31 71
44 31 72
59 31 73
38 31 74
41 31 75
39 31 76
38 31 77
35 31 78
37 31 79
37 31 80
32 31 81
47 31 82
67 31 83
50 31 84
39 31 85
40 31 86
30 31 87
33 31 88
42 31 89
39 31 90
39 31 91
33 31 92
38 31 93
43 31 94
27 31 95
32 31 96
53 31 97
36 31 98
41 31 99
49 31 100
44 32 1
57 32 2
59 32 3
40 32 4
38 32 5
49 32 6
49 32 7
60 32 8
39 32 9
44 32 10
43 32 11
44 32 12
48 32 13
46 32 14
43 32 15
48 32 16
46 32 17
45 32 18
47 32 19
47 32 20
52 32 21
44 32 22
44 32 23
56 32 24
50 32 25
39 32 26
53 32 27
51 32 28
54 32 29
43 32 30
31 32 31
113 32 32
38 32 33
39 32 34
35 32 35
43 32 36
40 32 37
58 32 38
41 32 39
37 32 40
45 32 41
48 32 42
37 32 43
49 32 44
41 32 45
51 32 46
46 32 47
49 32 48
42 32 49
55 32 50
45 32 51
50 32 52
42 32 53
42 32 54
44 32 55
43 32 56
41 32 57
46 32 58
49 32 59
50 32 60
45 32 61
41 32 62
47 32 63
34 32 64
53 32 65
44 32 66
44 32 67
50 32 68
45 32 69
46 32 70
43 32 71
42 32 72
42 32 73
47 32 74
51 32 75
44 32 76
47 32 77
54 32 78
46 32 79
38 32 80
48 32 81
52 32 82
38 32 83
47 32 84
35 32 85
53 32 86
45 32 87
56 32 88
41 32 89
36 32 90
42 32 91
49 32 92
39 32 93
51 32 94
56 32 95
51 32 96
41 32 97
39 32 98
41 32 99
46 32 100
60 33 1
43 33 2
45 33 3
40 33 4
48 33 5
56 33 6
47 33 7
52 33 8
49 33 9
42 33 10
47 33 11
41 33 12
61 33 13
46 33 14
43 33 15
38 33 16
60 33 17
48 33 18
54 33 19
47 33 20
61 33 21
45 33 22
47 33 23
46 33 24
52 33 25
53 33 26
50 33 27
51 33 28
40 33 29
38 33 30
40 33 31
44 33 32
94 33 33
55 33 34
53 33 35
64 33 36
58 33 37
38 33 38
59 33 39
38 33 40
40 33 41
44 33 42
64 33 43
51 33 44
37 33 45
53 33 46
47 33 47
54 33 48
54 33 49
49 33 50
50 33 51
65 33 52
50 33 53
49 33 54
47 33 55
57 33 56
53 33 57
62 33 58
58 33 59
56 33 60
52 33 61
50 33 62
52 33 63
46 33 64
59 33 65
47 33 66
46 33 67
30 33 68
32 33 69
53 33 70
41 33 71
48 33 72
37 33 73
55 33 74
40 33 75
62 33 76
43 33 77
47 33 78
52 33 79
42 33 80
62 33 81
49 33 82
44 33 83
47 33 84
58 33 85
61 33 86
70 33 87
55 33 88
43 33 89
50 33 90
49 33 91
44 33 92
54 33 93
48 33 94
61 33 95
54 33 96
47 33 97
45 33 98
65 33 99
42 33 100
47 34 1
46 34 2
40 34 3
45 34 4
48 34 5
35 34 6
42 34 7
33 34 8
35 34 9
47 34 10
52 34 11
46 34 12
61 34 13
44 34 14
50 34 15
51 34 16
66 34 17
41 34 18
53 34 19
40 34 20
48 34 21
48 34 22
56 34 23
38 34 24
51 34 25
45 34 26
43 34 27
48 34 28
37 34 29
47 34 30
40 34 31
42 34 32
48 34 33
111 34 34
51 34 35
53 34 36
47 34 37
44 34 38
40 34 39
47 34 40
48 34 41
51 34 42
44 34 43
52 34 44
51 34 45
54 34 46
49 34 47
56 34 48
61 34 49
39 34 50
36 34 51
52 34 52
48 34 53
56 34 54
37 34 55
57 34 56
40 34 57
50 34 58
60 34 59
52 34 60
52 34 61
48 34 62
45 34 63
48 34 64
51 34 65
37 34 66
44 34 67
37 34 68
52 34 69
59 34 70
36 34 71
47 34 72
39 34 73
57 34 74
42 34 75
42 34 76
43 34 77
41 34 78
48 34 79
41 34 80
39 34 81
46 34 82
34 34 83
37 34 84
55 34 85
57 34 86
52 34 87
36 34 88
63 34 89
48 34 90
41 34 91
45 34 92
47 34 93
43 34 94
48 34 95
47 34 96
37 34 97
55 34 98
48 34 99
59 34 100
36 35 1
50 35 2
39 35 3
33 35 4
38 35 5
42 35 6
39 35 7
49 35 8
44 35 9
48 35 10
48 35 11
41 35 12
45 35 13
38 35 14
38 35 15
34 35 16
45 35 17
54 35 18
44 35 19
49 35 20
41 35 21
40 35 22
52 35 23
45 35 24
50 35 25
58 35 26
42 35 27
45 35 28
31 35 29
39 35 30
41 35 31
40 35 32
45 35 33
45 35 34
113 35 35
47 35 36
57 35 37
47 35 38
47 35 39
45 35 40
40 35 41
44 35 42
49 35 43
51 35 44
52 35 45
46 35 46
39 35 47
47 35 48
45 35 49
47 35 50
41 35 51
43 35 52
46 35 53
58 35 54
44 35 55
54 35 56
44 35 57
54 35 58
49 35 59
49 35 60
39 35 61
59 35 62
39 35 63
56 35 64
50 35 65
40 35 66
51 35 67
44 35 68
41 35 69
48 35 70
43 35 71
34 35 72
41 35 73
48 35 74
42 35 75
59 35 76
42 35 77
54 35 78
56 35 79
56 35 80
37 35 81
44 35 82
50 35 83
46 35 84
37 35 85
39 35 86
40 35 87
43 35 88
51 35 89
42 35 90
47 35 91
50 35 92
37 35 93
44 35 94
46 35 95
39 35 96
33 35 97
36 35 98
47 35 99
40 35 100
44 36 1
48 36 2
43 36 3
38 36 4
40 36 5
45 36 6
45 36 7
51 36 8
33 36 9
38 36 10
43 36 11
48 36 12
54 36 13
36 36 14
34 36 15
47 36 16
50 36 17
48 36 18
36 36 19
45 36 20
40 36 21
46 36 22
54 36 23
38 36 24
45 36 25
45 36 26
44 36 27
49 36 28
34 36 29
37 36 30
43 36 31
51 36 32
56 36 33
47 36 34
51 36 35
113 36 36
68 36 37
48 36 38
46 36 39
45 36 40
49 36 41
53 36 42
57 36 43
51 36 44
44 36 45
45 36 46
44 36 47
38 36 48
46 36 49
42 36 50
48 36 51
52 36 52
41 36 53
58 36 54
37 36 55
69 36 56
48 36 57
59 36 58
58 36 59
57 36 60
47 36 61
58 36 62
37 36 63
57 36 64
53 36 65
31 36 66
44 36 67
39 36 68
40 36 69
42 36 70
42 36 71
42 36 72
45 36 73
51 36 74
34 36 75
48 36 76
46 36 77
61 36 78
45 36 79
38 36 80
43 36 81
40 36 82
29 36 83
46 36 84
46 36 85
49 36 86
47 36 87
58 36 88
41 36 89
44 36 90
38 36 91
46 36 92
53 36 93
39 36 94
48 36 95
55 36 96
52 36 97
56 36 98
58 36 99
58 36 100
49 37 1
51 37 2
32 37 3
39 37 4
38 37 5
39 37 6
41 37 7
42 37 8
36 37 9
35 37 10
44 37 11
41 37 12
50 37 13
40 37 14
39 37 15
32 37 16
60 37 17
46 37 18
38 37 19
51 37 20
46 37 21
42 37 22
51 37 23
41 37 24
51 37 25
49 37 26
43 37 27
39 37 28
29 37 29
47 37 30
46 37 31
42 37 32
57 37 33
51 37 34
60 37 35
69 37 36
113 37 37
42 37 38
49 37 39
43 37 40
34 37 41
39 37 42
48 37 43
52 37 44
44 37 45
51 37 46
40 37 47
47 37 48
44 37 49
42 37 50
34 37 51
53 37 52
43 37 53
49 37 54
45 37 55
66 37 56
40 37 57
56 37 58
71 37 59
40 37 60
38 37 61
54 37 62
40 37 63
66 37 64
56 37 65
31 37 66
47 37 67
35 37 68
39 37 69
47 37 70
48 37 71
48 37 72
37 37 73
51 37 74
41 37 75
52 37 76
47 37 77
50 37 78
48 37 79
35 37 80
39 37 81
33 37 82
32 37 83
42 37 84
41 37 85
44 37 86
44 37 87
44 37 88
47 37 89
49 37 90
52 37 91
54 37 92
46 37 93
43 37 94
45 37 95
54 37 96
36 37 97
49 37 98
45 37 99
49 37 100
47 38 1
40 38 2
46 38 3
39 38 4
39 38 5
53 38 6
53 38 7
48 38 8
35 38 9
41 38 10
42 38 11
48 38 12
47 38 13
51 38 14
42 38 15
49 38 16
42 38 17
48 38 18
44 38 19
37 38 20
53 38 21
48 38 22
43 38 23
39 38 24
39 38 25
44 38 26
56 38 27
65 38 28
35 38 29
37 38 30
38 38 31
55 38 32
41 38 33
45 38 34
38 38 35
44 38 36
47 38 37
111 38 38
53 38 39
28 38 40
52 38 41
41 38 42
54 38 43
46 38 44
41 38 45
39 38 46
48 38 47
37 38 48
41 38 49
58 38 50
41 38 51
51 38 52
35 38 53
40 38 54
32 38 55
46 38 56
58 38 57
36 38 58
36 38 59
52 38 60
65 38 61
41 38 62
58 38 63
40 38 64
54 38 65
35 38 66
49 38 67
31 38 68
44 38 69
37 38 70
43 38 71
50 38 72
37 38 73
39 38 74
49 38 75
52 38 76
48 38 77
38 38 78
45 38 79
40 38 80
34 38 81
34 38 82
41 38 83
38 38 84
53 38 85
55 38 86
51 38 87
48 38 88
49 38 89
43 38 90
47 38 91
45 38 92
50 38 93
30 38 94
47 38 95
43 38 96
51 38 97
42 38 98
41 38 99
31 38 100
62 39 1
50 39 2
41 39 3
42 39 4
44 39 5
65 39 6
45 39 7
50 39 8
41 39 9
48 39 10
43 39 11
47 39 12
55 39 13
40 39 14
37 39 15
42 39 16
49 39 17
49 39 18
51 39 19
38 39 20
65 39 21
41 39 22
44 39 23
37 39 24
42 39 25
66 39 26
52 39 27
67 39 28
32 39 29
43 39 30
32 39 31
50 39 32
64 39 33
44 39 34
54 39 35
58 39 36
56 39 37
64 39 38
115 39 39
39 39 40
39 39 41
55 39 42
69 39 43
52 39 44
51 39 45
41 39 46
46 39 47
39 39 48
48 39 49
47 39 50
48 39 51
67 39 52
38 39 53
42 39 54
44 39 55
55 39 56
58 39 57
46 39 58
50 39 59
62 39 60
45 39 61
49 39 62
43 39 63
61 39 64
66 39 65
48 39 66
62 39 67
38 39 68
40 39 69
47 39 70
44 39 71
43 39 72
36 39 73
42 39 74
47 39 75
61 39 76
51 39 77
50 39 78
66 39 79
41 39 80
61 39 81
39 39 82
44 39 83
40 39 84
67 39 85
53 39 86
68 39 87
59 39 88
41 39 89
37 39 90
51 39 91
46 39 92
44 39 93
43 39 94
53 39 95
65 39 96
45 39 97
56 39 98
42 39 99
40 39 100
45 40 1
36 40 2
43 40 3
34 40 4
36 40 5
33 40 6
52 40 7
40 40 8
58 40 9
44 40 10
31 40 11
34 40 12
35 40 13
48 40 14
35 40 15
38 40 16
44 40 17
45 40 18
32 40 19
42 40 20
36 40 21
49 40 22
53 40 23
43 40 24
42 40 25
44 40 26
38 40 27
41 40 28
48 40 29
86 40 30
64 40 31
42 40 32
37 40 33
44 40 34
46 40 35
48 40 36
50 40 37
38 40 38
43 40 39
118 40 40
35 40 41
50 40 42
36 40 43
47 40 44
36 40 45
38 40 46
34 40 47
35 40 48
46 40 49
32 40 50
32 40 51
42 40 52
43 40 53
44 40 54
60 40 55
37 40 56
38 40 57
52 40 58
40 40 59
36 40 60
42 40 61
39 40 62
32 40 63
53 40 64
37 40 65
41 40 66
31 40 67
58 40 68
48 40 69
42 40 70
41 40 71
44 40 72
62 40 73
45 40 74
42 40 75
43 40 76
43 40 77
48 40 78
41 40 79
42 40 80
39 40 81
51 40 82
58 40 83
62 40 84
43 40 85
39 40 86
36 40 87
36 40 88
42 40 89
35 40 90
42 40 91
46 40 92
48 40 93
49 40 94
46 40 95
40 40 96
54 40 97
39 40 98
32 40 99
40 40 100
40 41 1
40 41 2
43 41 3
57 41 4
55 41 5
33 41 6
47 41 7
40 41 8
38 41 9
39 41 10
39 41 11
37 41 12
49 41 13
57 41 14
63 41 15
61 41 16
45 41 17
33 41 18
54 41 19
45 41 20
39 41 21
42 41 22
37 41 23
36 41 24
41 41 25
39 41 26
54 41 27
37 41 28
50 41 29
31 41 30
34 41 31
50 41 32
36 41 33
40 41 34
34 41 35
36 41 36
33 41 37
42 41 38
33 41 39
28 41 40
124 41 41
44 41 42
40 41 43
29 41 44
40 41 45
38 41 46
53 41 47
43 41 48
35 41 49
48 41 50
51 41 51
39 41 52
56 41 53
36 41 54
38 41 55
28 41 56
46 41 57
25 41 58
36 41 59
41 41 60
51 41 61
40 41 62
57 41 63
30 41 64
44 41 65
51 41 66
30 41 67
37 41 68
46 41 69
55 41 70
53 41 71
60 41 72
36 41 73
46 41 74
44 41 75
27 41 76
36 41 77
50 41 78
46 41 79
68 41 80
34 41 81
48 41 82
38 41 83
36 41 84
55 41 85
38 41 86
39 41 87
41 41 88
54 41 89
65 41 90
62 41 91
43 41 92
42 41 93
35 41 94
44 41 95
36 41 96
38 41 97
41 41 98
41 41 99
41 41 100
52 42 1
51 42 2
50 42 3
37 42 4
40 42 5
51 42 6
48 42 7
50 42 8
41 42 9
38 42 10
59 42 11
55 42 12
51 42 13
44 42 14
40 42 15
53 42 16
48 42 17
51 42 18
47 42 19
54 42 20
45 42 21
53 42 22
50 42 23
29 42 24
65 42 25
65 42 26
41 42 27
54 42 28
34 42 29
40 42 30
50 42 31
51 42 32
50 42 33
57 42 34
49 42 35
52 42 36
48 42 37
51 42 38
53 42 39
55 42 40
43 42 41
107 42 42
54 42 43
61 42 44
54 42 45
57 42 46
57 42 47
54 42 48
49 42 49
46 42 50
32 42 51
47 42 52
37 42 53
56 42 54
37 42 55
59 42 56
49 42 57
59 42 58
53 42 59
56 42 60
53 42 61
60 42 62
43 42 63
54 42 64
44 42 65
43 42 66
47 42 67
40 42 68
42 42 69
52 42 70
53 42 71
42 42 72
42 42 73
60 42 74
36 42 75
56 42 76
44 42 77
45 42 78
51 42 79
39 42 80
42 42 81
44 42 82
36 42 83
51 42 84
47 42 85
52 42 86
47 42 87
57 42 88
60 42 89
39 42 90
34 42 91
37 42 92
61 42 93
40 42 94
55 42 95
50 42 96
50 42 97
51 42 98
57 42 99
49 42 100
57 43 1
42 43 2
24 43 3
37 43 4
40 43 5
52 43 6
35 43 7
40 43 8
43 43 9
47 43 10
44 43 11
48 43 12
58 43 13
40 43 14
39 43 15
45 43 16
42 43 17
42 43 18
52 43 19
48 43 20
59 43 21
48 43 22
44 43 23
34 43 24
50 43 25
59 43 26
58 43 27
58 43 28
30 43 29
33 43 30
29 43 31
46 43 32
64 43 33
44 43 34
54 43 35
61 43 36
60 43 37
60 43 38
70 43 39
33 43 40
45 43 41
61 43 42
114 43 43
46 43 44
49 43 45
43 43 46
54 43 47
45 43 48
43 43 49
55 43 50
50 43 51
57 43 52
33 43 53
43 43 54
36 43 55
53 43 56
59 43 57
45 43 58
43 43 59
61 43 60
55 43 61
53 43 62
52 43 63
50 43 64
58 43 65
37 43 66
52 43 67
44 43 68
36 43 69
46 43 70
46 43 71
40 43 72
35 43 73
54 43 74
32 43 75
57 43 76
46 43 77
43 43 78
52 43 79
32 43 80
53 43 81
33 43 82
34 43 83
35 43 84
65 43 85
55 43 86
55 43 87
57 43 88
53 43 89
42 43 90
46 43 91
53 43 92
61 43 93
31 43 94
53 43 95
65 43 96
36 43 97
63 43 98
59 43 99
35 43 100
40 44 1
37 44 2
36 44 3
35 44 4
38 44 5
49 44 6
54 44 7
39 44 8
33 44 9
30 44 10
37 44 11
50 44 12
52 44 13
38 44 14
45 44 15
39 44 16
48 44 17
52 44 18
35 44 19
42 44 20
54 44 21
46 44 22
46 44 23
44 44 24
36 44 25
54 44 26
39 44 27
45 44 28
46 44 29
39 44 30
48 44 31
48 44 32
42 44 33
42 44 34
51 44 35
51 44 36
43 44 37
44 44 38
38 44 39
34 44 40
33 44 41
59 44 42
45 44 43
111 44 44
49 44 45
40 44 46
31 44 47
53 44 48
50 44 49
45 44 50
33 44 51
39 44 52
42 44 53
38 44 54
40 44 55
50 44 56
46 44 57
50 44 58
35 44 59
40 44 60
40 44 61
50 44 62
38 44 63
44 44 64
39 44 65
35 44 66
44 44 67
38 44 68
55 44 69
38 44 70
44 44 71
40 44 72
41 44 73
43 44 74
34 44 75
54 44 76
36 44 77
50 44 78
52 44 79
24 44 80
47 44 81
38 44 82
49 44 83
36 44 84
41 44 85
52 44 86
53 44 87
39 44 88
50 44 89
31 44 90
43 44 91
41 44 92
68 44 93
33 44 94
44 44 95
39 44 96
34 44 97
41 44 98
52 44 99
42 44 100
44 45 1
41 45 2
36 45 3
43 45 4
41 45 5
56 45 6
63 45 7
46 45 8
47 45 9
35 45 10
57 45 11
48 45 12
72 45 13
43 45 14
49 45 15
38 45 16
49 45 17
49 45 18
51 45 19
55 45 20
51 45 21
43 45 22
51 45 23
44 45 24
57 45 25
61 45 26
42 45 27
44 45 28
50 45 29
32 45 30
36 45 31
45 45 32
48 45 33
44 45 34
62 45 35
49 45 36
41 45 37
41 45 38
41 45 39
43 45 40
48 45 41
53 45 42
45 45 43
52 45 44
113 45 45
51 45 46
43 45 47
47 45 48
55 45 49
62 45 50
42 45 51
51 45 52
45 45 53
50 45 54
39 45 55
42 45 56
50 45 57
49 45 58
48 45 59
50 45 60
48 45 61
49 45 62
40 45 63
49 45 64
44 45 65
34 45 66
51 45 67
43 45 68
46 45 69
51 45 70
41 45 71
43 45 72
53 45 73
54 45 74
44 45 75
50 45 76
49 45 77
49 45 78
71 45 79
53 45 80
51 45 81
41 45 82
37 45 83
44 45 84
40 45 85
41 45 86
48 45 87
43 45 88
62 45 89
56 45 90
46 45 91
50 45 92
46 45 93
32 45 94
50 45 95
41 45 96
29 45 97
70 45 98
50 45 99
50 45 100
44 46 1
53 46 2
44 46 3
40 46 4
48 46 5
43 46 6
37 46 7
42 46 8
45 46 9
33 46 10
66 46 11
53 46 12
66 46 13
46 46 14
45 46 15
36 46 16
56 46 17
51 46 18
42 46 19
59 46 20
53 46 21
63 46 22
47 46 23
41 46 24
71 46 25
56 46 26
36 46 27
40 46 28
45 46 29
50 46 30
41 46 31
58 46 32
48 46 33
62 46 34
54 46 35
36 46 36
48 46 37
40 46 38
42 46 39
34 46 40
45 46 41
47 46 42
38 46 43
46 46 44
62 46 45
109 46 46
51 46 47
59 46 48
54 46 49
36 46 50
41 46 51
48 46 52
53 46 53
54 46 54
33 46 55
47 46 56
37 46 57
51 46 58
59 46 59
48 46 60
46 46 61
34 46 62
64 46 63
51 46 64
39 46 65
38 46 66
49 46 67
44 46 68
51 46 69
47 46 70
45 46 71
52 46 72
45 46 73
67 46 74
35 46 75
55 46 76
47 46 77
39 46 78
48 46 79
49 46 80
45 46 81
45 46 82
42 46 83
52 46 84
34 46 85
54 46 86
48 46 87
47 46 88
67 46 89
52 46 90
41 46 91
43 46 92
54 46 93
40 46 94
42 46 95
45 46 96
33 46 97
53 46 98
44 46 99
57 46 100
46 47 1
49 47 2
50 47 3
65 47 4
68 47 5
38 47 6
50 47 7
50 47 8
40 47 9
54 47 10
49 47 11
53 47 12
50 47 13
59 47 14
59 47 15
67 47 16
62 47 17
43 47 18
66 47 19
44 47 20
51 47 21
45 47 22
58 47 23
46 47 24
60 47 25
53 47 26
55 47 27
45 47 28
49 47 29
39 47 30
34 47 31
59 47 32
62 47 33
47 47 34
45 47 35
46 47 36
61 47 37
51 47 38
51 47 39
41 47 40
64 47 41
63 47 42
48 47 43
49 47 44
58 47 45
65 47 46
105 47 47
53 47 48
43 47 49
53 47 50
62 47 51
50 47 52
68 47 53
54 47 54
45 47 55
49 47 56
48 47 57
39 47 58
45 47 59
55 47 60
43 47 61
57 47 62
65 47 63
46 47 64
44 47 65
40 47 66
49 47 67
36 47 68
57 47 69
75 47 70
60 47 71
66 47 72
35 47 73
67 47 74
54 47 75
45 47 76
54 47 77
51 47 78
52 47 79
58 47 80
50 47 81
43 47 82
44 47 83
50 47 84
37 47 85
55 47 86
48 47 87
53 47 88
56 47 89
67 47 90
67 47 91
67 47 92
46 47 93
53 47 94
48 47 95
63 47 96
48 47 97
47 47 98
63 47 99
62 47 100
44 48 1
43 48 2
43 48 3
37 48 4
47 48 5
48 48 6
41 48 7
41 48 8
35 48 9
34 48 10
65 48 11
39 48 12
55 48 13
43 48 14
52 48 15
38 48 16
46 48 17
54 48 18
36 48 19
47 48 20
51 48 21
47 48 22
54 48 23
44 48 24
45 48 25
52 48 26
43 48 27
40 48 28
55 48 29
41 48 30
42 48 31
47 48 32
53 48 33
54 48 34
52 48 35
37 48 36
41 48 37
34 48 38
41 48 39
37 48 40
43 48 41
50 48 42
40 48 43
46 48 44
53 48 45
51 48 46
52 48 47
111 48 48
51 48 49
41 48 50
35 48 51
43 48 52
57 48 53
39 48 54
39 48 55
40 48 56
53 48 57
45 48 58
50 48 59
38 48 60
48 48 61
49 48 62
37 48 63
44 48 64
42 48 65
36 48 66
47 48 67
38 48 68
54 48 69
43 48 70
45 48 71
47 48 72
56 48 73
54 48 74
40 48 75
52 48 76
39 48 77
50 48 78
51 48 79
46 48 80
45 48 81
45 48 82
44 48 83
53 48 84
39 48 85
42 48 86
41 48 87
45 48 88
60 48 89
43 48 90
39 48 91
41 48 92
51 48 93
42 48 94
44 48 95
39 48 96
34 48 97
49 48 98
51 48 99
53 48 100
47 49 1
49 49 2
39 49 3
44 49 4
45 49 5
56 49 6
46 49 7
52 49 8
45 49 9
39 49 10
60 49 11
58 49 12
68 49 13
38 49 14
47 49 15
34 49 16
47 49 17
58 49 18
44 49 19
46 49 20
44 49 21
64 49 22
55 49 23
34 49 24
64 49 25
67 49 26
44 49 27
45 49 28
38 49 29
41 49 30
47 49 31
46 49 32
56 49 33
62 49 34
58 49 35
49 49 36
53 49 37
43 49 38
47 49 39
47 49 40
41 49 41
60 49 42
51 49 43
53 49 44
69 49 45
69 49 46
54 49 47
59 49 48
113 49 49
35 49 50
41 49 51
53 49 52
52 49 53
64 49 54
41 49 55
63 49 56
42 49 57
68 49 58
46 49 59
62 49 60
40 49 61
50 49 62
48 49 63
54 49 64
36 49 65
37 49 66
45 49 67
50 49 68
54 49 69
52 49 70
51 49 71
41 49 72
48 49 73
64 49 74
38 49 75
54 49 76
47 49 77
59 49 78
64 49 79
44 49 80
45 49 81
51 49 82
40 49 83
47 49 84
49 49 85
41 49 86
51 49 87
50 49 88
58 49 89
47 49 90
46 49 91
49 49 92
59 49 93
43 49 94
43 49 95
45 49 96
38 49 97
60 49 98
49 49 99
52 49 100
52 50 1
40 50 2
52 50 3
34 50 4
37 50 5
55 50 6
53 50 7
57 50 8
35 50 9
48 50 10
41 50 11
47 50 12
50 50 13
45 50 14
44 50 15
52 50 16
38 50 17
44 50 18
46 50 19
46 50 20
46 50 21
42 50 22
49 50 23
57 50 24
37 50 25
42 50 26
43 50 27
61 50 28
43 50 29
38 50 30
44 50 31
55 50 32
51 50 33
40 50 34
47 50 35
50 50 36
51 50 37
61 50 38
51 50 39
34 50 40
47 50 41
41 50 42
47 50 43
51 50 44
55 50 45
43 50 46
44 50 47
51 50 48
37 50 49
107 50 50
43 50 51
62 50 52
43 50 53
35 50 54
41 50 55
35 50 56
64 50 57
49 50 58
34 50 59
55 50 60
48 50 61
51 50 62
47 50 63
41 50 64
50 50 65
37 50 66
60 50 67
26 50 68
42 50 69
50 50 70
34 50 71
41 50 72
43 50 73
48 50 74
55 50 75
55 50 76
57 50 77
42 50 78
57 50 79
42 50 80
60 50 81
49 50 82
47 50 83
38 50 84
56 50 85
67 50 86
65 50 87
63 50 88
52 50 89
45 50 90
44 50 91
52 50 92
46 50 93
38 50 94
64 50 95
50 50 96
53 50 97
44 50 98
67 50 99
40 50 100
48 51 1
42 51 2
48 51 3
58 51 4
61 51 5
47 51 6
48 51 7
59 51 8
39 51 9
64 51 10
38 51 11
37 51 12
44 51 13
59 51 14
52 51 15
69 51 16
44 51 17
32 51 18
59 51 19
45 51 20
48 51 21
31 51 22
52 51 23
53 51 24
40 51 25
41 51 26
47 51 27
58 51 28
55 51 29
33 51 30
40 51 31
52 51 32
54 51 33
35 51 34
43 51 35
46 51 36
39 51 37
45 51 38
49 51 39
33 51 40
58 51 41
27 51 42
46 51 43
35 51 44
41 51 45
43 51 46
51 51 47
40 51 48
34 51 49
56 51 50
116 51 51
49 51 52
58 51 53
38 51 54
57 51 55
46 51 56
50 51 57
38 51 58
41 51 59
51 51 60
49 51 61
41 51 62
48 51 63
35 51 64
42 51 65
58 51 66
46 51 67
45 51 68
36 51 69
60 51 70
43 51 71
56 51 72
40 51 73
37 51 74
59 51 75
33 51 76
62 51 77
51 51 78
37 51 79
56 51 80
38 51 81
44 51 82
43 51 83
48 51 84
41 51 85
47 51 86
48 51 87
50 51 88
43 51 89
59 51 90
51 51 91
51 51 92
28 51 93
49 51 94
50 51 95
49 51 96
52 51 97
32 51 98
49 51 99
39 51 100
56 52 1
42 52 2
46 52 3
38 52 4
31 52 5
58 52 6
39 52 7
46 52 8
38 52 9
45 52 10
35 52 11
51 52 12
52 52 13
35 52 14
43 52 15
44 52 16
50 52 17
47 52 18
51 52 19
50 52 20
44 52 21
49 52 22
56 52 23
46 52 24
49 52 25
53 52 26
50 52 27
48 52 28
41 52 29
37 52 30
30 52 31
59 52 32
61 52 33
45 52 34
48 52 35
39 52 36
56 52 37
58 52 38
57 52 39
35 52 40
44 52 41
42 52 42
64 52 43
39 52 44
48 52 45
54 52 46
49 52 47
46 52 48
55 52 49
57 52 50
50 52 51
106 52 52
38 52 53
45 52 54
39 52 55
55 52 56
50 52 57
54 52 58
48 52 59
54 52 60
49 52 61
56 52 62
51 52 63
48 52 64
53 52 65
34 52 66
48 52 67
28 52 68
35 52 69
39 52 70
48 52 71
45 52 72
38 52 73
41 52 74
44 52 75
52 52 76
37 52 77
51 52 78
52 52 79
40 52 80
52 52 81
44 52 82
42 52 83
35 52 84
62 52 85
56 52 86
57 52 87
58 52 88
58 52 89
36 52 90
34 52 91
48 52 92
39 52 93
38 52 94
66 52 95
56 52 96
50 52 97
44 52 98
63 52 99
33 52 100
48 53 1
41 53 2
47 53 3
64 53 4
54 53 5
39 53 6
48 53 7
51 53 8
52 53 9
46 53 10
42 53 11
41 53 12
49 53 13
59 53 14
66 53 15
58 53 16
48 53 17
41 53 18
57 53 19
47 53 20
46 53 21
44 53 22
64 53 23
58 53 24
40 53 25
48 53 26
52 53 27
45 53 28
48 53 29
39 53 30
47 53 31
46 53 32
54 53 33
48 53 34
49 53 35
42 53 36
48 53 37
40 53 38
38 53 39
49 53 40
71 53 41
44 53 42
37 53 43
43 53 44
50 53 45
58 53 46
70 53 47
57 53 48
52 53 49
52 53 50
58 53 51
46 53 52
116 53 53
41 53 54
49 53 55
39 53 56
46 53 57
45 53 58
58 53 59
41 53 60
34 53 61
51 53 62
48 53 63
41 53 64
34 53 65
53 53 66
43 53 67
40 53 68
53 53 69
69 53 70
43 53 71
55 53 72
51 53 73
46 53 74
51 53 75
37 53 76
48 53 77
57 53 78
41 53 79
70 53 80
44 53 81
40 53 82
48 53 83
61 53 84
41 53 85
41 53 86
39 53 87
41 53 88
51 53 89
64 53 90
53 53 91
59 53 92
39 53 93
47 53 94
41 53 95
42 53 96
38 53 97
52 53 98
50 53 99
39 53 100
36 54 1
50 54 2
41 54 3
42 54 4
40 54 5
39 54 6
40 54 7
44 54 8
47 54 9
43 54 10
46 54 11
44 54 12
41 54 13
36 54 14
33 54 15
41 54 16
47 54 17
57 54 18
44 54 19
58 54 20
49 54 21
44 54 22
55 54 23
30 54 24
45 54 25
55 54 26
39 54 27
49 54 28
39 54 29
41 54 30
35 54 31
42 54 32
47 54 33
64 54 34
59 54 35
53 54 36
59 54 37
42 54 38
44 54 39
38 54 40
31 54 41
48 54 42
43 54 43
49 54 44
40 54 45
55 54 46
37 54 47
36 54 48
55 54 49
36 54 50
31 54 51
49 54 52
42 54 53
105 54 54
30 54 55
75 54 56
42 54 57
62 54 58
64 54 59
48 54 60
35 54 61
51 54 62
41 54 63
57 54 64
55 54 65
38 54 66
49 54 67
43 54 68
43 54 69
40 54 70
46 54 71
49 54 72
45 54 73
34 54 74
35 54 75
33 54 76
44 54 77
53 54 78
37 54 79
41 54 80
42 54 81
46 54 82
34 54 83
44 54 84
43 54 85
46 54 86
40 54 87
45 54 88
33 54 89
40 54 90
46 54 91
53 54 92
56 54 93
43 54 94
47 54 95
50 54 96
41 54 97
47 54 98
40 54 99
46 54 100
55 55 1
42 55 2
49 55 3
42 55 4
45 55 5
42 55 6
52 55 7
59 55 8
55 55 9
63 55 10
38 55 11
37 55 12
42 55 13
58 55 14
37 55 15
50 55 16
36 55 17
55 55 18
47 55 19
48 55 20
39 55 21
35 55 22
46 55 23
66 55 24
40 55 25
46 55 26
43 55 27
36 55 28
64 55 29
54 55 30
49 55 31
41 55 32
43 55 33
40 55 34
54 55 35
36 55 36
41 55 37
38 55 38
49 55 39
58 55 40
41 55 41
37 55 42
42 55 43
43 55 44
36 55 45
40 55 46
40 55 47
41 55 48
40 55 49
44 55 50
57 55 51
38 55 52
49 55 53
38 55 54
109 55 55
39 55 56
36 55 57
49 55 58
43 55 59
54 55 60
48 55 61
50 55 62
40 55 63
43 55 64
45 55 65
73 55 66
48 55 67
58 55 68
48 55 69
44 55 70
42 55 71
47 55 72
51 55 73
39 55 74
77 55 75
44 55 76
57 55 77
46 55 78
40 55 79
60 55 80
41 55 81
66 55 82
56 55 83
66 55 84
46 55 85
40 55 86
40 55 87
45 55 88
43 55 89
37 55 90
40 55 91
49 55 92
41 55 93
66 55 94
40 55 95
39 55 96
61 55 97
40 55 98
39 55 99
42 55 100
46 56 1
51 56 2
39 56 3
42 56 4
43 56 5
32 56 6
35 56 7
38 56 8
43 56 9
44 56 10
50 56 11
51 56 12
48 56 13
35 56 14
31 56 15
49 56 16
57 56 17
54 56 18
46 56 19
42 56 20
47 56 21
43 56 22
53 56 23
36 56 24
66 56 25
57 56 26
36 56 27
43 56 28
41 56 29
45 56 30
38 56 31
41 56 32
47 56 33
55 56 34
49 56 35
54 56 36
62 56 37
42 56 38
43 56 39
40 56 40
42 56 41
56 56 42
51 56 43
53 56 44
40 56 45
52 56 46
51 56 47
48 56 48
47 56 49
33 56 50
42 56 51
51 56 52
41 56 53
64 56 54
36 56 55
106 56 56
42 56 57
59 56 58
55 56 59
51 56 60
51 56 61
51 56 62
44 56 63
54 56 64
48 56 65
31 56 66
48 56 67
36 56 68
46 56 69
50 56 70
48 56 71
39 56 72
33 56 73
51 56 74
39 56 75
50 56 76
44 56 77
54 56 78
43 56 79
40 56 80
33 56 81
45 56 82
31 56 83
43 56 84
47 56 85
45 56 86
39 56 87
48 56 88
30 56 89
42 56 90
41 56 91
48 56 92
56 56 93
28 56 94
52 56 95
49 56 96
35 56 97
46 56 98
45 56 99
56 56 100
55 57 1
37 57 2
45 57 3
46 57 4
46 57 5
63 57 6
52 57 7
56 57 8
45 57 9
51 57 10
38 57 11
48 57 12
48 57 13
47 57 14
55 57 15
56 57 16
45 57 17
51 57 18
47 57 19
51 57 20
56 57 21
41 57 22
50 57 23
51 57 24
49 57 25
50 57 26
47 57 27
55 57 28
49 57 29
39 57 30
40 57 31
52 57 32
50 57 33
39 57 34
47 57 35
61 57 36
55 57 37
55 57 38
62 57 39
31 57 40
48 57 41
63 57 42
61 57 43
65 57 44
40 57 45
53 57 46
50 57 47
46 57 48
45 57 49
64 57 50
46 57 51
51 57 52
47 57 53
46 57 54
41 57 55
51 57 56
111 57 57
46 57 58
47 57 59
58 57 60
40 57 61
59 57 62
40 57 63
50 57 64
53 57 65
51 57 66
54 57 67
32 57 68
51 57 69
48 57 70
52 57 71
52 57 72
46 57 73
38 57 74
42 57 75
58 57 76
46 57 77
63 57 78
59 57 79
51 57 80
52 57 81
35 57 82
44 57 83
47 57 84
66 57 85
59 57 86
50 57 87
59 57 88
47 57 89
47 57 90
35 57 91
53 57 92
54 57 93
35 57 94
53 57 95
57 57 96
44 57 97
46 57 98
56 57 99
44 57 100
47 58 1
47 58 2
31 58 3
38 58 4
48 58 5
53 58 6
48 58 7
41 58 8
48 58 9
39 58 10
43 58 11
36 58 12
55 58 13
39 58 14
39 58 15
37 58 16
47 58 17
59 58 18
45 58 19
51 58 20
41 58 21
49 58 22
50 58 23
40 58 24
48 58 25
65 58 26
39 58 27
40 58 28
41 58 29
46 58 30
38 58 31
38 58 32
46 58 33
46 58 34
60 58 35
60 58 36
55 58 37
37 58 38
49 58 39
45 58 40
32 58 41
54 58 42
47 58 43
52 58 44
55 58 45
53 58 46
48 58 47
57 58 48
61 58 49
43 58 50
43 58 51
49 58 52
49 58 53
67 58 54
42 58 55
55 58 56
42 58 57
113 58 58
59 58 59
54 58 60
41 58 61
45 58 62
37 58 63
61 58 64
49 58 65
45 58 66
46 58 67
45 58 68
48 58 69
50 58 70
55 58 71
46 58 72
39 58 73
44 58 74
31 58 75
35 58 76
50 58 77
53 58 78
46 58 79
47 58 80
43 58 81
40 58 82
47 58 83
47 58 84
42 58 85
48 58 86
50 58 87
61 58 88
45 58 89
48 58 90
36 58 91
46 58 92
57 58 93
36 58 94
39 58 95
45 58 96
40 58 97
52 58 98
41 58 99
50 58 100
39 59 1
60 59 2
38 59 3
47 59 4
55 59 5
40 59 6
45 59 7
46 59 8
49 59 9
55 59 10
49 59 11
45 59 12
57 59 13
40 59 14
40 59 15
41 59 16
53 59 17
46 59 18
47 59 19
54 59 20
42 59 21
46 59 22
62 59 23
50 59 24
48 59 25
55 59 26
41 59 27
44 59 28
47 59 29
40 59 30
51 59 31
37 59 32
51 59 33
46 59 34
59 59 35
60 59 36
75 59 37
42 59 38
45 59 39
41 59 40
40 59 41
43 59 42
45 59 43
51 59 44
51 59 45
57 59 46
50 59 47
49 59 48
47 59 49
39 59 50
43 59 51
38 59 52
60 59 53
60 59 54
47 59 55
58 59 56
41 59 57
63 59 58
114 59 59
48 59 60
36 59 61
57 59 62
39 59 63
52 59 64
45 59 65
49 59 66
51 59 67
47 59 68
42 59 69
56 59 70
53 59 71
32 59 72
32 59 73
47 59 74
46 59 75
46 59 76
46 59 77
63 59 78
44 59 79
43 59 80
40 59 81
39 59 82
35 59 83
62 59 84
41 59 85
39 59 86
48 59 87
46 59 88
49 59 89
54 59 90
43 59 91
56 59 92
49 59 93
35 59 94
40 59 95
53 59 96
37 59 97
50 59 98
49 59 99
52 59 100
52 60 1
36 60 2
47 60 3
38 60 4
37 60 5
59 60 6
45 60 7
47 60 8
50 60 9
47 60 10
41 60 11
51 60 12
51 60 13
52 60 14
37 60 15
39 60 16
38 60 17
40 60 18
44 60 19
42 60 20
49 60 21
40 60 22
45 60 23
44 60 24
47 60 25
47 60 26
42 60 27
64 60 28
47 60 29
36 60 30
36 60 31
49 60 32
50 60 33
52 60 34
41 60 35
58 60 36
39 60 37
52 60 38
52 60 39
34 60 40
47 60 41
44 60 42
58 60 43
45 60 44
50 60 45
48 60 46
42 60 47
50 60 48
49 60 49
60 60 50
50 60 51
53 60 52
42 60 53
39 60 54
51 60 55
42 60 56
55 60 57
44 60 58
38 60 59
103 60 60
42 60 61
39 60 62
39 60 63
47 60 64
42 60 65
46 60 66
54 60 67
44 60 68
43 60 69
45 60 70
29 60 71
42 60 72
42 60 73
40 60 74
44 60 75
52 60 76
55 60 77
44 60 78
42 60 79
43 60 80
41 60 81
47 60 82
43 60 83
44 60 84
50 60 85
57 60 86
47 60 87
54 60 88
49 60 89
39 60 90
36 60 91
48 60 92
40 60 93
45 60 94
52 60 95
50 60 96
49 60 97
50 60 98
50 60 99
41 60 100
55 61 1
37 61 2
45 61 3
34 61 4
39 61 5
55 61 6
51 61 7
45 61 8
34 61 9
38 61 10
42 61 11
50 61 12
57 61 13
39 61 14
41 61 15
47 61 16
49 61 17
33 61 18
52 61 19
37 61 20
55 61 21
59 61 22
40 61 23
43 61 24
41 61 25
37 61 26
57 61 27
50 61 28
47 61 29
52 61 30
38 61 31
42 61 32
54 61 33
44 61 34
31 61 35
45 61 36
42 61 37
58 61 38
56 61 39
41 61 40
48 61 41
46 61 42
53 61 43
46 61 44
45 61 45
44 61 46
41 61 47
47 61 48
41 61 49
48 61 50
42 61 51
50 61 52
37 61 53
41 61 54
42 61 55
38 61 56
53 61 57
45 61 58
39 61 59
54 61 60
113 61 61
41 61 62
41 61 63
36 61 64
48 61 65
37 61 66
51 61 67
34 61 68
42 61 69
46 61 70
41 61 71
41 61 72
42 61 73
44 61 74
41 61 75
50 61 76
43 61 77
29 61 78
45 61 79
37 61 80
59 61 81
45 61 82
48 61 83
39 61 84
65 61 85
55 61 86
51 61 87
44 61 88
43 61 89
37 61 90
40 61 91
34 61 92
48 61 93
35 61 94
53 61 95
43 61 96
50 61 97
50 61 98
47 61 99
43 61 100
48 62 1
47 62 2
53 62 3
44 62 4
50 62 5
49 62 6
47 62 7
48 62 8
59 62 9
59 62 10
47 62 11
59 62 12
53 62 13
38 62 14
42 62 15
49 62 16
59 62 17
47 62 18
50 62 19
58 62 20
44 62 21
56 62 22
58 62 23
48 62 24
52 62 25
57 62 26
48 62 27
40 62 28
47 62 29
54 62 30
45 62 31
45 62 32
53 62 33
45 62 34
51 62 35
64 62 36
65 62 37
46 62 38
59 62 39
48 62 40
55 62 41
55 62 42
46 62 43
51 62 44
45 62 45
53 62 46
57 62 47
49 62 48
55 62 49
48 62 50
47 62 51
73 62 52
51 62 53
57 62 54
48 62 55
56 62 56
56 62 57
60 62 58
49 62 59
66 62 60
43 62 61
105 62 62
50 62 63
62 62 64
49 62 65
41 62 66
52 62 67
43 62 68
46 62 69
51 62 70
44 62 71
57 62 72
41 62 73
45 62 74
50 62 75
61 62 76
42 62 77
64 62 78
50 62 79
43 62 80
41 62 81
42 62 82
44 62 83
57 62 84
46 62 85
51 62 86
55 62 87
63 62 88
49 62 89
46 62 90
44 62 91
50 62 92
50 62 93
49 62 94
50 62 95
52 62 96
34 62 97
55 62 98
65 62 99
42 62 100
43 63 1
48 63 2
49 63 3
60 63 4
58 63 5
44 63 6
45 63 7
41 63 8
37 63 9
39 63 10
42 63 11
52 63 12
44 63 13
72 63 14
50 63 15
56 63 16
52 63 17
47 63 18
70 63 19
48 63 20
49 63 21
50 63 22
42 63 23
43 63 24
45 63 25
44 63 26
57 63 27
44 63 28
37 63 29
39 63 30
35 63 31
56 63 32
45 63 33
52 63 34
41 63 35
41 63 36
43 63 37
46 63 38
40 63 39
45 63 40
72 63 41
44 63 42
40 63 43
32 63 44
46 63 45
51 63 46
58 63 47
39 63 48
43 63 49
47 63 50
48 63 51
44 63 52
43 63 53
44 63 54
40 63 55
39 63 56
36 63 57
42 63 58
43 63 59
45 63 60
43 63 61
41 63 62
123 63 63
43 63 64
43 63 65
37 63 66
44 63 67
39 63 68
51 63 69
45 63 70
62 63 71
54 63 72
31 63 73
55 63 74
45 63 75
43 63 76
44 63 77
44 63 78
49 63 79
59 63 80
40 63 81
51 63 82
45 63 83
33 63 84
49 63 85
41 63 86
48 63 87
39 63 88
56 63 89
62 63 90
66 63 91
51 63 92
45 63 93
41 63 94
45 63 95
38 63 96
37 63 97
45 63 98
49 63 99
43 63 100
46 64 1
56 64 2
40 64 3
34 64 4
37 64 5
47 64 6
42 64 7
40 64 8
42 64 9
42 64 10
48 64 11
54 64 12
40 64 13
39 64 14
42 64 15
32 64 16
46 64 17
50 64 18
39 64 19
41 64 20
31 64 21
51 64 22
44 64 23
43 64 24
49 64 25
64 64 26
41 64 27
46 64 28
37 64 29
47 64 30
35 64 31
40 64 32
46 64 33
39 64 34
60 64 35
65 64 36
67 64 37
43 64 38
51 64 39
48 64 40
42 64 41
50 64 42
42 64 43
44 64 44
39 64 45
49 64 46
49 64 47
41 64 48
51 64 49
39 64 50
31 64 51
56 64 52
42 64 53
53 64 54
39 64 55
54 64 56
37 64 57
55 64 58
51 64 59
42 64 60
35 64 61
47 64 62
39 64 63
110 64 64
53 64 65
43 64 66
48 64 67
49 64 68
46 64 69
39 64 70
49 64 71
45 64 72
47 64 73
49 64 74
29 64 75
46 64 76
50 64 77
51 64 78
51 64 79
35 64 80
41 64 81
36 64 82
40 64 83
40 64 84
41 64 85
37 64 86
44 64 87
49 64 88
42 64 89
39 64 90
46 64 91
46 64 92
52 64 93
44 64 94
50 64 95
45 64 96
39 64 97
51 64 98
34 64 99
37 64 100
50 65 1
46 65 2
45 65 3
38 65 4
41 65 5
58 65 6
46 65 7
48 65 8
44 65 9
53 65 10
42 65 11
53 65 12
47 65 13
40 65 14
37 65 15
32 65 16
51 65 17
56 65 18
45 65 19
53 65 20
50 65 21
55 65 22
57 65 23
31 65 24
45 65 25
53 65 26
60 65 27
57 65 28
35 65 29
45 65 30
40 65 31
51 65 32
60 65 33
42 65 34
46 65 35
60 65 36
57 65 37
64 65 38
71 65 39
38 65 40
47 65 41
56 65 42
66 65 43
49 65 44
52 65 45
49 65 46
43 65 47
43 65 48
41 65 49
58 65 50
45 65 51
59 65 52
42 65 53
54 65 54
42 65 55
60 65 56
49 65 57
48 65 58
52 65 59
51 65 60
57 65 61
54 65 62
43 65 63
51 65 64
106 65 65
44 65 66
68 65 67
35 65 68
38 65 69
50 65 70
40 65 71
45 65 72
33 65 73
41 65 74
48 65 75
52 65 76
41 65 77
42 65 78
50 65 79
42 65 80
46 65 81
46 65 82
44 65 83
36 65 84
69 65 85
59 65 86
59 65 87
59 65 88
41 65 89
38 65 90
47 65 91
44 65 92
51 65 93
43 65 94
70 65 95
58 65 96
39 65 97
59 65 98
52 65 99
45 65 100
48 66 1
41 66 2
44 66 3
47 66 4
49 66 5
44 66 6
43 66 7
45 66 8
54 66 9
67 66 10
31 66 11
38 66 12
28 66 13
39 66 14
38 66 15
53 66 16
42 66 17
40 66 18
51 66 19
48 66 20
46 66 21
31 66 22
37 66 23
50 66 24
33 66 25
40 66 26
43 66 27
39 66 28
58 66 29
54 66 30
50 66 31
34 66 32
37 66 33
33 66 34
35 66 35
32 66 36
29 66 37
40 66 38
38 66 39
52 66 40
42 66 41
40 66 42
40 66 43
36 66 44
36 66 45
27 66 46
41 66 47
41 66 48
32 66 49
42 66 50
58 66 51
42 66 52
52 66 53
41 66 54
73 66 55
30 66 56
48 66 57
35 66 58
37 66 59
47 66 60
43 66 61
47 66 62
38 66 63
40 66 64
39 66 65
116 66 66
33 66 67
62 66 68
45 66 69
41 66 70
41 66 71
40 66 72
47 66 73
31 66 74
68 66 75
35 66 76
48 66 77
35 66 78
33 66 79
47 66 80
46 66 81
65 66 82
53 66 83
57 66 84
42 66 85
39 66 86
49 66 87
40 66 88
33 66 89
43 66 90
39 66 91
44 66 92
37 66 93
67 66 94
41 66 95
46 66 96
65 66 97
37 66 98
40 66 99
35 66 100
50 67 1
49 67 2
38 67 3
32 67 4
38 67 5
50 67 6
44 67 7
51 67 8
46 67 9
46 67 10
57 67 11
53 67 12
52 67 13
35 67 14
36 67 15
39 67 16
52 67 17
53 67 18
40 67 19
56 67 20
55 67 21
48 67 22
59 67 23
41 67 24
60 67 25
63 67 26
35 67 27
42 67 28
50 67 29
40 67 30
42 67 31
54 67 32
48 67 33
53 67 34
54 67 35
46 67 36
48 67 37
44 67 38
61 67 39
27 67 40
38 67 41
46 67 42
57 67 43
41 67 44
50 67 45
52 67 46
42 67 47
43 67 48
46 67 49
50 67 50
43 67 51
48 67 52
34 67 53
50 67 54
35 67 55
55 67 56
53 67 57
41 67 58
50 67 59
57 67 60
48 67 61
62 67 62
44 67 63
45 67 64
48 67 65
38 67 66
94 67 67
49 67 68
34 67 69
42 67 70
43 67 71
40 67 72
35 67 73
40 67 74
51 67 75
50 67 76
61 67 77
57 67 78
50 67 79
44 67 80
65 67 81
45 67 82
35 67 83
43 67 84
53 67 85
52 67 86
58 67 87
59 67 88
46 67 89
37 67 90
37 67 91
50 67 92
39 67 93
44 67 94
52 67 95
51 67 96
38 67 97
50 67 98
37 67 99
41 67 100
39 68 1
42 68 2
44 68 3
42 68 4
50 68 5
32 68 6
45 68 7
52 68 8
64 68 9
43 68 10
42 68 11
34 68 12
31 68 13
46 68 14
34 68 15
40 68 16
37 68 17
45 68 18
36 68 19
38 68 20
34 68 21
42 68 22
41 68 23
49 68 24
36 68 25
43 68 26
38 68 27
46 68 28
59 68 29
46 68 30
47 68 31
45 68 32
38 68 33
36 68 34
37 68 35
41 68 36
35 68 37
26 68 38
39 68 39
59 68 40
43 68 41
30 68 42
29 68 43
42 68 44
36 68 45
43 68 46
28 68 47
40 68 48
43 68 49
28 68 50
56 68 51
34 68 52
45 68 53
46 68 54
62 68 55
31 68 56
31 68 57
43 68 58
36 68 59
48 68 60
29 68 61
39 68 62
38 68 63
43 68 64
31 68 65
56 68 66
44 68 67
111 68 68
50 68 69
34 68 70
44 68 71
44 68 72
58 68 73
42 68 74
49 68 75
38 68 76
57 68 77
54 68 78
38 68 79
58 68 80
45 68 81
49 68 82
54 68 83
57 68 84
35 68 85
32 68 86
33 68 87
45 68 88
34 68 89
38 68 90
41 68 91
41 68 92
41 68 93
57 68 94
33 68 95
42 68 96
46 68 97
32 68 98
40 68 99
47 68 100
43 69 1
52 69 2
45 69 3
48 69 4
51 69 5
34 69 6
46 69 7
43 69 8
44 69 9
44 69 10
51 69 11
54 69 12
37 69 13
45 69 14
53 69 15
39 69 16
34 69 17
36 69 18
39 69 19
47 69 20
37 69 21
40 69 22
38 69 23
45 69 24
54 69 25
46 69 26
33 69 27
40 69 28
49 69 29
36 69 30
46 69 31
39 69 32
28 69 33
43 69 34
46 69 35
31 69 36
26 69 37
40 69 38
33 69 39
38 69 40
48 69 41
40 69 42
37 69 43
41 69 44
50 69 45
50 69 46
47 69 47
52 69 48
52 69 49
40 69 50
39 69 51
32 69 52
43 69 53
43 69 54
45 69 55
40 69 56
44 69 57
41 69 58
37 69 59
35 69 60
34 69 61
46 69 62
43 69 63
48 69 64
36 69 65
33 69 66
33 69 67
52 69 68
111 69 69
41 69 70
48 69 71
45 69 72
51 69 73
48 69 74
38 69 75
38 69 76
49 69 77
43 69 78
48 69 79
53 69 80
31 69 81
42 69 82
46 69 83
52 69 84
31 69 85
42 69 86
38 69 87
31 69 88
50 69 89
40 69 90
57 69 91
40 69 92
44 69 93
47 69 94
41 69 95
39 69 96
44 69 97
47 69 98
43 69 99
48 69 100
51 70 1
46 70 2
41 70 3
60 70 4
56 70 5
38 70 6
40 70 7
53 70 8
41 70 9
53 70 10
41 70 11
42 70 12
53 70 13
48 70 14
61 70 15
57 70 16
56 70 17
37 70 18
60 70 19
47 70 20
32 70 21
34 70 22
69 70 23
41 70 24
47 70 25
45 70 26
46 70 27
42 70 28
48 70 29
35 70 30
39 70 31
39 70 32
49 70 33
54 70 34
45 70 35
53 70 36
52 70 37
41 70 38
41 70 39
39 70 40
58 70 41
55 70 42
50 70 43
33 70 44
47 70 45
54 70 46
67 70 47
43 70 48
42 70 49
49 70 50
59 70 51
53 70 52
62 70 53
46 70 54
41 70 55
48 70 56
51 70 57
37 70 58
59 70 59
51 70 60
43 70 61
49 70 62
43 70 63
44 70 64
42 70 65
47 70 66
36 70 67
36 70 68
46 70 69
115 70 70
44 70 71
48 70 72
39 70 73
43 70 74
47 70 75
34 70 76
46 70 77
46 70 78
40 70 79
52 70 80
36 70 81
35 70 82
37 70 83
48 70 84
35 70 85
43 70 86
39 70 87
48 70 88
49 70 89
57 70 90
55 70 91
52 70 92
33 70 93
44 70 94
42 70 95
47 70 96
48 70 97
50 70 98
54 70 99
42 70 100
46 71 1
62 71 2
42 71 3
65 71 4
61 71 5
45 71 6
53 71 7
42 71 8
51 71 9
49 71 10
40 71 11
49 71 12
40 71 13
50 71 14
50 71 15
52 71 16
47 71 17
53 71 18
69 71 19
41 71 20
48 71 21
39 71 22
55 71 23
37 71 24
43 71 25
52 71 26
45 71 27
41 71 28
44 71 29
47 71 30
48 71 31
53 71 32
47 71 33
40 71 34
46 71 35
36 71 36
59 71 37
37 71 38
44 71 39
45 71 40
58 71 41
45 71 42
47 71 43
50 71 44
43 71 45
40 71 46
67 71 47
44 71 48
50 71 49
30 71 50
52 71 51
40 71 52
50 71 53
51 71 54
42 71 55
54 71 56
46 71 57
52 71 58
62 71 59
39 71 60
32 71 61
43 71 62
66 71 63
63 71 64
41 71 65
41 71 66
47 71 67
52 71 68
49 71 69
51 71 70
110 71 71
53 71 72
43 71 73
49 71 74
48 71 75
48 71 76
45 71 77
57 71 78
52 71 79
57 71 80
45 71 81
40 71 82
42 71 83
51 71 84
37 71 85
40 71 86
35 71 87
39 71 88
47 71 89
53 71 90
58 71 91
59 71 92
55 71 93
40 71 94
35 71 95
45 71 96
33 71 97
45 71 98
40 71 99
44 71 100
43 72 1
43 72 2
60 72 3
48 72 4
52 72 5
34 72 6
57 72 7
42 72 8
36 72 9
36 72 10
45 72 11
39 72 12
43 72 13
63 72 14
60 72 15
43 72 16
44 72 17
36 72 18
52 72 19
35 72 20
49 72 21
47 72 22
47 72 23
44 72 24
45 72 25
41 72 26
47 72 27
34 72 28
40 72 29
42 72 30
40 72 31
48 72 32
49 72 33
49 72 34
37 72 35
39 72 36
52 72 37
47 72 38
42 72 39
35 72 40
58 72 41
41 72 42
39 72 43
44 72 44
42 72 45
48 72 46
70 72 47
50 72 48
32 72 49
48 72 50
51 72 51
43 72 52
54 72 53
46 72 54
43 72 55
42 72 56
39 72 57
37 72 58
33 72 59
32 72 60
39 72 61
41 72 62
53 72 63
48 72 64
48 72 65
33 72 66
33 72 67
43 72 68
56 72 69
46 72 70
57 72 71
115 72 72
46 72 73
43 72 74
41 72 75
40 72 76
43 72 77
51 72 78
39 72 79
54 72 80
43 72 81
38 72 82
43 72 83
35 72 84
46 72 85
48 72 86
50 72 87
32 72 88
45 72 89
54 72 90
66 72 91
45 72 92
48 72 93
44 72 94
45 72 95
42 72 96
42 72 97
39 72 98
60 72 99
52 72 100
37 73 1
37 73 2
41 73 3
35 73 4
40 73 5
33 73 6
48 73 7
45 73 8
52 73 9
33 73 10
39 73 11
44 73 12
36 73 13
42 73 14
38 73 15
41 73 16
41 73 17
41 73 18
40 73 19
39 73 20
43 73 21
35 73 22
45 73 23
60 73 24
35 73 25
47 73 26
42 73 27
34 73 28
45 73 29
71 73 30
58 73 31
35 73 32
31 73 33
41 73 34
39 73 35
40 73 36
43 73 37
36 73 38
37 73 39
55 73 40
39 73 41
44 73 42
36 73 43
41 73 44
35 73 45
50 73 46
40 73 47
45 73 48
39 73 49
46 73 50
41 73 51
29 73 52
49 73 53
50 73 54
52 73 55
37 73 56
31 73 57
42 73 58
41 73 59
40 73 60
36 73 61
41 73 62
29 73 63
53 73 64
27 73 65
42 73 66
34 73 67
66 73 68
45 73 69
40 73 70
40 73 71
42 73 72
116 73 73
40 73 74
41 73 75
36 73 76
44 73 77
47 73 78
47 73 79
46 73 80
41 73 81
44 73 82
53 73 83
50 73 84
39 73 85
32 73 86
26 73 87
31 73 88
32 73 89
42 73 90
39 73 91
27 73 92
42 73 93
49 73 94
30 73 95
34 73 96
47 73 97
38 73 98
42 73 99
46 73 100
43 74 1
47 74 2
50 74 3
30 74 4
46 74 5
36 74 6
41 74 7
38 74 8
40 74 9
34 74 10
50 74 11
47 74 12
59 74 13
35 74 14
32 74 15
38 74 16
47 74 17
41 74 18
51 74 19
50 74 20
44 74 21
57 74 22
44 74 23
37 74 24
58 74 25
46 74 26
40 74 27
37 74 28
37 74 29
45 74 30
38 74 31
50 74 32
48 74 33
51 74 34
44 74 35
37 74 36
42 74 37
43 74 38
39 74 39
45 74 40
41 74 41
50 74 42
50 74 43
49 74 44
48 74 45
57 74 46
54 74 47
47 74 48
55 74 49
32 74 50
35 74 51
44 74 52
40 74 53
33 74 54
40 74 55
41 74 56
36 74 57
48 74 58
44 74 59
40 74 60
41 74 61
37 74 62
52 74 63
50 74 64
35 74 65
32 74 66
49 74 67
35 74 68
49 74 69
49 74 70
49 74 71
44 74 72
32 74 73
109 74 74
39 74 75
58 74 76
40 74 77
41 74 78
45 74 79
43 74 80
45 74 81
44 74 82
33 74 83
45 74 84
47 74 85
42 74 86
46 74 87
36 74 88
66 74 89
42 74 90
47 74 91
50 74 92
45 74 93
40 74 94
47 74 95
47 74 96
32 74 97
42 74 98
50 74 99
53 74 100
45 75 1
45 75 2
47 75 3
51 75 4
43 75 5
41 75 6
53 75 7
67 75 8
60 75 9
76 75 10
33 75 11
29 75 12
38 75 13
56 75 14
41 75 15
53 75 16
42 75 17
35 75 18
52 75 19
42 75 20
38 75 21
36 75 22
47 75 23
61 75 24
41 75 25
40 75 26
41 75 27
53 75 28
60 75 29
52 75 30
66 75 31
40 75 32
52 75 33
38 75 34
44 75 35
41 75 36
42 75 37
49 75 38
47 75 39
55 75 40
52 75 41
42 75 42
50 75 43
37 75 44
37 75 45
34 75 46
48 75 47
38 75 48
36 75 49
48 75 50
63 75 51
51 75 52
52 75 53
37 75 54
80 75 55
36 75 56
45 75 57
30 75 58
47 75 59
49 75 60
38 75 61
41 75 62
37 75 63
40 75 64
42 75 65
73 75 66
56 75 67
59 75 68
38 75 69
51 75 70
51 75 71
47 75 72
53 75 73
33 75 74
111 75 75
41 75 76
59 75 77
42 75 78
37 75 79
54 75 80
42 75 81
57 75 82
58 75 83
63 75 84
38 75 85
44 75 86
38 75 87
41 75 88
48 75 89
51 75 90
50 75 91
44 75 92
37 75 93
59 75 94
45 75 95
50 75 96
66 75 97
42 75 98
46 75 99
36 75 100
63 76 1
32 76 2
40 76 3
32 76 4
34 76 5
50 76 6
53 76 7
51 76 8
42 76 9
31 76 10
61 76 11
42 76 12
56 76 13
38 76 14
41 76 15
29 76 16
43 76 17
58 76 18
30 76 19
52 76 20
61 76 21
64 76 22
43 76 23
44 76 24
52 76 25
61 76 26
55 76 27
45 76 28
45 76 29
44 76 30
37 76 31
47 76 32
51 76 33
52 76 34
42 76 35
50 76 36
49 76 37
60 76 38
60 76 39
39 76 40
38 76 41
48 76 42
58 76 43
62 76 44
50 76 45
43 76 46
43 76 47
52 76 48
63 76 49
47 76 50
29 76 51
53 76 52
42 76 53
47 76 54
46 76 55
50 76 56
50 76 57
40 76 58
39 76 59
61 76 60
57 76 61
55 76 62
46 76 63
42 76 64
48 76 65
46 76 66
55 76 67
40 76 68
53 76 69
40 76 70
44 76 71
43 76 72
40 76 73
53 76 74
52 76 75
116 76 76
39 76 77
38 76 78
60 76 79
41 76 80
61 76 81
44 76 82
44 76 83
44 76 84
61 76 85
46 76 86
61 76 87
46 76 88
53 76 89
35 76 90
41 76 91
48 76 92
50 76 93
43 76 94
52 76 95
50 76 96
49 76 97
48 76 98
55 76 99
47 76 100
47 77 1
49 77 2
47 77 3
43 77 4
43 77 5
42 77 6
54 77 7
69 77 8
42 77 9
57 77 10
36 77 11
33 77 12
39 77 13
48 77 14
43 77 15
52 77 16
40 77 17
42 77 18
44 77 19
43 77 20
39 77 21
38 77 22
45 77 23
58 77 24
37 77 25
39 77 26
44 77 27
56 77 28
49 77 29
40 77 30
35 77 31
48 77 32
47 77 33
39 77 34
42 77 35
39 77 36
44 77 37
55 77 38
42 77 39
40 77 40
36 77 41
40 77 42
47 77 43
45 77 44
44 77 45
45 77 46
44 77 47
39 77 48
45 77 49
53 77 50
60 77 51
43 77 52
43 77 53
51 77 54
60 77 55
45 77 56
51 77 57
37 77 58
40 77 59
52 77 60
40 77 61
45 77 62
41 77 63
44 77 64
44 77 65
54 77 66
59 77 67
60 77 68
46 77 69
47 77 70
47 77 71
40 77 72
47 77 73
44 77 74
61 77 75
37 77 76
110 77 77
41 77 78
50 77 79
49 77 80
44 77 81
47 77 82
60 77 83
56 77 84
47 77 85
46 77 86
54 77 87
49 77 88
39 77 89
38 77 90
38 77 91
45 77 92
42 77 93
46 77 94
48 77 95
39 77 96
63 77 97
44 77 98
40 77 99
39 77 100
41 78 1
53 78 2
40 78 3
43 78 4
46 78 5
38 78 6
43 78 7
55 78 8
58 78 9
49 78 10
48 78 11
52 78 12
43 78 13
41 78 14
53 78 15
43 78 16
50 78 17
53 78 18
52 78 19
58 78 20
37 78 21
49 78 22
53 78 23
51 78 24
44 78 25
48 78 26
42 78 27
37 78 28
52 78 29
44 78 30
43 78 31
46 78 32
44 78 33
32 78 34
52 78 35
55 78 36
55 78 37
42 78 38
46 78 39
47 78 40
48 78 41
58 78 42
48 78 43
46 78 44
48 78 45
42 78 46
46 78 47
51 78 48
50 78 49
38 78 50
54 78 51
49 78 52
47 78 53
46 78 54
47 78 55
40 78 56
56 78 57
54 78 58
51 78 59
42 78 60
39 78 61
53 78 62
40 78 63
61 78 64
47 78 65
45 78 66
57 78 67
63 78 68
47 78 69
47 78 70
40 78 71
49 78 72
46 78 73
40 78 74
50 78 75
48 78 76
50 78 77
110 78 78
47 78 79
46 78 80
42 78 81
46 78 82
51 78 83
52 78 84
33 78 85
42 78 86
42 78 87
54 78 88
45 78 89
45 78 90
41 78 91
48 78 92
42 78 93
41 78 94
44 78 95
59 78 96
33 78 97
57 78 98
37 78 99
52 78 100
53 79 1
52 79 2
46 79 3
49 79 4
47 79 5
55 79 6
55 79 7
48 79 8
43 79 9
33 79 10
70 79 11
49 79 12
58 79 13
39 79 14
54 79 15
38 79 16
56 79 17
49 79 18
53 79 19
49 79 20
68 79 21
50 79 22
43 79 23
46 79 24
54 79 25
70 79 26
45 79 27
51 79 28
44 79 29
41 79 30
53 79 31
44 79 32
61 79 33
54 79 34
58 79 35
50 79 36
59 79 37
53 79 38
57 79 39
45 79 40
57 79 41
52 79 42
56 79 43
61 79 44
68 79 45
56 79 46
56 79 47
47 79 48
59 79 49
49 79 50
40 79 51
54 79 52
53 79 53
50 79 54
51 79 55
53 79 56
50 79 57
50 79 58
48 79 59
49 79 60
53 79 61
51 79 62
54 79 63
56 79 64
56 79 65
40 79 66
60 79 67
43 79 68
54 79 69
48 79 70
60 79 71
48 79 72
45 79 73
56 79 74
43 79 75
67 79 76
51 79 77
49 79 78
104 79 79
45 79 80
62 79 81
44 79 82
46 79 83
38 79 84
62 79 85
54 79 86
64 79 87
48 79 88
56 79 89
45 79 90
49 79 91
53 79 92
53 79 93
41 79 94
63 79 95
40 79 96
41 79 97
65 79 98
61 79 99
52 79 100
41 80 1
48 80 2
53 80 3
62 80 4
64 80 5
37 80 6
44 80 7
42 80 8
48 80 9
50 80 10
38 80 11
33 80 12
42 80 13
61 80 14
55 80 15
62 80 16
37 80 17
34 80 18
58 80 19
31 80 20
34 80 21
37 80 22
45 80 23
56 80 24
34 80 25
37 80 26
37 80 27
41 80 28
53 80 29
30 80 30
40 80 31
46 80 32
40 80 33
36 80 34
55 80 35
42 80 36
40 80 37
35 80 38
43 80 39
40 80 40
71 80 41
42 80 42
30 80 43
32 80 44
39 80 45
49 80 46
53 80 47
40 80 48
40 80 49
37 80 50
56 80 51
39 80 52
62 80 53
44 80 54
47 80 55
46 80 56
45 80 57
49 80 58
46 80 59
42 80 60
36 80 61
40 80 62
60 80 63
44 80 64
32 80 65
45 80 66
42 80 67
46 80 68
48 80 69
46 80 70
53 80 71
52 80 72
41 80 73
41 80 74
47 80 75
30 80 76
55 80 77
46 80 78
43 80 79
114 80 80
35 80 81
45 80 82
43 80 83
58 80 84
32 80 85
38 80 86
37 80 87
36 80 88
48 80 89
56 80 90
49 80 91
49 80 92
37 80 93
45 80 94
33 80 95
36 80 96
47 80 97
45 80 98
50 80 99
29 80 100
67 81 1
41 81 2
44 81 3
42 81 4
42 81 5
48 81 6
56 81 7
55 81 8
45 81 9
30 81 10
53 81 11
40 81 12
54 81 13
43 81 14
38 81 15
42 81 16
55 81 17
50 81 18
50 81 19
52 81 20
56 81 21
51 81 22
42 81 23
55 81 24
43 81 25
50 81 26
58 81 27
48 81 28
54 81 29
39 81 30
39 81 31
51 81 32
52 81 33
41 81 34
46 81 35
49 81 36
45 81 37
38 81 38
56 81 39
32 81 40
55 81 41
45 81 42
55 81 43
44 81 44
45 81 45
38 81 46
37 81 47
37 81 48
37 81 49
49 81 50
41 81 51
45 81 52
43 81 53
43 81 54
41 81 55
38 81 56
53 81 57
42 81 58
40 81 59
49 81 60
69 81 61
48 81 62
38 81 63
40 81 64
48 81 65
45 81 66
67 81 67
37 81 68
38 81 69
41 81 70
48 81 71
41 81 72
43 81 73
45 81 74
43 81 75
52 81 76
44 81 77
44 81 78
50 81 79
40 81 80
102 81 81
43 81 82
51 81 83
53 81 84
62 81 85
56 81 86
52 81 87
51 81 88
50 81 89
42 81 90
46 81 91
50 81 92
49 81 93
43 81 94
51 81 95
53 81 96
37 81 97
46 81 98
39 81 99
47 81 100
39 82 1
44 82 2
57 82 3
51 82 4
46 82 5
36 82 6
52 82 7
55 82 8
57 82 9
50 82 10
40 82 11
41 82 12
42 82 13
48 82 14
47 82 15
49 82 16
44 82 17
46 82 18
56 82 19
50 82 20
42 82 21
49 82 22
39 82 23
59 82 24
43 82 25
37 82 26
53 82 27
39 82 28
65 82 29
54 82 30
53 82 31
49 82 32
41 82 33
47 82 34
38 82 35
32 82 36
38 82 37
47 82 38
43 82 39
53 82 40
46 82 41
40 82 42
31 82 43
38 82 44
45 82 45
45 82 46
46 82 47
45 82 48
37 82 49
51 82 50
53 82 51
45 82 52
41 82 53
31 82 54
69 82 55
39 82 56
35 82 57
41 82 58
35 82 59
46 82 60
60 82 61
40 82 62
55 82 63
27 82 64
48 82 65
58 82 66
39 82 67
41 82 68
45 82 69
44 82 70
36 82 71
47 82 72
53 82 73
46 82 74
61 82 75
38 82 76
54 82 77
45 82 78
39 82 79
53 82 80
51 82 81
121 82 82
51 82 83
46 82 84
37 82 85
47 82 86
50 82 87
37 82 88
44 82 89
42 82 90
37 82 91
43 82 92
41 82 93
71 82 94
41 82 95
44 82 96
63 82 97
41 82 98
47 82 99
52 82 100
56 83 1
29 83 2
47 83 3
39 83 4
38 83 5
37 83 6
49 83 7
46 83 8
60 83 9
50 83 10
44 83 11
35 83 12
41 83 13
41 83 14
37 83 15
38 83 16
42 83 17
55 83 18
40 83 19
45 83 20
44 83 21
42 83 22
41 83 23
74 83 24
39 83 25
42 83 26
45 83 27
44 83 28
60 83 29
57 83 30
70 83 31
38 83 32
38 83 33
38 83 34
45 83 35
31 83 36
34 83 37
43 83 38
43 83 39
75 83 40
47 83 41
43 83 42
35 83 43
37 83 44
42 83 45
38 83 46
39 83 47
42 83 48
34 83 49
43 83 50
41 83 51
37 83 52
46 83 53
38 83 54
59 83 55
41 83 56
41 83 57
37 83 58
35 83 59
48 83 60
50 83 61
41 83 62
35 83 63
40 83 64
40 83 65
55 83 66
45 83 67
63 83 68
48 83 69
46 83 70
32 83 71
50 83 72
51 83 73
39 83 74
54 83 75
40 83 76
53 83 77
48 83 78
43 83 79
51 83 80
44 83 81
57 83 82
110 83 83
63 83 84
40 83 85
45 83 86
40 83 87
39 83 88
45 83 89
36 83 90
37 83 91
43 83 92
31 83 93
62 83 94
45 83 95
33 83 96
61 83 97
41 83 98
36 83 99
39 83 100
37 84 1
51 84 2
49 84 3
58 84 4
48 84 5
45 84 6
51 84 7
62 84 8
71 84 9
59 84 10
48 84 11
31 84 12
43 84 13
55 84 14
39 84 15
53 84 16
45 84 17
46 84 18
46 84 19
41 84 20
40 84 21
35 84 22
51 84 23
71 84 24
40 84 25
40 84 26
39 84 27
38 84 28
59 84 29
41 84 30
48 84 31
51 84 32
44 84 33
43 84 34
48 84 35
40 84 36
33 84 37
33 84 38
40 84 39
59 84 40
45 84 41
36 84 42
33 84 43
35 84 44
46 84 45
36 84 46
45 84 47
49 84 48
40 84 49
41 84 50
57 84 51
30 84 52
59 84 53
46 84 54
59 84 55
44 84 56
42 84 57
43 84 58
50 84 59
54 84 60
38 84 61
44 84 62
35 84 63
40 84 64
36 84 65
68 84 66
52 84 67
70 84 68
52 84 69
48 84 70
52 84 71
37 84 72
56 84 73
35 84 74
56 84 75
38 84 76
57 84 77
46 84 78
35 84 79
73 84 80
57 84 81
49 84 82
58 84 83
114 84 84
36 84 85
39 84 86
33 84 87
51 84 88
45 84 89
47 84 90
51 84 91
45 84 92
38 84 93
54 84 94
49 84 95
37 84 96
53 84 97
33 84 98
34 84 99
41 84 100
64 85 1
36 85 2
47 85 3
39 85 4
39 85 5
66 85 6
50 85 7
50 85 8
41 85 9
34 85 10
46 85 11
49 85 12
50 85 13
49 85 14
44 85 15
52 85 16
44 85 17
47 85 18
39 85 19
43 85 20
64 85 21
49 85 22
42 85 23
38 85 24
44 85 25
48 85 26
59 85 27
54 85 28
37 85 29
46 85 30
32 85 31
49 85 32
54 85 33
53 85 34
43 85 35
41 85 36
46 85 37
64 85 38
62 85 39
37 85 40
47 85 41
45 85 42
58 85 43
51 85 44
41 85 45
46 85 46
41 85 47
45 85 48
59 85 49
58 85 50
48 85 51
56 85 52
30 85 53
50 85 54
42 85 55
49 85 56
66 85 57
50 85 58
34 85 59
53 85 60
63 85 61
45 85 62
51 85 63
44 85 64
58 85 65
43 85 66
65 85 67
34 85 68
47 85 69
34 85 70
45 85 71
49 85 72
32 85 73
53 85 74
44 85 75
64 85 76
50 85 77
39 85 78
59 85 79
40 85 80
63 85 81
47 85 82
37 85 83
29 85 84
109 85 85
60 85 86
65 85 87
49 85 88
50 85 89
42 85 90
40 85 91
53 85 92
52 85 93
36 85 94
57 85 95
52 85 96
43 85 97
49 85 98
51 85 99
46 85 100
46 86 1
48 86 2
48 86 3
37 86 4
54 86 5
45 86 6
51 86 7
47 86 8
40 86 9
45 86 10
34 86 11
47 86 12
45 86 13
43 86 14
42 86 15
35 86 16
54 86 17
44 86 18
46 86 19
47 86 20
54 86 21
57 86 22
39 86 23
46 86 24
52 86 25
49 86 26
41 86 27
49 86 28
46 86 29
32 86 30
37 86 31
51 86 32
55 86 33
54 86 34
41 86 35
43 86 36
47 86 37
57 86 38
53 86 39
36 86 40
41 86 41
50 86 42
52 86 43
58 86 44
40 86 45
48 86 46
47 86 47
45 86 48
42 86 49
59 86 50
41 86 51
54 86 52
44 86 53
46 86 54
44 86 55
40 86 56
49 86 57
51 86 58
36 86 59
52 86 60
52 86 61
50 86 62
53 86 63
42 86 64
51 86 65
35 86 66
56 86 67
39 86 68
42 86 69
42 86 70
45 86 71
45 86 72
37 86 73
44 86 74
37 86 75
50 86 76
40 86 77
50 86 78
44 86 79
39 86 80
61 86 81
39 86 82
46 86 83
43 86 84
45 86 85
112 86 86
54 86 87
49 86 88
50 86 89
45 86 90
51 86 91
42 86 92
45 86 93
35 86 94
63 86 95
54 86 96
34 86 97
53 86 98
62 86 99
43 86 100
63 87 1
48 87 2
45 87 3
39 87 4
39 87 5
43 87 6
37 87 7
40 87 8
33 87 9
33 87 10
42 87 11
45 87 12
61 87 13
41 87 14
40 87 15
38 87 16
50 87 17
45 87 18
46 87 19
40 87 20
52 87 21
51 87 22
32 87 23
36 87 24
38 87 25
52 87 26
56 87 27
55 87 28
37 87 29
32 87 30
26 87 31
50 87 32
55 87 33
42 87 34
44 87 35
44 87 36
42 87 37
48 87 38
62 87 39
23 87 40
38 87 41
45 87 42
59 87 43
48 87 44
35 87 45
39 87 46
41 87 47
36 87 48
43 87 49
53 87 50
35 87 51
54 87 52
35 87 53
47 87 54
35 87 55
42 87 56
48 87 57
42 87 58
39 87 59
50 87 60
54 87 61
43 87 62
51 87 63
41 87 64
66 87 65
40 87 66
58 87 67
36 87 68
38 87 69
40 87 70
49 87 71
45 87 72
32 87 73
43 87 74
45 87 75
62 87 76
39 87 77
33 87 78
55 87 79
31 87 80
62 87 81
44 87 82
36 87 83
30 87 84
70 87 85
57 87 86
98 87 87
54 87 88
45 87 89
36 87 90
44 87 91
41 87 92
48 87 93
39 87 94
61 87 95
53 87 96
44 87 97
47 87 98
50 87 99
45 87 100
54 88 1
42 88 2
46 88 3
36 88 4
32 88 5
54 88 6
51 88 7
54 88 8
40 88 9
41 88 10
36 88 11
40 88 12
39 88 13
47 88 14
39 88 15
47 88 16
41 88 17
52 88 18
41 88 19
49 88 20
59 88 21
40 88 22
40 88 23
40 88 24
46 88 25
44 88 26
40 88 27
51 88 28
50 88 29
36 88 30
28 88 31
52 88 32
50 88 33
37 88 34
49 88 35
49 88 36
49 88 37
43 88 38
55 88 39
42 88 40
39 88 41
44 88 42
53 88 43
42 88 44
46 88 45
43 88 46
46 88 47
43 88 48
50 88 49
52 88 50
58 88 51
58 88 52
42 88 53
49 88 54
40 88 55
49 88 56
58 88 57
57 88 58
44 88 59
46 88 60
43 88 61
52 88 62
31 88 63
42 88 64
54 88 65
42 88 66
56 88 67
51 88 68
38 88 69
37 88 70
44 88 71
38 88 72
39 88 73
33 88 74
37 88 75
37 88 76
54 88 77
53 88 78
44 88 79
40 88 80
52 88 81
38 88 82
45 88 83
46 88 84
49 88 85
60 88 86
49 88 87
114 88 88
43 88 89
42 88 90
41 88 91
47 88 92
42 88 93
51 88 94
58 88 95
50 88 96
32 88 97
48 88 98
47 88 99
35 88 100
49 89 1
43 89 2
54 89 3
50 89 4
49 89 5
42 89 6
49 89 7
43 89 8
44 89 9
44 89 10
45 89 11
46 89 12
63 89 13
49 89 14
51 89 15
51 89 16
49 89 17
51 89 18
48 89 19
49 89 20
52 89 21
52 89 22
52 89 23
51 89 24
50 89 25
42 89 26
50 89 27
50 89 28
58 89 29
38 89 30
47 89 31
50 89 32
51 89 33
55 89 34
61 89 35
41 89 36
45 89 37
47 89 38
51 89 39
41 89 40
60 89 41
50 89 42
55 89 43
56 89 44
57 89 45
62 89 46
55 89 47
58 89 48
53 89 49
55 89 50
34 89 51
48 89 52
56 89 53
45 89 54
43 89 55
36 89 56
50 89 57
41 89 58
48 89 59
47 89 60
47 89 61
51 89 62
56 89 63
44 89 64
45 89 65
47 89 66
51 89 67
37 89 68
55 89 69
53 89 70
40 89 71
52 89 72
37 89 73
63 89 74
48 89 75
60 89 76
44 89 77
44 89 78
49 89 79
52 89 80
56 89 81
51 89 82
45 89 83
38 89 84
50 89 85
47 89 86
45 89 87
48 89 88
118 89 89
59 89 90
53 89 91
57 89 92
45 89 93
51 89 94
43 89 95
51 89 96
42 89 97
56 89 98
59 89 99
42 89 100
39 90 1
46 90 2
40 90 3
61 90 4
70 90 5
39 90 6
54 90 7
43 90 8
28 90 9
36 90 10
35 90 11
37 90 12
47 90 13
58 90 14
61 90 15
56 90 16
51 90 17
37 90 18
65 90 19
43 90 20
35 90 21
36 90 22
41 90 23
53 90 24
36 90 25
34 90 26
57 90 27
36 90 28
45 90 29
32 90 30
43 90 31
34 90 32
48 90 33
44 90 34
51 90 35
35 90 36
45 90 37
40 90 38
36 90 39
35 90 40
70 90 41
32 90 42
36 90 43
40 90 44
52 90 45
35 90 46
62 90 47
39 90 48
31 90 49
49 90 50
57 90 51
34 90 52
57 90 53
39 90 54
38 90 55
42 90 56
37 90 57
45 90 58
53 90 59
42 90 60
43 90 61
37 90 62
56 90 63
40 90 64
40 90 65
41 90 66
35 90 67
45 90 68
41 90 69
57 90 70
49 90 71
49 90 72
41 90 73
42 90 74
52 90 75
32 90 76
46 90 77
47 90 78
33 90 79
59 90 80
42 90 81
39 90 82
39 90 83
35 90 84
43 90 85
49 90 86
36 90 87
34 90 88
56 90 89
117 90 90
64 90 91
45 90 92
31 90 93
40 90 94
37 90 95
41 90 96
45 90 97
39 90 98
51 90 99
43 90 100
52 91 1
44 91 2
45 91 3
68 91 4
65 91 5
45 91 6
52 91 7
45 91 8
37 91 9
36 91 10
33 91 11
41 91 12
43 91 13
67 91 14
64 91 15
56 91 16
53 91 17
40 91 18
62 91 19
45 91 20
50 91 21
41 91 22
42 91 23
47 91 24
40 91 25
41 91 26
51 91 27
44 91 28
34 91 29
41 91 30
33 91 31
43 91 32
41 91 33
40 91 34
44 91 35
36 91 36
43 91 37
45 91 38
34 91 39
35 91 40
67 91 41
36 91 42
43 91 43
42 91 44
49 91 45
36 91 46
56 91 47
37 91 48
38 91 49
50 91 50
49 91 51
32 91 52
53 91 53
34 91 54
28 91 55
36 91 56
31 91 57
45 91 58
43 91 59
41 91 60
48 91 61
39 91 62
67 91 63
36 91 64
48 91 65
32 91 66
39 91 67
45 91 68
51 91 69
46 91 70
62 91 71
58 91 72
41 91 73
51 91 74
40 91 75
36 91 76
46 91 77
48 91 78
45 91 79
58 91 80
45 91 81
31 91 82
41 91 83
37 91 84
46 91 85
40 91 86
36 91 87
41 91 88
39 91 89
67 91 90
112 91 91
50 91 92
46 91 93
45 91 94
44 91 95
36 91 96
46 91 97
46 91 98
43 91 99
42 91 100
48 92 1
51 92 2
54 92 3
55 92 4
61 92 5
44 92 6
47 92 7
50 92 8
50 92 9
46 92 10
50 92 11
32 92 12
46 92 13
58 92 14
45 92 15
48 92 16
52 92 17
44 92 18
49 92 19
57 92 20
47 92 21
37 92 22
53 92 23
50 92 24
36 92 25
44 92 26
54 92 27
43 92 28
51 92 29
38 92 30
39 92 31
52 92 32
52 92 33
56 92 34
49 92 35
44 92 36
57 92 37
39 92 38
46 92 39
40 92 40
51 92 41
40 92 42
46 92 43
49 92 44
55 92 45
46 92 46
60 92 47
51 92 48
39 92 49
47 92 50
51 92 51
49 92 52
59 92 53
56 92 54
47 92 55
47 92 56
54 92 57
44 92 58
49 92 59
48 92 60
35 92 61
48 92 62
49 92 63
47 92 64
46 92 65
47 92 66
47 92 67
50 92 68
48 92 69
55 92 70
59 92 71
55 92 72
37 92 73
42 92 74
45 92 75
44 92 76
45 92 77
55 92 78
55 92 79
53 92 80
52 92 81
43 92 82
35 92 83
47 92 84
41 92 85
45 92 86
50 92 87
49 92 88
55 92 89
55 92 90
53 92 91
100 92 92
42 92 93
46 92 94
49 92 95
64 92 96
43 92 97
52 92 98
49 92 99
52 92 100
45 93 1
46 93 2
46 93 3
37 93 4
43 93 5
51 93 6
54 93 7
36 93 8
32 93 9
36 93 10
53 93 11
51 93 12
54 93 13
42 93 14
52 93 15
39 93 16
43 93 17
51 93 18
36 93 19
54 93 20
48 93 21
59 93 22
39 93 23
35 93 24
43 93 25
55 93 26
43 93 27
48 93 28
41 93 29
52 93 30
44 93 31
42 93 32
58 93 33
44 93 34
44 93 35
52 93 36
53 93 37
62 93 38
43 93 39
45 93 40
46 93 41
73 93 42
51 93 43
70 93 44
55 93 45
55 93 46
41 93 47
53 93 48
50 93 49
45 93 50
34 93 51
41 93 52
39 93 53
49 93 54
39 93 55
55 93 56
58 93 57
50 93 58
45 93 59
44 93 60
55 93 61
48 93 62
38 93 63
47 93 64
41 93 65
35 93 66
44 93 67
33 93 68
54 93 69
35 93 70
49 93 71
50 93 72
39 93 73
57 93 74
38 93 75
53 93 76
40 93 77
48 93 78
48 93 79
33 93 80
43 93 81
42 93 82
35 93 83
37 93 84
47 93 85
51 93 86
44 93 87
46 93 88
46 93 89
45 93 90
46 93 91
45 93 92
105 93 93
31 93 94
45 93 95
51 93 96
40 93 97
47 93 98
58 93 99
48 93 100
46 94 1
38 94 2
56 94 3
44 94 4
56 94 5
38 94 6
41 94 7
53 94 8
61 94 9
63 94 10
41 94 11
35 94 12
35 94 13
46 94 14
42 94 15
42 94 16
41 94 17
43 94 18
48 94 19
58 94 20
43 94 21
33 94 22
45 94 23
51 94 24
44 94 25
40 94 26
37 94 27
32 94 28
48 94 29
54 94 30
53 94 31
45 94 32
50 94 33
45 94 34
35 94 35
37 94 36
35 94 37
35 94 38
39 94 39
49 94 40
47 94 41
28 94 42
35 94 43
30 94 44
30 94 45
45 94 46
46 94 47
40 94 48
38 94 49
39 94 50
47 94 51
31 94 52
57 94 53
43 94 54
64 94 55
37 94 56
41 94 57
35 94 58
37 94 59
46 94 60
39 94 61
44 94 62
43 94 63
36 94 64
43 94 65
71 94 66
50 94 67
55 94 68
46 94 69
45 94 70
32 94 71
48 94 72
47 94 73
44 94 74
68 94 75
44 94 76
59 94 77
37 94 78
30 94 79
47 94 80
47 94 81
58 94 82
55 94 83
62 94 84
36 94 85
45 94 86
46 94 87
43 94 88
48 94 89
40 94 90
45 94 91
49 94 92
30 94 93
115 94 94
48 94 95
32 94 96
58 94 97
41 94 98
42 94 99
40 94 100
59 95 1
46 95 2
54 95 3
34 95 4
40 95 5
57 95 6
52 95 7
54 95 8
32 95 9
48 95 10
39 95 11
47 95 12
52 95 13
38 95 14
38 95 15
46 95 16
40 95 17
41 95 18
48 95 19
50 95 20
58 95 21
44 95 22
53 95 23
44 95 24
39 95 25
43 95 26
54 95 27
44 95 28
37 95 29
40 95 30
30 95 31
51 95 32
53 95 33
42 95 34
49 95 35
52 95 36
51 95 37
45 95 38
55 95 39
43 95 40
33 95 41
36 95 42
55 95 43
48 95 44
44 95 45
46 95 46
40 95 47
46 95 48
42 95 49
61 95 50
49 95 51
71 95 52
47 95 53
53 95 54
40 95 55
50 95 56
47 95 57
44 95 58
45 95 59
43 95 60
48 95 61
46 95 62
51 95 63
48 95 64
65 95 65
43 95 66
42 95 67
31 95 68
46 95 69
46 95 70
45 95 71
39 95 72
23 95 73
37 95 74
41 95 75
53 95 76
53 95 77
47 95 78
53 95 79
37 95 80
56 95 81
43 95 82
36 95 83
42 95 84
54 95 85
61 95 86
61 95 87
67 95 88
50 95 89
40 95 90
47 95 91
45 95 92
45 95 93
42 95 94
108 95 95
53 95 96
47 95 97
56 95 98
50 95 99
40 95 100
52 96 1
44 96 2
36 96 3
39 96 4
46 96 5
46 96 6
49 96 7
50 96 8
34 96 9
53 96 10
38 96 11
50 96 12
37 96 13
49 96 14
41 96 15
55 96 16
49 96 17
41 96 18
46 96 19
50 96 20
52 96 21
39 96 22
54 96 23
39 96 24
40 96 25
57 96 26
52 96 27
57 96 28
41 96 29
35 96 30
39 96 31
53 96 32
52 96 33
47 96 34
45 96 35
74 96 36
48 96 37
52 96 38
58 96 39
52 96 40
33 96 41
61 96 42
63 96 43
41 96 44
40 96 45
41 96 46
57 96 47
40 96 48
50 96 49
45 96 50
47 96 51
64 96 52
49 96 53
43 96 54
46 96 55
51 96 56
54 96 57
52 96 58
51 96 59
64 96 60
40 96 61
58 96 62
43 96 63
51 96 64
56 96 65
49 96 66
48 96 67
52 96 68
43 96 69
51 96 70
44 96 71
43 96 72
39 96 73
48 96 74
47 96 75
50 96 76
55 96 77
56 96 78
47 96 79
37 96 80
49 96 81
42 96 82
38 96 83
43 96 84
50 96 85
55 96 86
51 96 87
61 96 88
47 96 89
44 96 90
40 96 91
56 96 92
50 96 93
35 96 94
48 96 95
101 96 96
49 96 97
59 96 98
54 96 99
53 96 100
53 97 1
49 97 2
56 97 3
58 97 4
43 97 5
52 97 6
47 97 7
51 97 8
58 97 9
57 97 10
32 97 11
39 97 12
37 97 13
59 97 14
44 97 15
61 97 16
39 97 17
38 97 18
55 97 19
42 97 20
45 97 21
35 97 22
48 97 23
55 97 24
41 97 25
39 97 26
59 97 27
53 97 28
55 97 29
58 97 30
63 97 31
46 97 32
42 97 33
46 97 34
32 97 35
41 97 36
27 97 37
47 97 38
49 97 39
61 97 40
41 97 41
46 97 42
41 97 43
41 97 44
35 97 45
39 97 46
43 97 47
45 97 48
30 97 49
46 97 50
54 97 51
49 97 52
47 97 53
40 97 54
63 97 55
43 97 56
47 97 57
41 97 58
44 97 59
55 97 60
58 97 61
44 97 62
41 97 63
41 97 64
42 97 65
60 97 66
41 97 67
55 97 68
43 97 69
48 97 70
37 97 71
42 97 72
50 97 73
46 97 74
66 97 75
45 97 76
63 97 77
39 97 78
44 97 79
47 97 80
41 97 81
65 97 82
59 97 83
52 97 84
48 97 85
36 97 86
44 97 87
45 97 88
42 97 89
48 97 90
48 97 91
43 97 92
41 97 93
67 97 94
48 97 95
49 97 96
114 97 97
41 97 98
46 97 99
40 97 100
61 98 1
38 98 2
39 98 3
49 98 4
41 98 5
53 98 6
37 98 7
44 98 8
50 98 9
39 98 10
49 98 11
49 98 12
63 98 13
45 98 14
41 98 15
47 98 16
40 98 17
53 98 18
53 98 19
53 98 20
61 98 21
60 98 22
49 98 23
35 98 24
43 98 25
59 98 26
48 98 27
45 98 28
46 98 29
37 98 30
48 98 31
49 98 32
46 98 33
46 98 34
36 98 35
60 98 36
49 98 37
53 98 38
51 98 39
50 98 40
57 98 41
54 98 42
57 98 43
47 98 44
63 98 45
54 98 46
49 98 47
50 98 48
61 98 49
45 98 50
43 98 51
51 98 52
50 98 53
51 98 54
39 98 55
49 98 56
44 98 57
43 98 58
48 98 59
48 98 60
54 98 61
49 98 62
45 98 63
58 98 64
48 98 65
40 98 66
38 98 67
48 98 68
45 98 69
42 98 70
45 98 71
48 98 72
39 98 73
42 98 74
35 98 75
56 98 76
43 98 77
51 98 78
63 98 79
45 98 80
47 98 81
48 98 82
43 98 83
40 98 84
46 98 85
47 98 86
62 98 87
66 98 88
58 98 89
44 98 90
45 98 91
40 98 92
50 98 93
42 98 94
61 98 95
48 98 96
42 98 97
114 98 98
58 98 99
46 98 100
44 99 1
47 99 2
41 99 3
42 99 4
38 99 5
42 99 6
39 99 7
40 99 8
31 99 9
42 99 10
46 99 11
49 99 12
54 99 13
45 99 14
53 99 15
48 99 16
53 99 17
47 99 18
42 99 19
52 99 20
37 99 21
46 99 22
56 99 23
51 99 24
45 99 25
42 99 26
43 99 27
40 99 28
41 99 29
41 99 30
37 99 31
47 99 32
58 99 33
47 99 34
57 99 35
56 99 36
48 99 37
44 99 38
46 99 39
36 99 40
49 99 41
47 99 42
53 99 43
50 99 44
50 99 45
54 99 46
55 99 47
46 99 48
43 99 49
62 99 50
45 99 51
58 99 52
48 99 53
49 99 54
37 99 55
50 99 56
50 99 57
48 99 58
44 99 59
51 99 60
48 99 61
56 99 62
49 99 63
41 99 64
51 99 65
38 99 66
39 99 67
30 99 68
42 99 69
54 99 70
44 99 71
50 99 72
40 99 73
56 99 74
45 99 75
51 99 76
45 99 77
41 99 78
44 99 79
49 99 80
38 99 81
46 99 82
32 99 83
37 99 84
48 99 85
58 99 86
56 99 87
49 99 88
57 99 89
51 99 90
49 99 91
40 99 92
52 99 93
41 99 94
54 99 95
51 99 96
37 99 97
57 99 98
108 99 99
48 99 100
44 100 1
41 100 2
41 100 3
43 100 4
37 100 5
36 100 6
48 100 7
37 100 8
41 100 9
37 100 10
53 100 11
46 100 12
54 100 13
42 100 14
45 100 15
41 100 16
55 100 17
54 100 18
33 100 19
45 100 20
43 100 21
46 100 22
41 100 23
37 100 24
47 100 25
47 100 26
40 100 27
40 100 28
52 100 29
42 100 30
52 100 31
48 100 32
45 100 33
50 100 34
45 100 35
52 100 36
49 100 37
40 100 38
39 100 39
48 100 40
38 100 41
45 100 42
40 100 43
49 100 44
50 100 45
55 100 46
49 100 47
50 100 48
50 100 49
33 100 50
41 100 51
44 100 52
42 100 53
56 100 54
34 100 55
45 100 56
40 100 57
41 100 58
50 100 59
45 100 60
44 100 61
43 100 62
42 100 63
42 100 64
38 100 65
38 100 66
49 100 67
39 100 68
52 100 69
45 100 70
49 100 71
50 100 72
46 100 73
54 100 74
38 100 75
42 100 76
39 100 77
46 100 78
41 100 79
35 100 80
36 100 81
42 100 82
33 100 83
40 100 84
29 100 85
37 100 86
41 100 87
38 100 88
42 100 89
48 100 90
49 100 91
44 100 92
50 100 93
34 100 94
38 100 95
46 100 96
42 100 97
45 100 98
32 100 99
111 100 100
