118 1 1
54 1 2
56 1 3
59 1 4
51 1 5
69 1 6
60 1 7
66 1 8
63 1 9
56 1 10
59 1 11
56 1 12
68 1 13
58 1 14
63 1 15
59 1 16
66 1 17
70 1 18
57 1 19
62 1 20
81 1 21
56 1 22
64 1 23
56 1 24
59 1 25
79 1 26
67 1 27
76 1 28
56 1 29
56 1 30
52 1 31
63 1 32
73 1 33
62 1 34
65 1 35
68 1 36
76 1 37
70 1 38
85 1 39
57 1 40
55 1 41
66 1 42
82 1 43
61 1 44
67 1 45
62 1 46
60 1 47
64 1 48
71 1 49
72 1 50
59 1 51
80 1 52
62 1 53
55 1 54
68 1 55
69 1 56
72 1 57
75 1 58
61 1 59
69 1 60
81 1 61
66 1 62
58 1 63
66 1 64
72 1 65
65 1 66
80 1 67
52 1 68
52 1 69
53 1 70
57 1 71
67 1 72
53 1 73
63 1 74
61 1 75
78 1 76
69 1 77
70 1 78
76 1 79
63 1 80
75 1 81
52 1 82
67 1 83
47 1 84
95 1 85
69 1 86
82 1 87
84 1 88
53 1 89
53 1 90
57 1 91
55 1 92
62 1 93
58 1 94
79 1 95
70 1 96
58 1 97
74 1 98
71 1 99
61 1 100
51 2 1
126 2 2
65 2 3
73 2 4
64 2 5
53 2 6
50 2 7
55 2 8
57 2 9
66 2 10
59 2 11
76 2 12
60 2 13
56 2 14
72 2 15
58 2 16
63 2 17
70 2 18
68 2 19
68 2 20
57 2 21
61 2 22
58 2 23
56 2 24
75 2 25
60 2 26
55 2 27
65 2 28
55 2 29
54 2 30
56 2 31
78 2 32
55 2 33
54 2 34
65 2 35
66 2 36
69 2 37
65 2 38
65 2 39
48 2 40
65 2 41
68 2 42
62 2 43
74 2 44
61 2 45
62 2 46
64 2 47
62 2 48
54 2 49
62 2 50
60 2 51
52 2 52
54 2 53
68 2 54
58 2 55
71 2 56
66 2 57
63 2 58
64 2 59
57 2 60
50 2 61
65 2 62
60 2 63
70 2 64
68 2 65
53 2 66
54 2 67
57 2 68
76 2 69
63 2 70
76 2 71
70 2 72
55 2 73
64 2 74
64 2 75
60 2 76
59 2 77
66 2 78
66 2 79
54 2 80
54 2 81
60 2 82
53 2 83
53 2 84
47 2 85
64 2 86
69 2 87
58 2 88
63 2 89
58 2 90
67 2 91
67 2 92
71 2 93
51 2 94
59 2 95
69 2 96
56 2 97
60 2 98
63 2 99
54 2 100
59 3 1
67 3 2
127 3 3
62 3 4
61 3 5
77 3 6
70 3 7
67 3 8
58 3 9
61 3 10
63 3 11
71 3 12
60 3 13
70 3 14
77 3 15
64 3 16
54 3 17
55 3 18
62 3 19
66 3 20
69 3 21
59 3 22
59 3 23
59 3 24
58 3 25
48 3 26
74 3 27
70 3 28
75 3 29
54 3 30
49 3 31
81 3 32
56 3 33
56 3 34
54 3 35
60 3 36
60 3 37
61 3 38
55 3 39
52 3 40
61 3 41
54 3 42
46 3 43
58 3 44
56 3 45
66 3 46
63 3 47
65 3 48
51 3 49
62 3 50
67 3 51
57 3 52
69 3 53
59 3 54
65 3 55
47 3 56
49 3 57
63 3 58
59 3 59
67 3 60
57 3 61
58 3 62
68 3 63
50 3 64
59 3 65
66 3 66
63 3 67
55 3 68
57 3 69
55 3 70
56 3 71
79 3 72
61 3 73
66 3 74
63 3 75
61 3 76
67 3 77
65 3 78
55 3 79
63 3 80
71 3 81
73 3 82
59 3 83
56 3 84
60 3 85
62 3 86
64 3 87
70 3 88
66 3 89
61 3 90
63 3 91
72 3 92
52 3 93
76 3 94
71 3 95
49 3 96
64 3 97
50 3 98
61 3 99
57 3 100
55 4 1
63 4 2
60 4 3
125 4 4
94 4 5
45 4 6
52 4 7
60 4 8
59 4 9
69 4 10
53 4 11
53 4 12
56 4 13
75 4 14
73 4 15
84 4 16
58 4 17
53 4 18
86 4 19
50 4 20
49 4 21
40 4 22
61 4 23
62 4 24
51 4 25
47 4 26
63 4 27
48 4 28
59 4 29
48 4 30
62 4 31
47 4 32
50 4 33
57 4 34
56 4 35
47 4 36
49 4 37
43 4 38
47 4 39
43 4 40
89 4 41
55 4 42
54 4 43
48 4 44
63 4 45
53 4 46
75 4 47
51 4 48
43 4 49
56 4 50
78 4 51
50 4 52
84 4 53
50 4 54
59 4 55
59 4 56
57 4 57
57 4 58
68 4 59
47 4 60
44 4 61
48 4 62
74 4 63
53 4 64
46 4 65
65 4 66
46 4 67
60 4 68
58 4 69
75 4 70
80 4 71
60 4 72
56 4 73
52 4 74
60 4 75
36 4 76
61 4 77
64 4 78
54 4 79
84 4 80
56 4 81
65 4 82
54 4 83
68 4 84
46 4 85
47 4 86
48 4 87
54 4 88
63 4 89
80 4 90
83 4 91
75 4 92
46 4 93
59 4 94
49 4 95
57 4 96
63 4 97
60 4 98
56 4 99
55 4 100
54 5 1
57 5 2
54 5 3
91 5 4
123 5 5
49 5 6
56 5 7
57 5 8
52 5 9
69 5 10
59 5 11
54 5 12
58 5 13
85 5 14
78 5 15
84 5 16
60 5 17
49 5 18
86 5 19
56 5 20
53 5 21
52 5 22
72 5 23
64 5 24
57 5 25
53 5 26
57 5 27
53 5 28
51 5 29
48 5 30
53 5 31
54 5 32
63 5 33
65 5 34
52 5 35
48 5 36
51 5 37
48 5 38
49 5 39
51 5 40
83 5 41
53 5 42
57 5 43
51 5 44
60 5 45
58 5 46
79 5 47
55 5 48
53 5 49
56 5 50
76 5 51
49 5 52
74 5 53
58 5 54
50 5 55
53 5 56
52 5 57
53 5 58
71 5 59
52 5 60
47 5 61
44 5 62
81 5 63
56 5 64
56 5 65
59 5 66
53 5 67
63 5 68
60 5 69
79 5 70
77 5 71
74 5 72
56 5 73
66 5 74
53 5 75
47 5 76
63 5 77
65 5 78
55 5 79
75 5 80
59 5 81
52 5 82
59 5 83
63 5 84
52 5 85
64 5 86
53 5 87
49 5 88
70 5 89
92 5 90
91 5 91
77 5 92
55 5 93
64 5 94
54 5 95
65 5 96
63 5 97
58 5 98
59 5 99
60 5 100
73 6 1
60 6 2
63 6 3
55 6 4
61 6 5
120 6 6
80 6 7
74 6 8
64 6 9
60 6 10
69 6 11
71 6 12
65 6 13
69 6 14
69 6 15
64 6 16
53 6 17
66 6 18
59 6 19
63 6 20
81 6 21
73 6 22
74 6 23
67 6 24
64 6 25
82 6 26
73 6 27
74 6 28
72 6 29
49 6 30
53 6 31
72 6 32
68 6 33
54 6 34
61 6 35
66 6 36
59 6 37
78 6 38
78 6 39
60 6 40
64 6 41
70 6 42
64 6 43
75 6 44
79 6 45
65 6 46
59 6 47
73 6 48
73 6 49
70 6 50
62 6 51
73 6 52
64 6 53
68 6 54
69 6 55
58 6 56
87 6 57
61 6 58
65 6 59
79 6 60
77 6 61
68 6 62
65 6 63
78 6 64
66 6 65
68 6 66
70 6 67
61 6 68
73 6 69
48 6 70
63 6 71
61 6 72
61 6 73
63 6 74
58 6 75
77 6 76
67 6 77
73 6 78
80 6 79
69 6 80
72 6 81
61 6 82
72 6 83
65 6 84
81 6 85
67 6 86
70 6 87
75 6 88
68 6 89
58 6 90
60 6 91
61 6 92
70 6 93
57 6 94
78 6 95
65 6 96
68 6 97
72 6 98
61 6 99
58 6 100
61 7 1
64 7 2
73 7 3
70 7 4
69 7 5
75 7 6
116 7 7
83 7 8
74 7 9
67 7 10
67 7 11
52 7 12
66 7 13
72 7 14
75 7 15
79 7 16
69 7 17
60 7 18
73 7 19
67 7 20
61 7 21
61 7 22
58 7 23
94 7 24
52 7 25
54 7 26
74 7 27
74 7 28
88 7 29
60 7 30
65 7 31
71 7 32
69 7 33
59 7 34
64 7 35
57 7 36
67 7 37
77 7 38
58 7 39
57 7 40
71 7 41
67 7 42
59 7 43
72 7 44
64 7 45
69 7 46
70 7 47
71 7 48
63 7 49
74 7 50
66 7 51
59 7 52
64 7 53
71 7 54
71 7 55
60 7 56
78 7 57
64 7 58
64 7 59
71 7 60
64 7 61
76 7 62
68 7 63
59 7 64
58 7 65
67 7 66
72 7 67
60 7 68
78 7 69
62 7 70
67 7 71
76 7 72
74 7 73
64 7 74
72 7 75
70 7 76
79 7 77
69 7 78
66 7 79
71 7 80
84 7 81
78 7 82
79 7 83
74 7 84
69 7 85
69 7 86
65 7 87
67 7 88
64 7 89
68 7 90
71 7 91
74 7 92
69 7 93
75 7 94
64 7 95
63 7 96
69 7 97
55 7 98
70 7 99
68 7 100
62 8 1
64 8 2
72 8 3
56 8 4
63 8 5
80 8 6
75 8 7
121 8 8
72 8 9
78 8 10
55 8 11
59 8 12
68 8 13
76 8 14
67 8 15
79 8 16
61 8 17
65 8 18
67 8 19
68 8 20
64 8 21
56 8 22
64 8 23
75 8 24
69 8 25
57 8 26
67 8 27
80 8 28
86 8 29
61 8 30
51 8 31
87 8 32
60 8 33
50 8 34
66 8 35
64 8 36
61 8 37
70 8 38
61 8 39
63 8 40
65 8 41
61 8 42
67 8 43
62 8 44
71 8 45
70 8 46
63 8 47
60 8 48
68 8 49
72 8 50
87 8 51
74 8 52
68 8 53
60 8 54
78 8 55
60 8 56
74 8 57
61 8 58
63 8 59
81 8 60
65 8 61
71 8 62
60 8 63
60 8 64
63 8 65
68 8 66
80 8 67
79 8 68
58 8 69
68 8 70
66 8 71
67 8 72
63 8 73
60 8 74
79 8 75
64 8 76
82 8 77
76 8 78
59 8 79
79 8 80
71 8 81
72 8 82
62 8 83
79 8 84
63 8 85
65 8 86
56 8 87
76 8 88
65 8 89
60 8 90
69 8 91
73 8 92
57 8 93
71 8 94
69 8 95
66 8 96
67 8 97
60 8 98
65 8 99
62 8 100
62 9 1
66 9 2
66 9 3
63 9 4
61 9 5
63 9 6
67 9 7
70 9 8
123 9 9
84 9 10
59 9 11
58 9 12
61 9 13
58 9 14
58 9 15
57 9 16
57 9 17
60 9 18
71 9 19
60 9 20
62 9 21
58 9 22
53 9 23
79 9 24
66 9 25
64 9 26
61 9 27
67 9 28
80 9 29
86 9 30
87 9 31
67 9 32
55 9 33
54 9 34
60 9 35
54 9 36
50 9 37
53 9 38
66 9 39
88 9 40
57 9 41
55 9 42
58 9 43
56 9 44
60 9 45
66 9 46
58 9 47
57 9 48
59 9 49
55 9 50
59 9 51
55 9 52
65 9 53
62 9 54
81 9 55
53 9 56
57 9 57
63 9 58
66 9 59
64 9 60
57 9 61
61 9 62
62 9 63
61 9 64
57 9 65
87 9 66
64 9 67
95 9 68
72 9 69
59 9 70
68 9 71
58 9 72
72 9 73
64 9 74
88 9 75
56 9 76
73 9 77
63 9 78
53 9 79
76 9 80
65 9 81
86 9 82
87 9 83
94 9 84
59 9 85
61 9 86
58 9 87
64 9 88
64 9 89
49 9 90
63 9 91
65 9 92
52 9 93
86 9 94
62 9 95
57 9 96
76 9 97
59 9 98
54 9 99
57 9 100
53 10 1
56 10 2
56 10 3
74 10 4
70 10 5
51 10 6
50 10 7
70 10 8
73 10 9
126 10 10
34 10 11
49 10 12
51 10 13
71 10 14
59 10 15
76 10 16
53 10 17
52 10 18
66 10 19
53 10 20
52 10 21
34 10 22
60 10 23
56 10 24
53 10 25
51 10 26
56 10 27
62 10 28
61 10 29
58 10 30
66 10 31
56 10 32
52 10 33
49 10 34
66 10 35
61 10 36
57 10 37
52 10 38
56 10 39
59 10 40
55 10 41
43 10 42
64 10 43
48 10 44
50 10 45
48 10 46
59 10 47
53 10 48
48 10 49
59 10 50
74 10 51
62 10 52
57 10 53
59 10 54
84 10 55
54 10 56
61 10 57
54 10 58
67 10 59
61 10 60
49 10 61
60 10 62
55 10 63
59 10 64
60 10 65
82 10 66
60 10 67
68 10 68
52 10 69
74 10 70
55 10 71
51 10 72
56 10 73
48 10 74
83 10 75
41 10 76
72 10 77
66 10 78
56 10 79
71 10 80
47 10 81
63 10 82
66 10 83
70 10 84
52 10 85
51 10 86
55 10 87
62 10 88
52 10 89
54 10 90
56 10 91
66 10 92
45 10 93
71 10 94
53 10 95
62 10 96
75 10 97
53 10 98
51 10 99
47 10 100
65 11 1
73 11 2
63 11 3
58 11 4
59 11 5
59 11 6
72 11 7
58 11 8
58 11 9
53 11 10
126 11 11
75 11 12
73 11 13
53 11 14
67 11 15
44 11 16
62 11 17
77 11 18
54 11 19
76 11 20
69 11 21
82 11 22
59 11 23
60 11 24
88 11 25
90 11 26
62 11 27
66 11 28
57 11 29
62 11 30
64 11 31
67 11 32
61 11 33
80 11 34
73 11 35
63 11 36
69 11 37
62 11 38
65 11 39
53 11 40
62 11 41
85 11 42
62 11 43
59 11 44
84 11 45
79 11 46
69 11 47
80 11 48
79 11 49
61 11 50
46 11 51
56 11 52
62 11 53
76 11 54
53 11 55
62 11 56
56 11 57
68 11 58
73 11 59
65 11 60
67 11 61
60 11 62
67 11 63
72 11 64
65 11 65
50 11 66
74 11 67
54 11 68
73 11 69
62 11 70
60 11 71
60 11 72
61 11 73
84 11 74
51 11 75
77 11 76
66 11 77
63 11 78
81 11 79
61 11 80
73 11 81
71 11 82
56 11 83
61 11 84
68 11 85
62 11 86
64 11 87
65 11 88
74 11 89
70 11 90
64 11 91
63 11 92
76 11 93
59 11 94
62 11 95
57 11 96
52 11 97
64 11 98
62 11 99
83 11 100
54 12 1
76 12 2
67 12 3
54 12 4
51 12 5
67 12 6
52 12 7
52 12 8
45 12 9
52 12 10
66 12 11
123 12 12
64 12 13
51 12 14
63 12 15
52 12 16
55 12 17
61 12 18
51 12 19
64 12 20
56 12 21
73 12 22
55 12 23
54 12 24
72 12 25
64 12 26
55 12 27
65 12 28
48 12 29
51 12 30
54 12 31
62 12 32
53 12 33
58 12 34
57 12 35
65 12 36
57 12 37
63 12 38
61 12 39
52 12 40
56 12 41
71 12 42
71 12 43
70 12 44
66 12 45
68 12 46
54 12 47
54 12 48
70 12 49
59 12 50
50 12 51
65 12 52
49 12 53
56 12 54
47 12 55
70 12 56
59 12 57
55 12 58
53 12 59
70 12 60
67 12 61
67 12 62
62 12 63
71 12 64
63 12 65
50 12 66
61 12 67
53 12 68
69 12 69
57 12 70
64 12 71
61 12 72
54 12 73
70 12 74
45 12 75
59 12 76
56 12 77
59 12 78
67 12 79
48 12 80
52 12 81
55 12 82
59 12 83
45 12 84
62 12 85
63 12 86
65 12 87
57 12 88
67 12 89
55 12 90
53 12 91
51 12 92
76 12 93
48 12 94
55 12 95
60 12 96
54 12 97
60 12 98
73 12 99
56 12 100
70 13 1
58 13 2
71 13 3
57 13 4
66 13 5
68 13 6
73 13 7
74 13 8
64 13 9
55 13 10
79 13 11
78 13 12
121 13 13
76 13 14
71 13 15
67 13 16
77 13 17
79 13 18
61 13 19
69 13 20
74 13 21
85 13 22
75 13 23
61 13 24
80 13 25
78 13 26
60 13 27
67 13 28
68 13 29
61 13 30
59 13 31
68 13 32
67 13 33
82 13 34
75 13 35
69 13 36
71 13 37
72 13 38
74 13 39
56 13 40
66 13 41
82 13 42
77 13 43
82 13 44
89 13 45
88 13 46
73 13 47
84 13 48
85 13 49
65 13 50
63 13 51
75 13 52
76 13 53
74 13 54
54 13 55
83 13 56
66 13 57
84 13 58
72 13 59
79 13 60
70 13 61
73 13 62
63 13 63
64 13 64
59 13 65
59 13 66
67 13 67
60 13 68
72 13 69
75 13 70
61 13 71
75 13 72
69 13 73
75 13 74
55 13 75
78 13 76
64 13 77
69 13 78
71 13 79
65 13 80
62 13 81
69 13 82
59 13 83
64 13 84
62 13 85
75 13 86
73 13 87
73 13 88
73 13 89
69 13 90
67 13 91
72 13 92
82 13 93
67 13 94
70 13 95
63 13 96
61 13 97
83 13 98
73 13 99
77 13 100
60 14 1
64 14 2
72 14 3
87 14 4
91 14 5
59 14 6
59 14 7
70 14 8
51 14 9
67 14 10
51 14 11
59 14 12
55 14 13
122 14 14
75 14 15
87 14 16
67 14 17
58 14 18
86 14 19
64 14 20
55 14 21
60 14 22
62 14 23
62 14 24
52 14 25
55 14 26
72 14 27
54 14 28
71 14 29
53 14 30
59 14 31
63 14 32
55 14 33
62 14 34
51 14 35
54 14 36
57 14 37
61 14 38
47 14 39
52 14 40
93 14 41
54 14 42
49 14 43
54 14 44
63 14 45
69 14 46
75 14 47
57 14 48
52 14 49
57 14 50
83 14 51
59 14 52
79 14 53
64 14 54
67 14 55
62 14 56
61 14 57
52 14 58
55 14 59
54 14 60
57 14 61
59 14 62
87 14 63
53 14 64
69 14 65
64 14 66
53 14 67
60 14 68
62 14 69
68 14 70
64 14 71
91 14 72
59 14 73
59 14 74
65 14 75
52 14 76
62 14 77
68 14 78
57 14 79
87 14 80
60 14 81
65 14 82
58 14 83
60 14 84
62 14 85
71 14 86
57 14 87
61 14 88
62 14 89
80 14 90
88 14 91
77 14 92
57 14 93
56 14 94
64 14 95
65 14 96
67 14 97
63 14 98
60 14 99
60 14 100
59 15 1
64 15 2
70 15 3
80 15 4
85 15 5
61 15 6
74 15 7
68 15 8
64 15 9
75 15 10
54 15 11
68 15 12
67 15 13
79 15 14
121 15 15
92 15 16
71 15 17
54 15 18
68 15 19
54 15 20
58 15 21
55 15 22
60 15 23
76 15 24
58 15 25
56 15 26
71 15 27
66 15 28
78 15 29
52 15 30
69 15 31
76 15 32
51 15 33
60 15 34
54 15 35
57 15 36
67 15 37
63 15 38
47 15 39
54 15 40
86 15 41
68 15 42
55 15 43
66 15 44
69 15 45
60 15 46
74 15 47
65 15 48
54 15 49
72 15 50
70 15 51
55 15 52
75 15 53
52 15 54
66 15 55
54 15 56
61 15 57
57 15 58
70 15 59
59 15 60
56 15 61
62 15 62
62 15 63
59 15 64
54 15 65
67 15 66
57 15 67
62 15 68
78 15 69
71 15 70
73 15 71
90 15 72
65 15 73
59 15 74
75 15 75
53 15 76
66 15 77
73 15 78
59 15 79
69 15 80
53 15 81
60 15 82
79 15 83
62 15 84
52 15 85
61 15 86
54 15 87
60 15 88
69 15 89
80 15 90
82 15 91
68 15 92
68 15 93
60 15 94
53 15 95
63 15 96
72 15 97
63 15 98
68 15 99
64 15 100
54 16 1
48 16 2
63 16 3
82 16 4
86 16 5
52 16 6
59 16 7
67 16 8
59 16 9
80 16 10
44 16 11
43 16 12
49 16 13
75 16 14
71 16 15
123 16 16
60 16 17
42 16 18
78 16 19
53 16 20
51 16 21
33 16 22
59 16 23
61 16 24
55 16 25
45 16 26
61 16 27
66 16 28
65 16 29
41 16 30
62 16 31
54 16 32
55 16 33
57 16 34
47 16 35
45 16 36
46 16 37
63 16 38
49 16 39
48 16 40
82 16 41
49 16 42
60 16 43
46 16 44
51 16 45
51 16 46
69 16 47
52 16 48
40 16 49
69 16 50
101 16 51
51 16 52
78 16 53
58 16 54
61 16 55
64 16 56
64 16 57
39 16 58
61 16 59
53 16 60
55 16 61
53 16 62
58 16 63
45 16 64
47 16 65
69 16 66
58 16 67
54 16 68
53 16 69
73 16 70
64 16 71
60 16 72
59 16 73
51 16 74
68 16 75
38 16 76
75 16 77
62 16 78
50 16 79
80 16 80
53 16 81
53 16 82
61 16 83
63 16 84
54 16 85
50 16 86
49 16 87
58 16 88
54 16 89
77 16 90
62 16 91
59 16 92
46 16 93
54 16 94
44 16 95
55 16 96
73 16 97
49 16 98
58 16 99
49 16 100
65 17 1
69 17 2
62 17 3
69 17 4
62 17 5
54 17 6
59 17 7
62 17 8
60 17 9
56 17 10
66 17 11
60 17 12
76 17 13
67 17 14
60 17 15
62 17 16
124 17 17
78 17 18
66 17 19
67 17 20
74 17 21
71 17 22
74 17 23
59 17 24
77 17 25
63 17 26
57 17 27
53 17 28
52 17 29
59 17 30
59 17 31
61 17 32
83 17 33
93 17 34
82 17 35
68 17 36
84 17 37
58 17 38
72 17 39
48 17 40
64 17 41
73 17 42
64 17 43
72 17 44
68 17 45
78 17 46
71 17 47
71 17 48
72 17 49
53 17 50
62 17 51
65 17 52
67 17 53
72 17 54
52 17 55
78 17 56
66 17 57
66 17 58
73 17 59
62 17 60
65 17 61
70 17 62
65 17 63
61 17 64
72 17 65
55 17 66
73 17 67
51 17 68
55 17 69
84 17 70
63 17 71
72 17 72
52 17 73
75 17 74
55 17 75
68 17 76
52 17 77
69 17 78
61 17 79
63 17 80
61 17 81
56 17 82
58 17 83
62 17 84
64 17 85
74 17 86
62 17 87
61 17 88
64 17 89
64 17 90
78 17 91
76 17 92
62 17 93
61 17 94
65 17 95
65 17 96
44 17 97
71 17 98
65 17 99
78 17 100
68 18 1
73 18 2
57 18 3
54 18 4
52 18 5
63 18 6
60 18 7
59 18 8
61 18 9
48 18 10
75 18 11
66 18 12
75 18 13
58 18 14
47 18 15
46 18 16
63 18 17
125 18 18
56 18 19
62 18 20
67 18 21
81 18 22
62 18 23
52 18 24
73 18 25
81 18 26
45 18 27
56 18 28
56 18 29
64 18 30
55 18 31
62 18 32
68 18 33
63 18 34
67 18 35
62 18 36
63 18 37
56 18 38
69 18 39
60 18 40
52 18 41
73 18 42
51 18 43
77 18 44
68 18 45
67 18 46
58 18 47
65 18 48
78 18 49
49 18 50
51 18 51
55 18 52
52 18 53
82 18 54
58 18 55
71 18 56
60 18 57
76 18 58
60 18 59
55 18 60
59 18 61
60 18 62
65 18 63
76 18 64
68 18 65
51 18 66
73 18 67
63 18 68
60 18 69
49 18 70
68 18 71
56 18 72
62 18 73
66 18 74
54 18 75
68 18 76
59 18 77
73 18 78
74 18 79
52 18 80
71 18 81
56 18 82
61 18 83
56 18 84
61 18 85
63 18 86
58 18 87
63 18 88
60 18 89
51 18 90
61 18 91
58 18 92
76 18 93
60 18 94
58 18 95
56 18 96
42 18 97
67 18 98
61 18 99
67 18 100
55 19 1
58 19 2
61 19 3
89 19 4
85 19 5
54 19 6
56 19 7
69 19 8
60 19 9
59 19 10
52 19 11
47 19 12
56 19 13
74 19 14
64 19 15
81 19 16
64 19 17
55 19 18
122 19 19
53 19 20
56 19 21
51 19 22
63 19 23
52 19 24
48 19 25
57 19 26
79 19 27
55 19 28
51 19 29
46 19 30
45 19 31
57 19 32
59 19 33
57 19 34
60 19 35
61 19 36
52 19 37
58 19 38
57 19 39
49 19 40
97 19 41
54 19 42
59 19 43
49 19 44
56 19 45
55 19 46
76 19 47
47 19 48
55 19 49
59 19 50
83 19 51
57 19 52
77 19 53
63 19 54
54 19 55
57 19 56
56 19 57
50 19 58
58 19 59
53 19 60
60 19 61
60 19 62
93 19 63
58 19 64
64 19 65
65 19 66
54 19 67
51 19 68
50 19 69
78 19 70
74 19 71
71 19 72
52 19 73
61 19 74
63 19 75
41 19 76
56 19 77
63 19 78
54 19 79
89 19 80
60 19 81
61 19 82
57 19 83
59 19 84
62 19 85
50 19 86
59 19 87
56 19 88
68 19 89
81 19 90
90 19 91
71 19 92
46 19 93
60 19 94
56 19 95
54 19 96
60 19 97
64 19 98
57 19 99
52 19 100
64 20 1
72 20 2
68 20 3
57 20 4
64 20 5
64 20 6
63 20 7
66 20 8
68 20 9
56 20 10
81 20 11
54 20 12
68 20 13
63 20 14
55 20 15
60 20 16
70 20 17
70 20 18
57 20 19
125 20 20
78 20 21
74 20 22
84 20 23
66 20 24
78 20 25
76 20 26
62 20 27
61 20 28
79 20 29
66 20 30
65 20 31
69 20 32
74 20 33
68 20 34
74 20 35
71 20 36
73 20 37
64 20 38
59 20 39
60 20 40
62 20 41
71 20 42
71 20 43
67 20 44
72 20 45
80 20 46
60 20 47
78 20 48
71 20 49
70 20 50
62 20 51
65 20 52
72 20 53
85 20 54
64 20 55
62 20 56
72 20 57
65 20 58
79 20 59
76 20 60
68 20 61
77 20 62
61 20 63
67 20 64
64 20 65
68 20 66
75 20 67
66 20 68
66 20 69
72 20 70
63 20 71
63 20 72
76 20 73
67 20 74
56 20 75
80 20 76
73 20 77
74 20 78
66 20 79
54 20 80
78 20 81
71 20 82
62 20 83
66 20 84
65 20 85
73 20 86
73 20 87
73 20 88
73 20 89
60 20 90
58 20 91
72 20 92
68 20 93
73 20 94
75 20 95
68 20 96
56 20 97
77 20 98
74 20 99
72 20 100
88 21 1
61 21 2
71 21 3
52 21 4
56 21 5
81 21 6
73 21 7
64 21 8
63 21 9
55 21 10
71 21 11
61 21 12
79 21 13
62 21 14
63 21 15
67 21 16
63 21 17
76 21 18
67 21 19
70 21 20
123 21 21
72 21 22
67 21 23
61 21 24
67 21 25
70 21 26
77 21 27
70 21 28
60 21 29
64 21 30
55 21 31
80 21 32
78 21 33
69 21 34
62 21 35
60 21 36
61 21 37
80 21 38
81 21 39
59 21 40
61 21 41
67 21 42
85 21 43
81 21 44
77 21 45
68 21 46
66 21 47
77 21 48
66 21 49
71 21 50
68 21 51
66 21 52
62 21 53
71 21 54
55 21 55
65 21 56
75 21 57
54 21 58
59 21 59
74 21 60
81 21 61
68 21 62
67 21 63
53 21 64
80 21 65
67 21 66
87 21 67
58 21 68
60 21 69
56 21 70
67 21 71
76 21 72
59 21 73
64 21 74
69 21 75
88 21 76
67 21 77
64 21 78
78 21 79
55 21 80
87 21 81
57 21 82
72 21 83
57 21 84
88 21 85
80 21 86
85 21 87
76 21 88
75 21 89
70 21 90
70 21 91
66 21 92
75 21 93
65 21 94
82 21 95
64 21 96
61 21 97
76 21 98
67 21 99
57 21 100
70 22 1
72 22 2
75 22 3
58 22 4
68 22 5
79 22 6
70 22 7
68 22 8
70 22 9
46 22 10
92 22 11
91 22 12
84 22 13
65 22 14
62 22 15
52 22 16
71 22 17
84 22 18
63 22 19
77 22 20
85 22 21
123 22 22
69 22 23
66 22 24
80 22 25
83 22 26
73 22 27
71 22 28
65 22 29
74 22 30
68 22 31
77 22 32
70 22 33
71 22 34
61 22 35
82 22 36
74 22 37
70 22 38
75 22 39
67 22 40
65 22 41
83 22 42
74 22 43
83 22 44
71 22 45
94 22 46
63 22 47
70 22 48
92 22 49
66 22 50
55 22 51
68 22 52
73 22 53
73 22 54
56 22 55
71 22 56
61 22 57
75 22 58
71 22 59
73 22 60
77 22 61
73 22 62
75 22 63
75 22 64
74 22 65
52 22 66
72 22 67
72 22 68
74 22 69
63 22 70
72 22 71
71 22 72
72 22 73
94 22 74
53 22 75
80 22 76
58 22 77
72 22 78
76 22 79
66 22 80
81 22 81
70 22 82
67 22 83
62 22 84
74 22 85
78 22 86
76 22 87
67 22 88
74 22 89
62 22 90
74 22 91
65 22 92
85 22 93
62 22 94
68 22 95
70 22 96
58 22 97
82 22 98
70 22 99
79 22 100
74 23 1
70 23 2
67 23 3
75 23 4
80 23 5
65 23 6
61 23 7
70 23 8
66 23 9
64 23 10
77 23 11
60 23 12
78 23 13
67 23 14
63 23 15
70 23 16
81 23 17
66 23 18
75 23 19
78 23 20
75 23 21
65 23 22
120 23 23
60 23 24
82 23 25
81 23 26
66 23 27
64 23 28
61 23 29
60 23 30
60 23 31
66 23 32
80 23 33
75 23 34
84 23 35
74 23 36
77 23 37
68 23 38
68 23 39
65 23 40
77 23 41
72 23 42
69 23 43
76 23 44
72 23 45
82 23 46
79 23 47
85 23 48
72 23 49
71 23 50
66 23 51
73 23 52
86 23 53
77 23 54
60 23 55
81 23 56
67 23 57
81 23 58
90 23 59
77 23 60
71 23 61
77 23 62
60 23 63
81 23 64
67 23 65
62 23 66
72 23 67
59 23 68
68 23 69
91 23 70
71 23 71
68 23 72
71 23 73
73 23 74
59 23 75
66 23 76
69 23 77
86 23 78
62 23 79
69 23 80
57 23 81
63 23 82
66 23 83
67 23 84
64 23 85
69 23 86
60 23 87
73 23 88
81 23 89
71 23 90
67 23 91
75 23 92
60 23 93
70 23 94
68 23 95
72 23 96
58 23 97
77 23 98
79 23 99
69 23 100
56 24 1
60 24 2
71 24 3
65 24 4
56 24 5
72 24 6
81 24 7
79 24 8
82 24 9
76 24 10
62 24 11
54 24 12
51 24 13
66 24 14
62 24 15
61 24 16
56 24 17
57 24 18
49 24 19
68 24 20
57 24 21
60 24 22
61 24 23
120 24 24
65 24 25
56 24 26
56 24 27
55 24 28
97 24 29
71 24 30
78 24 31
68 24 32
55 24 33
51 24 34
58 24 35
49 24 36
51 24 37
59 24 38
58 24 39
62 24 40
57 24 41
56 24 42
48 24 43
56 24 44
62 24 45
68 24 46
61 24 47
67 24 48
59 24 49
74 24 50
64 24 51
59 24 52
75 24 53
51 24 54
87 24 55
45 24 56
62 24 57
55 24 58
58 24 59
68 24 60
62 24 61
58 24 62
50 24 63
54 24 64
55 24 65
74 24 66
71 24 67
75 24 68
77 24 69
58 24 70
54 24 71
64 24 72
88 24 73
54 24 74
82 24 75
56 24 76
83 24 77
73 24 78
53 24 79
74 24 80
69 24 81
78 24 82
91 24 83
90 24 84
52 24 85
62 24 86
45 24 87
65 24 88
65 24 89
62 24 90
61 24 91
70 24 92
48 24 93
77 24 94
59 24 95
51 24 96
74 24 97
60 24 98
55 24 99
60 24 100
61 25 1
80 25 2
60 25 3
58 25 4
65 25 5
63 25 6
61 25 7
73 25 8
61 25 9
59 25 10
82 25 11
83 25 12
67 25 13
63 25 14
55 25 15
61 25 16
76 25 17
71 25 18
68 25 19
81 25 20
59 25 21
82 25 22
74 25 23
51 25 24
124 25 25
76 25 26
51 25 27
62 25 28
61 25 29
64 25 30
57 25 31
74 25 32
60 25 33
68 25 34
69 25 35
59 25 36
73 25 37
61 25 38
68 25 39
61 25 40
65 25 41
88 25 42
63 25 43
67 25 44
72 25 45
88 25 46
66 25 47
77 25 48
80 25 49
57 25 50
58 25 51
62 25 52
57 25 53
75 25 54
55 25 55
81 25 56
63 25 57
71 25 58
67 25 59
72 25 60
66 25 61
64 25 62
63 25 63
72 25 64
61 25 65
57 25 66
72 25 67
59 25 68
73 25 69
65 25 70
67 25 71
61 25 72
61 25 73
83 25 74
54 25 75
71 25 76
55 25 77
70 25 78
63 25 79
57 25 80
64 25 81
64 25 82
60 25 83
60 25 84
64 25 85
73 25 86
60 25 87
68 25 88
71 25 89
54 25 90
65 25 91
54 25 92
72 25 93
60 25 94
64 25 95
78 25 96
50 25 97
62 25 98
68 25 99
72 25 100
73 26 1
69 26 2
55 26 3
53 26 4
62 26 5
76 26 6
63 26 7
54 26 8
70 26 9
57 26 10
90 26 11
74 26 12
82 26 13
57 26 14
58 26 15
56 26 16
68 26 17
82 26 18
67 26 19
70 26 20
74 26 21
77 26 22
69 26 23
46 26 24
84 26 25
127 26 26
58 26 27
73 26 28
59 26 29
60 26 30
61 26 31
58 26 32
76 26 33
79 26 34
78 26 35
72 26 36
80 26 37
63 26 38
87 26 39
62 26 40
62 26 41
88 26 42
81 26 43
75 26 44
79 26 45
77 26 46
68 26 47
75 26 48
90 26 49
58 26 50
55 26 51
65 26 52
59 26 53
85 26 54
64 26 55
87 26 56
73 26 57
88 26 58
76 26 59
78 26 60
63 26 61
73 26 62
69 26 63
81 26 64
69 26 65
61 26 66
81 26 67
73 26 68
66 26 69
69 26 70
63 26 71
52 26 72
68 26 73
76 26 74
60 26 75
77 26 76
68 26 77
64 26 78
85 26 79
63 26 80
71 26 81
62 26 82
55 26 83
67 26 84
73 26 85
64 26 86
83 26 87
75 26 88
65 26 89
55 26 90
60 26 91
62 26 92
77 26 93
55 26 94
70 26 95
66 26 96
52 26 97
87 26 98
73 26 99
69 26 100
69 27 1
46 27 2
74 27 3
61 27 4
70 27 5
71 27 6
66 27 7
61 27 8
61 27 9
64 27 10
54 27 11
58 27 12
58 27 13
68 27 14
66 27 15
71 27 16
57 27 17
52 27 18
81 27 19
65 27 20
77 27 21
65 27 22
64 27 23
56 27 24
52 27 25
54 27 26
118 27 27
62 27 28
64 27 29
62 27 30
62 27 31
66 27 32
68 27 33
63 27 34
54 27 35
58 27 36
64 27 37
70 27 38
66 27 39
59 27 40
76 27 41
57 27 42
75 27 43
55 27 44
57 27 45
61 27 46
64 27 47
58 27 48
60 27 49
59 27 50
65 27 51
63 27 52
70 27 53
54 27 54
60 27 55
56 27 56
62 27 57
55 27 58
63 27 59
54 27 60
70 27 61
57 27 62
83 27 63
46 27 64
73 27 65
62 27 66
59 27 67
48 27 68
58 27 69
65 27 70
57 27 71
72 27 72
56 27 73
67 27 74
65 27 75
68 27 76
57 27 77
59 27 78
58 27 79
62 27 80
65 27 81
63 27 82
66 27 83
53 27 84
85 27 85
53 27 86
83 27 87
58 27 88
73 27 89
71 27 90
71 27 91
75 27 92
51 27 93
65 27 94
68 27 95
58 27 96
69 27 97
65 27 98
65 27 99
60 27 100
66 28 1
65 28 2
57 28 3
55 28 4
63 28 5
73 28 6
64 28 7
75 28 8
67 28 9
81 28 10
61 28 11
79 28 12
66 28 13
67 28 14
60 28 15
72 28 16
56 28 17
58 28 18
68 28 19
50 28 20
64 28 21
50 28 22
62 28 23
56 28 24
62 28 25
67 28 26
59 28 27
121 28 28
52 28 29
65 28 30
73 28 31
71 28 32
58 28 33
69 28 34
61 28 35
74 28 36
61 28 37
89 28 38
79 28 39
64 28 40
63 28 41
59 28 42
78 28 43
66 28 44
64 28 45
50 28 46
55 28 47
54 28 48
55 28 49
77 28 50
68 28 51
60 28 52
54 28 53
62 28 54
66 28 55
72 28 56
74 28 57
58 28 58
63 28 59
87 28 60
72 28 61
63 28 62
65 28 63
62 28 64
65 28 65
61 28 66
69 28 67
62 28 68
58 28 69
64 28 70
60 28 71
64 28 72
56 28 73
57 28 74
66 28 75
61 28 76
76 28 77
57 28 78
61 28 79
57 28 80
67 28 81
57 28 82
66 28 83
60 28 84
74 28 85
69 28 86
72 28 87
71 28 88
62 28 89
56 28 90
61 28 91
62 28 92
71 28 93
57 28 94
64 28 95
84 28 96
74 28 97
62 28 98
65 28 99
56 28 100
70 29 1
60 29 2
86 29 3
65 29 4
64 29 5
69 29 6
89 29 7
82 29 8
76 29 9
69 29 10
65 29 11
58 29 12
64 29 13
82 29 14
68 29 15
75 29 16
58 29 17
58 29 18
65 29 19
81 29 20
69 29 21
61 29 22
64 29 23
86 29 24
67 29 25
63 29 26
76 29 27
61 29 28
126 29 29
69 29 30
65 29 31
79 29 32
63 29 33
64 29 34
62 29 35
53 29 36
62 29 37
60 29 38
63 29 39
71 29 40
68 29 41
59 29 42
53 29 43
60 29 44
78 29 45
74 29 46
72 29 47
75 29 48
62 29 49
71 29 50
75 29 51
61 29 52
77 29 53
60 29 54
91 29 55
52 29 56
64 29 57
71 29 58
62 29 59
74 29 60
66 29 61
66 29 62
61 29 63
56 29 64
65 29 65
76 29 66
65 29 67
78 29 68
71 29 69
59 29 70
64 29 71
72 29 72
72 29 73
70 29 74
71 29 75
72 29 76
87 29 77
66 29 78
65 29 79
73 29 80
80 29 81
83 29 82
81 29 83
79 29 84
51 29 85
79 29 86
69 29 87
80 29 88
68 29 89
68 29 90
69 29 91
76 29 92
63 29 93
80 29 94
73 29 95
65 29 96
68 29 97
58 29 98
68 29 99
73 29 100
54 30 1
53 30 2
52 30 3
52 30 4
52 30 5
44 30 6
56 30 7
45 30 8
71 30 9
57 30 10
54 30 11
51 30 12
55 30 13
52 30 14
46 30 15
55 30 16
64 30 17
59 30 18
47 30 19
53 30 20
57 30 21
61 30 22
55 30 23
59 30 24
52 30 25
45 30 26
46 30 27
42 30 28
64 30 29
124 30 30
84 30 31
54 30 32
51 30 33
59 30 34
51 30 35
50 30 36
58 30 37
51 30 38
57 30 39
94 30 40
51 30 41
55 30 42
44 30 43
60 30 44
41 30 45
54 30 46
48 30 47
56 30 48
53 30 49
48 30 50
54 30 51
47 30 52
47 30 53
47 30 54
77 30 55
50 30 56
45 30 57
54 30 58
50 30 59
45 30 60
63 30 61
56 30 62
53 30 63
58 30 64
44 30 65
65 30 66
45 30 67
70 30 68
59 30 69
49 30 70
63 30 71
59 30 72
76 30 73
56 30 74
72 30 75
54 30 76
51 30 77
47 30 78
44 30 79
52 30 80
53 30 81
71 30 82
64 30 83
62 30 84
51 30 85
48 30 86
48 30 87
47 30 88
50 30 89
50 30 90
60 30 91
52 30 92
57 30 93
73 30 94
51 30 95
43 30 96
70 30 97
43 30 98
54 30 99
62 30 100
45 31 1
56 31 2
52 31 3
53 31 4
52 31 5
46 31 6
59 31 7
44 31 8
83 31 9
68 31 10
66 31 11
60 31 12
53 31 13
47 31 14
63 31 15
49 31 16
56 31 17
60 31 18
54 31 19
55 31 20
49 31 21
57 31 22
59 31 23
72 31 24
65 31 25
56 31 26
51 31 27
58 31 28
56 31 29
88 31 30
120 31 31
52 31 32
49 31 33
57 31 34
64 31 35
49 31 36
55 31 37
53 31 38
48 31 39
90 31 40
52 31 41
57 31 42
54 31 43
59 31 44
47 31 45
54 31 46
52 31 47
60 31 48
53 31 49
51 31 50
46 31 51
40 31 52
50 31 53
45 31 54
67 31 55
58 31 56
46 31 57
52 31 58
61 31 59
42 31 60
59 31 61
52 31 62
47 31 63
61 31 64
51 31 65
56 31 66
49 31 67
67 31 68
63 31 69
56 31 70
60 31 71
56 31 72
82 31 73
67 31 74
60 31 75
58 31 76
55 31 77
49 31 78
54 31 79
59 31 80
51 31 81
68 31 82
81 31 83
64 31 84
50 31 85
52 31 86
47 31 87
47 31 88
61 31 89
58 31 90
57 31 91
49 31 92
55 31 93
61 31 94
36 31 95
49 31 96
71 31 97
52 31 98
57 31 99
71 31 100
58 32 1
72 32 2
76 32 3
56 32 4
59 32 5
69 32 6
64 32 7
77 32 8
55 32 9
59 32 10
60 32 11
63 32 12
62 32 13
68 32 14
57 32 15
59 32 16
66 32 17
60 32 18
56 32 19
67 32 20
71 32 21
58 32 22
58 32 23
72 32 24
64 32 25
58 32 26
72 32 27
71 32 28
71 32 29
59 32 30
44 32 31
125 32 32
58 32 33
53 32 34
47 32 35
67 32 36
57 32 37
72 32 38
57 32 39
57 32 40
60 32 41
63 32 42
53 32 43
63 32 44
60 32 45
71 32 46
59 32 47
65 32 48
56 32 49
67 32 50
60 32 51
69 32 52
56 32 53
57 32 54
68 32 55
57 32 56
64 32 57
57 32 58
62 32 59
65 32 60
57 32 61
56 32 62
66 32 63
50 32 64
69 32 65
60 32 66
65 32 67
68 32 68
65 32 69
63 32 70
65 32 71
57 32 72
62 32 73
65 32 74
65 32 75
57 32 76
64 32 77
63 32 78
58 32 79
55 32 80
65 32 81
65 32 82
59 32 83
62 32 84
56 32 85
73 32 86
61 32 87
74 32 88
64 32 89
46 32 90
61 32 91
68 32 92
60 32 93
63 32 94
74 32 95
65 32 96
59 32 97
54 32 98
57 32 99
70 32 100
75 33 1
56 33 2
67 33 3
59 33 4
61 33 5
78 33 6
74 33 7
75 33 8
61 33 9
60 33 10
66 33 11
64 33 12
77 33 13
64 33 14
62 33 15
61 33 16
87 33 17
69 33 18
71 33 19
65 33 20
79 33 21
72 33 22
72 33 23
67 33 24
69 33 25
74 33 26
73 33 27
71 33 28
60 33 29
59 33 30
57 33 31
69 33 32
113 33 33
75 33 34
76 33 35
90 33 36
90 33 37
60 33 38
87 33 39
56 33 40
60 33 41
66 33 42
89 33 43
75 33 44
63 33 45
71 33 46
68 33 47
71 33 48
69 33 49
70 33 50
68 33 51
85 33 52
70 33 53
66 33 54
69 33 55
76 33 56
75 33 57
82 33 58
85 33 59
80 33 60
75 33 61
69 33 62
77 33 63
69 33 64
84 33 65
65 33 66
78 33 67
56 33 68
51 33 69
75 33 70
62 33 71
69 33 72
56 33 73
78 33 74
57 33 75
82 33 76
67 33 77
67 33 78
68 33 79
67 33 80
84 33 81
67 33 82
63 33 83
67 33 84
81 33 85
85 33 86
90 33 87
80 33 88
68 33 89
72 33 90
76 33 91
68 33 92
70 33 93
63 33 94
81 33 95
80 33 96
65 33 97
70 33 98
85 33 99
68 33 100
66 34 1
63 34 2
60 34 3
61 34 4
65 34 5
56 34 6
63 34 7
51 34 8
53 34 9
63 34 10
73 34 11
71 34 12
92 34 13
66 34 14
65 34 15
66 34 16
87 34 17
65 34 18
67 34 19
60 34 20
67 34 21
68 34 22
74 34 23
52 34 24
74 34 25
70 34 26
65 34 27
67 34 28
56 34 29
67 34 30
65 34 31
63 34 32
68 34 33
126 34 34
70 34 35
73 34 36
74 34 37
64 34 38
65 34 39
70 34 40
58 34 41
71 34 42
65 34 43
70 34 44
73 34 45
73 34 46
69 34 47
80 34 48
83 34 49
61 34 50
57 34 51
72 34 52
70 34 53
73 34 54
62 34 55
82 34 56
57 34 57
68 34 58
82 34 59
64 34 60
73 34 61
69 34 62
69 34 63
63 34 64
66 34 65
55 34 66
67 34 67
49 34 68
65 34 69
78 34 70
53 34 71
59 34 72
57 34 73
78 34 74
61 34 75
65 34 76
58 34 77
59 34 78
67 34 79
61 34 80
57 34 81
62 34 82
48 34 83
57 34 84
69 34 85
75 34 86
65 34 87
62 34 88
81 34 89
74 34 90
67 34 91
70 34 92
70 34 93
59 34 94
61 34 95
75 34 96
59 34 97
75 34 98
65 34 99
75 34 100
53 35 1
66 35 2
56 35 3
52 35 4
54 35 5
59 35 6
52 35 7
63 35 8
62 35 9
62 35 10
68 35 11
57 35 12
62 35 13
53 35 14
48 35 15
49 35 16
62 35 17
67 35 18
59 35 19
69 35 20
52 35 21
55 35 22
65 35 23
60 35 24
71 35 25
81 35 26
51 35 27
64 35 28
47 35 29
51 35 30
59 35 31
53 35 32
63 35 33
62 35 34
122 35 35
62 35 36
70 35 37
57 35 38
64 35 39
57 35 40
55 35 41
57 35 42
72 35 43
64 35 44
65 35 45
66 35 46
55 35 47
64 35 48
71 35 49
56 35 50
50 35 51
61 35 52
61 35 53
75 35 54
58 35 55
66 35 56
60 35 57
69 35 58
68 35 59
71 35 60
50 35 61
79 35 62
57 35 63
70 35 64
62 35 65
53 35 66
72 35 67
59 35 68
63 35 69
57 35 70
59 35 71
55 35 72
64 35 73
65 35 74
59 35 75
74 35 76
58 35 77
68 35 78
72 35 79
71 35 80
48 35 81
53 35 82
58 35 83
69 35 84
53 35 85
56 35 86
55 35 87
57 35 88
69 35 89
61 35 90
64 35 91
67 35 92
55 35 93
57 35 94
66 35 95
54 35 96
45 35 97
53 35 98
65 35 99
55 35 100
62 36 1
69 36 2
58 36 3
56 36 4
59 36 5
61 36 6
57 36 7
66 36 8
50 36 9
68 36 10
62 36 11
68 36 12
71 36 13
52 36 14
55 36 15
65 36 16
72 36 17
71 36 18
55 36 19
63 36 20
61 36 21
66 36 22
73 36 23
52 36 24
61 36 25
61 36 26
58 36 27
73 36 28
54 36 29
55 36 30
58 36 31
65 36 32
69 36 33
65 36 34
70 36 35
125 36 36
93 36 37
72 36 38
72 36 39
64 36 40
63 36 41
70 36 42
75 36 43
65 36 44
56 36 45
58 36 46
52 36 47
55 36 48
67 36 49
63 36 50
65 36 51
70 36 52
54 36 53
72 36 54
62 36 55
85 36 56
78 36 57
79 36 58
83 36 59
71 36 60
64 36 61
77 36 62
56 36 63
77 36 64
69 36 65
54 36 66
65 36 67
52 36 68
50 36 69
64 36 70
62 36 71
56 36 72
55 36 73
67 36 74
50 36 75
68 36 76
63 36 77
85 36 78
66 36 79
56 36 80
58 36 81
58 36 82
47 36 83
59 36 84
65 36 85
70 36 86
69 36 87
77 36 88
53 36 89
58 36 90
58 36 91
68 36 92
72 36 93
57 36 94
70 36 95
80 36 96
61 36 97
71 36 98
72 36 99
74 36 100
69 37 1
65 37 2
47 37 3
56 37 4
51 37 5
50 37 6
55 37 7
51 37 8
58 37 9
57 37 10
60 37 11
50 37 12
64 37 13
51 37 14
56 37 15
47 37 16
79 37 17
67 37 18
55 37 19
62 37 20
64 37 21
59 37 22
64 37 23
54 37 24
66 37 25
71 37 26
55 37 27
50 37 28
52 37 29
61 37 30
61 37 31
60 37 32
76 37 33
67 37 34
75 37 35
81 37 36
125 37 37
53 37 38
74 37 39
62 37 40
47 37 41
53 37 42
59 37 43
64 37 44
54 37 45
66 37 46
63 37 47
56 37 48
67 37 49
56 37 50
48 37 51
68 37 52
57 37 53
78 37 54
60 37 55
79 37 56
57 37 57
77 37 58
91 37 59
59 37 60
54 37 61
75 37 62
50 37 63
76 37 64
68 37 65
53 37 66
66 37 67
56 37 68
53 37 69
63 37 70
64 37 71
62 37 72
50 37 73
62 37 74
52 37 75
67 37 76
61 37 77
68 37 78
64 37 79
46 37 80
58 37 81
46 37 82
50 37 83
57 37 84
54 37 85
57 37 86
59 37 87
62 37 88
59 37 89
65 37 90
62 37 91
69 37 92
61 37 93
63 37 94
60 37 95
76 37 96
49 37 97
61 37 98
57 37 99
64 37 100
70 38 1
55 38 2
59 38 3
57 38 4
55 38 5
79 38 6
71 38 7
63 38 8
52 38 9
57 38 10
62 38 11
67 38 12
68 38 13
69 38 14
63 38 15
66 38 16
56 38 17
69 38 18
61 38 19
55 38 20
73 38 21
64 38 22
59 38 23
57 38 24
56 38 25
57 38 26
75 38 27
90 38 28
50 38 29
57 38 30
52 38 31
71 38 32
58 38 33
62 38 34
57 38 35
59 38 36
56 38 37
118 38 38
75 38 39
50 38 40
63 38 41
63 38 42
74 38 43
71 38 44
66 38 45
57 38 46
69 38 47
59 38 48
63 38 49
73 38 50
61 38 51
72 38 52
53 38 53
58 38 54
48 38 55
65 38 56
80 38 57
52 38 58
51 38 59
68 38 60
82 38 61
62 38 62
72 38 63
52 38 64
77 38 65
53 38 66
69 38 67
44 38 68
65 38 69
52 38 70
61 38 71
73 38 72
55 38 73
58 38 74
59 38 75
73 38 76
67 38 77
55 38 78
67 38 79
54 38 80
51 38 81
52 38 82
60 38 83
55 38 84
81 38 85
75 38 86
71 38 87
62 38 88
68 38 89
61 38 90
65 38 91
60 38 92
73 38 93
50 38 94
63 38 95
71 38 96
70 38 97
66 38 98
60 38 99
53 38 100
86 39 1
64 39 2
56 39 3
54 39 4
59 39 5
83 39 6
64 39 7
72 39 8
60 39 9
63 39 10
63 39 11
63 39 12
71 39 13
60 39 14
52 39 15
65 39 16
65 39 17
74 39 18
63 39 19
64 39 20
91 39 21
60 39 22
64 39 23
59 39 24
65 39 25
83 39 26
73 39 27
85 39 28
50 39 29
59 39 30
51 39 31
67 39 32
81 39 33
61 39 34
68 39 35
78 39 36
75 39 37
84 39 38
123 39 39
55 39 40
58 39 41
73 39 42
87 39 43
73 39 44
64 39 45
63 39 46
61 39 47
54 39 48
66 39 49
69 39 50
63 39 51
77 39 52
55 39 53
62 39 54
63 39 55
69 39 56
79 39 57
65 39 58
69 39 59
79 39 60
81 39 61
67 39 62
69 39 63
71 39 64
91 39 65
67 39 66
88 39 67
55 39 68
53 39 69
59 39 70
60 39 71
62 39 72
52 39 73
63 39 74
63 39 75
81 39 76
67 39 77
70 39 78
80 39 79
56 39 80
84 39 81
55 39 82
70 39 83
58 39 84
95 39 85
75 39 86
87 39 87
76 39 88
56 39 89
46 39 90
61 39 91
65 39 92
73 39 93
57 39 94
74 39 95
78 39 96
64 39 97
71 39 98
61 39 99
56 39 100
56 40 1
51 40 2
56 40 3
49 40 4
50 40 5
44 40 6
61 40 7
53 40 8
78 40 9
61 40 10
46 40 11
52 40 12
50 40 13
58 40 14
51 40 15
50 40 16
59 40 17
63 40 18
51 40 19
55 40 20
54 40 21
57 40 22
65 40 23
64 40 24
63 40 25
52 40 26
48 40 27
50 40 28
63 40 29
100 40 30
87 40 31
54 40 32
48 40 33
57 40 34
63 40 35
59 40 36
63 40 37
48 40 38
64 40 39
127 40 40
53 40 41
58 40 42
46 40 43
58 40 44
52 40 45
53 40 46
54 40 47
54 40 48
62 40 49
46 40 50
44 40 51
56 40 52
55 40 53
57 40 54
83 40 55
52 40 56
51 40 57
62 40 58
55 40 59
47 40 60
58 40 61
62 40 62
48 40 63
71 40 64
50 40 65
67 40 66
47 40 67
74 40 68
63 40 69
55 40 70
64 40 71
54 40 72
79 40 73
62 40 74
61 40 75
56 40 76
58 40 77
65 40 78
56 40 79
56 40 80
55 40 81
65 40 82
80 40 83
77 40 84
55 40 85
50 40 86
51 40 87
54 40 88
54 40 89
50 40 90
61 40 91
56 40 92
65 40 93
71 40 94
57 40 95
54 40 96
68 40 97
49 40 98
50 40 99
65 40 100
59 41 1
58 41 2
62 41 3
85 41 4
83 41 5
53 41 6
59 41 7
60 41 8
58 41 9
56 41 10
58 41 11
53 41 12
62 41 13
86 41 14
84 41 15
84 41 16
63 41 17
50 41 18
90 41 19
59 41 20
57 41 21
51 41 22
51 41 23
51 41 24
52 41 25
53 41 26
79 41 27
54 41 28
62 41 29
44 41 30
53 41 31
61 41 32
55 41 33
59 41 34
50 41 35
51 41 36
49 41 37
55 41 38
45 41 39
40 41 40
125 41 41
58 41 42
57 41 43
47 41 44
65 41 45
56 41 46
77 41 47
60 41 48
51 41 49
59 41 50
77 41 51
55 41 52
80 41 53
51 41 54
47 41 55
47 41 56
59 41 57
41 41 58
54 41 59
54 41 60
65 41 61
56 41 62
86 41 63
46 41 64
55 41 65
64 41 66
47 41 67
48 41 68
62 41 69
76 41 70
71 41 71
79 41 72
53 41 73
59 41 74
59 41 75
44 41 76
49 41 77
60 41 78
66 41 79
94 41 80
54 41 81
63 41 82
49 41 83
58 41 84
66 41 85
52 41 86
51 41 87
51 41 88
69 41 89
83 41 90
86 41 91
64 41 92
54 41 93
50 41 94
57 41 95
54 41 96
60 41 97
58 41 98
62 41 99
59 41 100
64 42 1
67 42 2
66 42 3
51 42 4
56 42 5
67 42 6
67 42 7
63 42 8
54 42 9
65 42 10
80 42 11
78 42 12
70 42 13
62 42 14
64 42 15
63 42 16
67 42 17
73 42 18
68 42 19
71 42 20
65 42 21
80 42 22
69 42 23
46 42 24
87 42 25
86 42 26
61 42 27
76 42 28
51 42 29
60 42 30
66 42 31
68 42 32
75 42 33
73 42 34
67 42 35
74 42 36
72 42 37
72 42 38
74 42 39
70 42 40
61 42 41
119 42 42
78 42 43
80 42 44
68 42 45
79 42 46
71 42 47
69 42 48
72 42 49
64 42 50
52 42 51
62 42 52
56 42 53
75 42 54
55 42 55
80 42 56
77 42 57
72 42 58
72 42 59
76 42 60
70 42 61
73 42 62
66 42 63
75 42 64
64 42 65
57 42 66
63 42 67
56 42 68
56 42 69
73 42 70
70 42 71
60 42 72
54 42 73
79 42 74
49 42 75
75 42 76
58 42 77
63 42 78
64 42 79
55 42 80
61 42 81
56 42 82
53 42 83
62 42 84
63 42 85
70 42 86
67 42 87
70 42 88
78 42 89
60 42 90
60 42 91
58 42 92
89 42 93
55 42 94
66 42 95
69 42 96
70 42 97
72 42 98
77 42 99
68 42 100
73 43 1
56 43 2
48 43 3
59 43 4
61 43 5
66 43 6
47 43 7
54 43 8
56 43 9
64 43 10
60 43 11
72 43 12
69 43 13
55 43 14
60 43 15
61 43 16
64 43 17
56 43 18
65 43 19
64 43 20
78 43 21
64 43 22
60 43 23
44 43 24
70 43 25
77 43 26
68 43 27
79 43 28
39 43 29
50 43 30
42 43 31
63 43 32
82 43 33
65 43 34
68 43 35
72 43 36
73 43 37
74 43 38
87 43 39
46 43 40
61 43 41
72 43 42
124 43 43
61 43 44
61 43 45
62 43 46
64 43 47
63 43 48
64 43 49
67 43 50
61 43 51
76 43 52
56 43 53
60 43 54
50 43 55
71 43 56
71 43 57
63 43 58
65 43 59
76 43 60
67 43 61
62 43 62
66 43 63
68 43 64
79 43 65
51 43 66
78 43 67
57 43 68
54 43 69
63 43 70
61 43 71
59 43 72
50 43 73
76 43 74
48 43 75
78 43 76
56 43 77
58 43 78
72 43 79
48 43 80
66 43 81
49 43 82
49 43 83
47 43 84
86 43 85
73 43 86
82 43 87
78 43 88
67 43 89
53 43 90
64 43 91
64 43 92
77 43 93
49 43 94
71 43 95
81 43 96
50 43 97
76 43 98
77 43 99
51 43 100
54 44 1
65 44 2
59 44 3
46 44 4
55 44 5
75 44 6
69 44 7
52 44 8
47 44 9
44 44 10
56 44 11
67 44 12
69 44 13
56 44 14
60 44 15
61 44 16
66 44 17
69 44 18
49 44 19
56 44 20
70 44 21
65 44 22
63 44 23
56 44 24
62 44 25
64 44 26
60 44 27
62 44 28
60 44 29
59 44 30
61 44 31
69 44 32
57 44 33
64 44 34
65 44 35
65 44 36
63 44 37
69 44 38
61 44 39
55 44 40
49 44 41
75 44 42
65 44 43
121 44 44
68 44 45
54 44 46
49 44 47
71 44 48
60 44 49
66 44 50
45 44 51
60 44 52
52 44 53
53 44 54
53 44 55
63 44 56
65 44 57
65 44 58
53 44 59
59 44 60
62 44 61
65 44 62
53 44 63
70 44 64
60 44 65
50 44 66
57 44 67
52 44 68
68 44 69
47 44 70
63 44 71
63 44 72
63 44 73
57 44 74
47 44 75
70 44 76
49 44 77
71 44 78
68 44 79
40 44 80
64 44 81
50 44 82
64 44 83
47 44 84
63 44 85
72 44 86
70 44 87
61 44 88
64 44 89
50 44 90
60 44 91
59 44 92
84 44 93
42 44 94
68 44 95
62 44 96
57 44 97
55 44 98
67 44 99
60 44 100
67 45 1
63 45 2
51 45 3
66 45 4
65 45 5
76 45 6
75 45 7
68 45 8
63 45 9
56 45 10
84 45 11
69 45 12
91 45 13
72 45 14
76 45 15
57 45 16
66 45 17
69 45 18
67 45 19
70 45 20
74 45 21
73 45 22
79 45 23
64 45 24
75 45 25
83 45 26
60 45 27
67 45 28
65 45 29
49 45 30
53 45 31
68 45 32
70 45 33
71 45 34
83 45 35
65 45 36
63 45 37
66 45 38
63 45 39
53 45 40
73 45 41
74 45 42
72 45 43
69 45 44
126 45 45
76 45 46
69 45 47
80 45 48
78 45 49
77 45 50
62 45 51
66 45 52
64 45 53
68 45 54
50 45 55
61 45 56
71 45 57
69 45 58
68 45 59
77 45 60
67 45 61
66 45 62
61 45 63
65 45 64
65 45 65
51 45 66
77 45 67
60 45 68
69 45 69
73 45 70
60 45 71
62 45 72
67 45 73
72 45 74
63 45 75
71 45 76
67 45 77
74 45 78
89 45 79
67 45 80
68 45 81
61 45 82
58 45 83
61 45 84
62 45 85
63 45 86
64 45 87
63 45 88
85 45 89
73 45 90
67 45 91
71 45 92
62 45 93
48 45 94
70 45 95
60 45 96
51 45 97
86 45 98
68 45 99
72 45 100
59 46 1
63 46 2
66 46 3
59 46 4
66 46 5
63 46 6
57 46 7
62 46 8
63 46 9
47 46 10
91 46 11
76 46 12
83 46 13
68 46 14
59 46 15
54 46 16
71 46 17
68 46 18
60 46 19
81 46 20
74 46 21
89 46 22
71 46 23
65 46 24
92 46 25
77 46 26
58 46 27
61 46 28
62 46 29
66 46 30
58 46 31
76 46 32
71 46 33
82 46 34
69 46 35
55 46 36
66 46 37
63 46 38
59 46 39
56 46 40
66 46 41
72 46 42
61 46 43
64 46 44
79 46 45
123 46 46
69 46 47
77 46 48
79 46 49
57 46 50
49 46 51
61 46 52
73 46 53
72 46 54
55 46 55
63 46 56
53 46 57
69 46 58
76 46 59
68 46 60
64 46 61
52 46 62
79 46 63
67 46 64
67 46 65
50 46 66
68 46 67
62 46 68
73 46 69
65 46 70
62 46 71
70 46 72
67 46 73
92 46 74
49 46 75
66 46 76
58 46 77
59 46 78
66 46 79
63 46 80
62 46 81
60 46 82
58 46 83
64 46 84
62 46 85
76 46 86
66 46 87
64 46 88
85 46 89
69 46 90
69 46 91
61 46 92
70 46 93
61 46 94
63 46 95
57 46 96
41 46 97
69 46 98
66 46 99
81 46 100
60 47 1
78 47 2
65 47 3
92 47 4
88 47 5
51 47 6
70 47 7
72 47 8
59 47 9
71 47 10
65 47 11
76 47 12
72 47 13
78 47 14
78 47 15
82 47 16
81 47 17
60 47 18
86 47 19
66 47 20
64 47 21
64 47 22
80 47 23
70 47 24
81 47 25
68 47 26
70 47 27
64 47 28
62 47 29
51 47 30
60 47 31
71 47 32
80 47 33
73 47 34
65 47 35
68 47 36
76 47 37
66 47 38
67 47 39
56 47 40
85 47 41
76 47 42
65 47 43
59 47 44
74 47 45
79 47 46
118 47 47
72 47 48
64 47 49
66 47 50
81 47 51
68 47 52
84 47 53
67 47 54
63 47 55
72 47 56
65 47 57
61 47 58
69 47 59
74 47 60
59 47 61
68 47 62
92 47 63
66 47 64
64 47 65
58 47 66
67 47 67
57 47 68
70 47 69
100 47 70
78 47 71
90 47 72
61 47 73
80 47 74
71 47 75
65 47 76
68 47 77
72 47 78
67 47 79
76 47 80
64 47 81
65 47 82
66 47 83
66 47 84
56 47 85
71 47 86
62 47 87
64 47 88
75 47 89
91 47 90
85 47 91
82 47 92
63 47 93
70 47 94
62 47 95
79 47 96
69 47 97
70 47 98
75 47 99
75 47 100
55 48 1
59 48 2
67 48 3
57 48 4
63 48 5
66 48 6
68 48 7
57 48 8
63 48 9
52 48 10
81 48 11
60 48 12
72 48 13
60 48 14
68 48 15
60 48 16
69 48 17
73 48 18
55 48 19
71 48 20
77 48 21
64 48 22
72 48 23
62 48 24
65 48 25
67 48 26
61 48 27
60 48 28
69 48 29
63 48 30
64 48 31
64 48 32
73 48 33
76 48 34
66 48 35
52 48 36
58 48 37
58 48 38
53 48 39
52 48 40
60 48 41
65 48 42
57 48 43
70 48 44
72 48 45
74 48 46
71 48 47
123 48 48
70 48 49
57 48 50
54 48 51
56 48 52
72 48 53
58 48 54
62 48 55
61 48 56
64 48 57
68 48 58
73 48 59
65 48 60
65 48 61
60 48 62
56 48 63
62 48 64
59 48 65
53 48 66
67 48 67
63 48 68
68 48 69
64 48 70
60 48 71
66 48 72
70 48 73
73 48 74
56 48 75
69 48 76
61 48 77
65 48 78
64 48 79
61 48 80
62 48 81
62 48 82
61 48 83
64 48 84
59 48 85
55 48 86
51 48 87
69 48 88
74 48 89
69 48 90
58 48 91
62 48 92
70 48 93
59 48 94
53 48 95
54 48 96
54 48 97
64 48 98
68 48 99
72 48 100
66 49 1
61 49 2
55 49 3
57 49 4
61 49 5
74 49 6
65 49 7
66 49 8
65 49 9
54 49 10
83 49 11
77 49 12
89 49 13
53 49 14
60 49 15
50 49 16
67 49 17
74 49 18
64 49 19
66 49 20
67 49 21
82 49 22
74 49 23
48 49 24
87 49 25
84 49 26
61 49 27
63 49 28
55 49 29
54 49 30
59 49 31
58 49 32
70 49 33
85 49 34
71 49 35
66 49 36
67 49 37
60 49 38
71 49 39
62 49 40
66 49 41
82 49 42
71 49 43
72 49 44
86 49 45
82 49 46
69 49 47
78 49 48
126 49 49
54 49 50
57 49 51
69 49 52
66 49 53
86 49 54
53 49 55
83 49 56
65 49 57
84 49 58
64 49 59
82 49 60
57 49 61
70 49 62
65 49 63
71 49 64
55 49 65
54 49 66
63 49 67
65 49 68
72 49 69
70 49 70
65 49 71
56 49 72
63 49 73
85 49 74
48 49 75
72 49 76
64 49 77
75 49 78
78 49 79
69 49 80
62 49 81
62 49 82
57 49 83
69 49 84
73 49 85
62 49 86
65 49 87
70 49 88
73 49 89
64 49 90
63 49 91
58 49 92
76 49 93
58 49 94
65 49 95
61 49 96
45 49 97
80 49 98
74 49 99
69 49 100
70 50 1
59 50 2
60 50 3
54 50 4
59 50 5
76 50 6
72 50 7
76 50 8
54 50 9
68 50 10
63 50 11
65 50 12
72 50 13
63 50 14
69 50 15
76 50 16
61 50 17
61 50 18
68 50 19
65 50 20
63 50 21
56 50 22
68 50 23
72 50 24
60 50 25
60 50 26
65 50 27
88 50 28
59 50 29
51 50 30
58 50 31
69 50 32
69 50 33
62 50 34
66 50 35
69 50 36
65 50 37
81 50 38
70 50 39
43 50 40
64 50 41
64 50 42
76 50 43
79 50 44
72 50 45
58 50 46
65 50 47
67 50 48
50 50 49
123 50 50
63 50 51
75 50 52
62 50 53
52 50 54
54 50 55
54 50 56
90 50 57
66 50 58
56 50 59
74 50 60
72 50 61
66 50 62
65 50 63
60 50 64
67 50 65
56 50 66
77 50 67
42 50 68
65 50 69
68 50 70
56 50 71
65 50 72
55 50 73
63 50 74
73 50 75
70 50 76
75 50 77
59 50 78
72 50 79
61 50 80
74 50 81
63 50 82
62 50 83
59 50 84
79 50 85
87 50 86
81 50 87
85 50 88
73 50 89
66 50 90
66 50 91
69 50 92
71 50 93
51 50 94
83 50 95
73 50 96
66 50 97
60 50 98
86 50 99
51 50 100
65 51 1
55 51 2
67 51 3
78 51 4
81 51 5
63 51 6
61 51 7
82 51 8
58 51 9
83 51 10
47 51 11
53 51 12
57 51 13
74 51 14
64 51 15
90 51 16
56 51 17
41 51 18
79 51 19
60 51 20
66 51 21
48 51 22
65 51 23
59 51 24
49 51 25
56 51 26
72 51 27
77 51 28
71 51 29
49 51 30
53 51 31
63 51 32
69 51 33
49 51 34
53 51 35
64 51 36
51 51 37
59 51 38
66 51 39
52 51 40
74 51 41
39 51 42
69 51 43
47 51 44
58 51 45
54 51 46
71 51 47
54 51 48
50 51 49
71 51 50
126 51 51
73 51 52
74 51 53
57 51 54
73 51 55
60 51 56
66 51 57
51 51 58
58 51 59
71 51 60
61 51 61
56 51 62
65 51 63
45 51 64
63 51 65
82 51 66
63 51 67
64 51 68
51 51 69
79 51 70
62 51 71
67 51 72
56 51 73
50 51 74
78 51 75
46 51 76
82 51 77
67 51 78
45 51 79
78 51 80
61 51 81
58 51 82
61 51 83
72 51 84
59 51 85
58 51 86
62 51 87
67 51 88
62 51 89
72 51 90
71 51 91
74 51 92
42 51 93
72 51 94
63 51 95
70 51 96
75 51 97
57 51 98
64 51 99
57 51 100
69 52 1
53 52 2
52 52 3
51 52 4
48 52 5
77 52 6
52 52 7
61 52 8
51 52 9
59 52 10
54 52 11
60 52 12
63 52 13
51 52 14
52 52 15
61 52 16
66 52 17
66 52 18
68 52 19
65 52 20
60 52 21
62 52 22
75 52 23
60 52 24
66 52 25
74 52 26
65 52 27
64 52 28
51 52 29
52 52 30
42 52 31
74 52 32
73 52 33
57 52 34
68 52 35
63 52 36
73 52 37
74 52 38
69 52 39
47 52 40
57 52 41
62 52 42
82 52 43
63 52 44
65 52 45
66 52 46
59 52 47
60 52 48
67 52 49
78 52 50
63 52 51
119 52 52
53 52 53
64 52 54
55 52 55
74 52 56
68 52 57
75 52 58
61 52 59
70 52 60
65 52 61
68 52 62
73 52 63
63 52 64
70 52 65
55 52 66
67 52 67
41 52 68
51 52 69
58 52 70
55 52 71
61 52 72
50 52 73
63 52 74
58 52 75
74 52 76
64 52 77
65 52 78
63 52 79
58 52 80
63 52 81
58 52 82
56 52 83
46 52 84
81 52 85
71 52 86
74 52 87
81 52 88
69 52 89
55 52 90
48 52 91
64 52 92
56 52 93
52 52 94
83 52 95
72 52 96
60 52 97
62 52 98
77 52 99
54 52 100
66 53 1
53 53 2
68 53 3
81 53 4
71 53 5
58 53 6
64 53 7
70 53 8
67 53 9
67 53 10
56 53 11
60 53 12
65 53 13
76 53 14
80 53 15
79 53 16
58 53 17
57 53 18
70 53 19
64 53 20
66 53 21
59 53 22
81 53 23
70 53 24
56 53 25
65 53 26
67 53 27
57 53 28
72 53 29
52 53 30
66 53 31
62 53 32
69 53 33
62 53 34
62 53 35
63 53 36
65 53 37
53 53 38
55 53 39
66 53 40
87 53 41
59 53 42
56 53 43
54 53 44
68 53 45
75 53 46
86 53 47
71 53 48
60 53 49
64 53 50
75 53 51
59 53 52
124 53 53
61 53 54
65 53 55
62 53 56
67 53 57
63 53 58
75 53 59
60 53 60
54 53 61
72 53 62
61 53 63
62 53 64
49 53 65
70 53 66
57 53 67
61 53 68
63 53 69
83 53 70
63 53 71
72 53 72
66 53 73
62 53 74
72 53 75
57 53 76
68 53 77
73 53 78
56 53 79
88 53 80
53 53 81
52 53 82
69 53 83
84 53 84
54 53 85
53 53 86
47 53 87
65 53 88
67 53 89
86 53 90
66 53 91
75 53 92
56 53 93
62 53 94
57 53 95
58 53 96
57 53 97
71 53 98
62 53 99
58 53 100
50 54 1
77 54 2
62 54 3
61 54 4
56 54 5
52 54 6
52 54 7
57 54 8
64 54 9
56 54 10
63 54 11
60 54 12
66 54 13
52 54 14
39 54 15
56 54 16
66 54 17
81 54 18
59 54 19
72 54 20
60 54 21
61 54 22
73 54 23
52 54 24
68 54 25
67 54 26
47 54 27
61 54 28
48 54 29
52 54 30
54 54 31
65 54 32
55 54 33
79 54 34
72 54 35
72 54 36
81 54 37
61 54 38
60 54 39
52 54 40
53 54 41
64 54 42
57 54 43
63 54 44
54 54 45
74 54 46
62 54 47
51 54 48
72 54 49
52 54 50
55 54 51
64 54 52
58 54 53
119 54 54
43 54 55
92 54 56
60 54 57
73 54 58
82 54 59
66 54 60
52 54 61
71 54 62
58 54 63
77 54 64
68 54 65
51 54 66
63 54 67
57 54 68
52 54 69
58 54 70
65 54 71
58 54 72
63 54 73
50 54 74
51 54 75
53 54 76
64 54 77
75 54 78
59 54 79
54 54 80
57 54 81
54 54 82
47 54 83
52 54 84
55 54 85
62 54 86
60 54 87
65 54 88
51 54 89
55 54 90
63 54 91
69 54 92
71 54 93
55 54 94
68 54 95
67 54 96
52 54 97
62 54 98
57 54 99
69 54 100
69 55 1
55 55 2
63 55 3
68 55 4
64 55 5
65 55 6
71 55 7
76 55 8
87 55 9
84 55 10
57 55 11
54 55 12
62 55 13
71 55 14
57 55 15
72 55 16
53 55 17
67 55 18
65 55 19
65 55 20
55 55 21
55 55 22
54 55 23
88 55 24
55 55 25
60 55 26
65 55 27
63 55 28
89 55 29
80 55 30
72 55 31
67 55 32
58 55 33
58 55 34
68 55 35
57 55 36
58 55 37
58 55 38
67 55 39
78 55 40
58 55 41
50 55 42
56 55 43
58 55 44
58 55 45
58 55 46
58 55 47
60 55 48
57 55 49
63 55 50
72 55 51
63 55 52
64 55 53
57 55 54
127 55 55
54 55 56
57 55 57
61 55 58
56 55 59
72 55 60
67 55 61
61 55 62
61 55 63
64 55 64
59 55 65
89 55 66
64 55 67
84 55 68
71 55 69
59 55 70
58 55 71
60 55 72
81 55 73
60 55 74
98 55 75
66 55 76
87 55 77
67 55 78
54 55 79
79 55 80
65 55 81
91 55 82
82 55 83
89 55 84
63 55 85
57 55 86
59 55 87
66 55 88
59 55 89
56 55 90
63 55 91
64 55 92
57 55 93
85 55 94
60 55 95
61 55 96
85 55 97
62 55 98
56 55 99
63 55 100
61 56 1
76 56 2
49 56 3
63 56 4
58 56 5
46 56 6
51 56 7
56 56 8
61 56 9
67 56 10
70 56 11
70 56 12
67 56 13
56 56 14
49 56 15
58 56 16
79 56 17
78 56 18
64 56 19
58 56 20
61 56 21
63 56 22
71 56 23
52 56 24
84 56 25
77 56 26
53 56 27
63 56 28
53 56 29
55 56 30
57 56 31
60 56 32
66 56 33
72 56 34
68 56 35
73 56 36
83 56 37
58 56 38
75 56 39
55 56 40
58 56 41
69 56 42
66 56 43
73 56 44
62 56 45
78 56 46
64 56 47
65 56 48
77 56 49
50 56 50
55 56 51
65 56 52
59 56 53
84 56 54
53 56 55
120 56 56
65 56 57
78 56 58
71 56 59
70 56 60
62 56 61
77 56 62
60 56 63
73 56 64
71 56 65
49 56 66
69 56 67
52 56 68
60 56 69
74 56 70
64 56 71
57 56 72
52 56 73
72 56 74
52 56 75
67 56 76
57 56 77
74 56 78
63 56 79
59 56 80
56 56 81
59 56 82
54 56 83
56 56 84
68 56 85
61 56 86
52 56 87
63 56 88
49 56 89
63 56 90
60 56 91
66 56 92
71 56 93
47 56 94
67 56 95
72 56 96
51 56 97
66 56 98
62 56 99
70 56 100
76 57 1
63 57 2
62 57 3
64 57 4
64 57 5
88 57 6
69 57 7
75 57 8
65 57 9
73 57 10
57 57 11
65 57 12
66 57 13
62 57 14
71 57 15
76 57 16
68 57 17
67 57 18
68 57 19
69 57 20
75 57 21
62 57 22
70 57 23
62 57 24
62 57 25
71 57 26
65 57 27
83 57 28
62 57 29
55 57 30
52 57 31
74 57 32
71 57 33
61 57 34
65 57 35
84 57 36
75 57 37
79 57 38
79 57 39
48 57 40
69 57 41
78 57 42
88 57 43
87 57 44
67 57 45
64 57 46
68 57 47
67 57 48
69 57 49
83 57 50
65 57 51
75 57 52
69 57 53
67 57 54
60 57 55
70 57 56
123 57 57
61 57 58
63 57 59
76 57 60
66 57 61
80 57 62
62 57 63
66 57 64
73 57 65
71 57 66
75 57 67
50 57 68
65 57 69
68 57 70
75 57 71
64 57 72
59 57 73
56 57 74
61 57 75
80 57 76
66 57 77
83 57 78
76 57 79
72 57 80
77 57 81
50 57 82
65 57 83
61 57 84
81 57 85
86 57 86
71 57 87
83 57 88
67 57 89
67 57 90
60 57 91
74 57 92
78 57 93
52 57 94
71 57 95
86 57 96
67 57 97
70 57 98
75 57 99
63 57 100
65 58 1
63 58 2
53 58 3
54 58 4
59 58 5
66 58 6
66 58 7
59 58 8
64 58 9
60 58 10
63 58 11
55 58 12
75 58 13
58 58 14
54 58 15
51 58 16
61 58 17
72 58 18
65 58 19
65 58 20
58 58 21
69 58 22
71 58 23
51 58 24
71 58 25
85 58 26
53 58 27
60 58 28
62 58 29
59 58 30
52 58 31
54 58 32
68 58 33
65 58 34
76 58 35
77 58 36
75 58 37
57 58 38
66 58 39
66 58 40
55 58 41
71 58 42
66 58 43
68 58 44
74 58 45
70 58 46
65 58 47
75 58 48
82 58 49
64 58 50
61 58 51
67 58 52
60 58 53
84 58 54
61 58 55
76 58 56
67 58 57
121 58 58
74 58 59
72 58 60
63 58 61
69 58 62
53 58 63
83 58 64
63 58 65
63 58 66
61 58 67
61 58 68
63 58 69
65 58 70
66 58 71
60 58 72
57 58 73
69 58 74
48 58 75
62 58 76
67 58 77
71 58 78
70 58 79
63 58 80
61 58 81
53 58 82
58 58 83
64 58 84
63 58 85
71 58 86
66 58 87
79 58 88
59 58 89
65 58 90
61 58 91
65 58 92
69 58 93
50 58 94
60 58 95
66 58 96
54 58 97
71 58 98
65 58 99
74 58 100
58 59 1
77 59 2
55 59 3
70 59 4
72 59 5
53 59 6
56 59 7
56 59 8
60 59 9
74 59 10
69 59 11
60 59 12
75 59 13
57 59 14
59 59 15
58 59 16
79 59 17
58 59 18
65 59 19
72 59 20
59 59 21
61 59 22
77 59 23
63 59 24
71 59 25
70 59 26
54 59 27
56 59 28
64 59 29
52 59 30
61 59 31
50 59 32
72 59 33
74 59 34
83 59 35
79 59 36
89 59 37
47 59 38
64 59 39
60 59 40
57 59 41
59 59 42
61 59 43
66 59 44
67 59 45
72 59 46
60 59 47
67 59 48
64 59 49
54 59 50
55 59 51
57 59 52
73 59 53
82 59 54
65 59 55
84 59 56
63 59 57
81 59 58
126 59 59
67 59 60
49 59 61
76 59 62
58 59 63
69 59 64
61 59 65
67 59 66
68 59 67
61 59 68
57 59 69
73 59 70
69 59 71
51 59 72
50 59 73
62 59 74
55 59 75
66 59 76
59 59 77
79 59 78
63 59 79
62 59 80
52 59 81
54 59 82
50 59 83
80 59 84
54 59 85
57 59 86
62 59 87
67 59 88
65 59 89
69 59 90
60 59 91
66 59 92
66 59 93
51 59 94
66 59 95
73 59 96
49 59 97
64 59 98
68 59 99
72 59 100
68 60 1
48 60 2
61 60 3
54 60 4
54 60 5
72 60 6
55 60 7
66 60 8
62 60 9
67 60 10
57 60 11
66 60 12
63 60 13
60 60 14
53 60 15
58 60 16
50 60 17
52 60 18
52 60 19
57 60 20
60 60 21
60 60 22
62 60 23
61 60 24
60 60 25
62 60 26
59 60 27
87 60 28
62 60 29
54 60 30
53 60 31
66 60 32
65 60 33
65 60 34
57 60 35
65 60 36
52 60 37
71 60 38
68 60 39
49 60 40
56 60 41
59 60 42
74 60 43
59 60 44
61 60 45
62 60 46
52 60 47
63 60 48
62 60 49
75 60 50
64 60 51
64 60 52
57 60 53
53 60 54
70 60 55
57 60 56
68 60 57
59 60 58
56 60 59
116 60 60
66 60 61
54 60 62
62 60 63
56 60 64
51 60 65
61 60 66
70 60 67
57 60 68
53 60 69
61 60 70
41 60 71
57 60 72
58 60 73
58 60 74
58 60 75
69 60 76
67 60 77
54 60 78
52 60 79
59 60 80
60 60 81
61 60 82
61 60 83
62 60 84
65 60 85
73 60 86
60 60 87
71 60 88
63 60 89
56 60 90
53 60 91
62 60 92
54 60 93
63 60 94
68 60 95
67 60 96
62 60 97
64 60 98
64 60 99
56 60 100
78 61 1
54 61 2
56 61 3
52 61 4
56 61 5
73 61 6
67 61 7
58 61 8
56 61 9
49 61 10
60 61 11
64 61 12
68 61 13
65 61 14
57 61 15
65 61 16
61 61 17
53 61 18
72 61 19
54 61 20
74 61 21
68 61 22
57 61 23
64 61 24
56 61 25
56 61 26
72 61 27
69 61 28
57 61 29
66 61 30
55 61 31
56 61 32
63 61 33
67 61 34
50 61 35
59 61 36
51 61 37
80 61 38
76 61 39
59 61 40
64 61 41
60 61 42
66 61 43
62 61 44
62 61 45
58 61 46
57 61 47
67 61 48
60 61 49
71 61 50
57 61 51
71 61 52
54 61 53
54 61 54
59 61 55
58 61 56
67 61 57
65 61 58
48 61 59
69 61 60
126 61 61
60 61 62
61 61 63
48 61 64
70 61 65
55 61 66
67 61 67
43 61 68
54 61 69
55 61 70
58 61 71
53 61 72
56 61 73
58 61 74
58 61 75
73 61 76
58 61 77
47 61 78
65 61 79
53 61 80
82 61 81
63 61 82
63 61 83
53 61 84
80 61 85
72 61 86
74 61 87
62 61 88
60 61 89
49 61 90
56 61 91
47 61 92
60 61 93
52 61 94
72 61 95
56 61 96
69 61 97
70 61 98
64 61 99
54 61 100
71 62 1
71 62 2
69 62 3
65 62 4
70 62 5
74 62 6
71 62 7
78 62 8
72 62 9
84 62 10
70 62 11
78 62 12
78 62 13
65 62 14
62 62 15
71 62 16
81 62 17
72 62 18
69 62 19
86 62 20
64 62 21
80 62 22
79 62 23
68 62 24
80 62 25
80 62 26
65 62 27
65 62 28
66 62 29
66 62 30
62 62 31
73 62 32
77 62 33
71 62 34
86 62 35
91 62 36
87 62 37
75 62 38
82 62 39
69 62 40
68 62 41
85 62 42
78 62 43
82 62 44
67 62 45
78 62 46
72 62 47
71 62 48
80 62 49
72 62 50
71 62 51
85 62 52
73 62 53
86 62 54
72 62 55
83 62 56
80 62 57
83 62 58
78 62 59
84 62 60
66 62 61
123 62 62
66 62 63
87 62 64
73 62 65
73 62 66
80 62 67
63 62 68
70 62 69
78 62 70
61 62 71
76 62 72
64 62 73
79 62 74
73 62 75
80 62 76
65 62 77
88 62 78
69 62 79
65 62 80
67 62 81
70 62 82
59 62 83
73 62 84
72 62 85
71 62 86
79 62 87
84 62 88
69 62 89
66 62 90
66 62 91
70 62 92
69 62 93
69 62 94
81 62 95
80 62 96
59 62 97
84 62 98
83 62 99
75 62 100
53 63 1
66 63 2
69 63 3
79 63 4
80 63 5
65 63 6
60 63 7
60 63 8
58 63 9
55 63 10
58 63 11
68 63 12
61 63 13
84 63 14
72 63 15
80 63 16
70 63 17
61 63 18
98 63 19
65 63 20
66 63 21
71 63 22
66 63 23
60 63 24
60 63 25
61 63 26
75 63 27
65 63 28
48 63 29
53 63 30
54 63 31
69 63 32
66 63 33
66 63 34
66 63 35
53 63 36
56 63 37
73 63 38
53 63 39
54 63 40
96 63 41
65 63 42
64 63 43
50 63 44
61 63 45
66 63 46
86 63 47
62 63 48
59 63 49
68 63 50
68 63 51
67 63 52
61 63 53
63 63 54
54 63 55
51 63 56
55 63 57
55 63 58
59 63 59
61 63 60
58 63 61
58 63 62
128 63 63
61 63 64
69 63 65
54 63 66
61 63 67
56 63 68
60 63 69
68 63 70
81 63 71
82 63 72
51 63 73
72 63 74
63 63 75
58 63 76
64 63 77
58 63 78
67 63 79
78 63 80
62 63 81
66 63 82
60 63 83
48 63 84
70 63 85
62 63 86
66 63 87
62 63 88
79 63 89
81 63 90
92 63 91
70 63 92
64 63 93
63 63 94
65 63 95
55 63 96
67 63 97
64 63 98
71 63 99
56 63 100
64 64 1
78 64 2
54 64 3
51 64 4
51 64 5
66 64 6
60 64 7
60 64 8
61 64 9
58 64 10
65 64 11
67 64 12
56 64 13
55 64 14
60 64 15
44 64 16
60 64 17
77 64 18
56 64 19
64 64 20
53 64 21
65 64 22
72 64 23
60 64 24
68 64 25
77 64 26
55 64 27
64 64 28
51 64 29
64 64 30
58 64 31
52 64 32
63 64 33
53 64 34
77 64 35
80 64 36
88 64 37
59 64 38
68 64 39
71 64 40
58 64 41
68 64 42
61 64 43
60 64 44
61 64 45
70 64 46
62 64 47
58 64 48
75 64 49
53 64 50
52 64 51
68 64 52
56 64 53
74 64 54
63 64 55
72 64 56
54 64 57
76 64 58
68 64 59
54 64 60
51 64 61
62 64 62
58 64 63
123 64 64
61 64 65
56 64 66
67 64 67
65 64 68
68 64 69
59 64 70
77 64 71
62 64 72
66 64 73
67 64 74
49 64 75
61 64 76
68 64 77
75 64 78
71 64 79
57 64 80
57 64 81
47 64 82
66 64 83
56 64 84
59 64 85
54 64 86
53 64 87
63 64 88
66 64 89
58 64 90
63 64 91
70 64 92
72 64 93
57 64 94
68 64 95
65 64 96
55 64 97
67 64 98
53 64 99
60 64 100
71 65 1
61 65 2
62 65 3
55 65 4
61 65 5
68 65 6
59 65 7
68 65 8
59 65 9
71 65 10
60 65 11
63 65 12
62 65 13
62 65 14
48 65 15
51 65 16
74 65 17
83 65 18
71 65 19
66 65 20
67 65 21
69 65 22
72 65 23
57 65 24
58 65 25
74 65 26
72 65 27
79 65 28
52 65 29
58 65 30
56 65 31
75 65 32
82 65 33
59 65 34
67 65 35
80 65 36
75 65 37
78 65 38
85 65 39
56 65 40
63 65 41
66 65 42
80 65 43
68 65 44
66 65 45
66 65 46
61 65 47
62 65 48
57 65 49
73 65 50
61 65 51
80 65 52
57 65 53
71 65 54
62 65 55
75 65 56
67 65 57
67 65 58
65 65 59
69 65 60
71 65 61
68 65 62
67 65 63
65 65 64
118 65 65
60 65 66
89 65 67
50 65 68
52 65 69
61 65 70
54 65 71
63 65 72
50 65 73
63 65 74
63 65 75
73 65 76
63 65 77
61 65 78
76 65 79
57 65 80
65 65 81
63 65 82
65 65 83
51 65 84
81 65 85
77 65 86
76 65 87
78 65 88
58 65 89
54 65 90
69 65 91
65 65 92
66 65 93
55 65 94
81 65 95
73 65 96
53 65 97
74 65 98
73 65 99
61 65 100
61 66 1
56 66 2
65 66 3
63 66 4
63 66 5
61 66 6
59 66 7
69 66 8
73 66 9
87 66 10
49 66 11
57 66 12
42 66 13
57 66 14
60 66 15
69 66 16
51 66 17
55 66 18
61 66 19
67 66 20
57 66 21
43 66 22
58 66 23
66 66 24
54 66 25
57 66 26
70 66 27
53 66 28
79 66 29
72 66 30
70 66 31
54 66 32
49 66 33
49 66 34
48 66 35
47 66 36
39 66 37
54 66 38
55 66 39
68 66 40
58 66 41
50 66 42
56 66 43
50 66 44
46 66 45
43 66 46
54 66 47
55 66 48
46 66 49
61 66 50
72 66 51
59 66 52
62 66 53
57 66 54
88 66 55
51 66 56
63 66 57
49 66 58
58 66 59
58 66 60
59 66 61
60 66 62
50 66 63
50 66 64
53 66 65
124 66 66
53 66 67
72 66 68
64 66 69
60 66 70
54 66 71
50 66 72
70 66 73
45 66 74
87 66 75
47 66 76
67 66 77
53 66 78
47 66 79
57 66 80
63 66 81
84 66 82
74 66 83
80 66 84
58 66 85
53 66 86
65 66 87
62 66 88
50 66 89
55 66 90
47 66 91
64 66 92
51 66 93
87 66 94
56 66 95
65 66 96
88 66 97
53 66 98
54 66 99
53 66 100
73 67 1
72 67 2
61 67 3
57 67 4
56 67 5
76 67 6
72 67 7
73 67 8
64 67 9
68 67 10
77 67 11
70 67 12
77 67 13
59 67 14
52 67 15
58 67 16
73 67 17
72 67 18
63 67 19
73 67 20
80 67 21
64 67 22
79 67 23
64 67 24
76 67 25
80 67 26
54 67 27
67 67 28
63 67 29
55 67 30
57 67 31
76 67 32
76 67 33
67 67 34
74 67 35
72 67 36
72 67 37
65 67 38
89 67 39
51 67 40
53 67 41
77 67 42
75 67 43
69 67 44
78 67 45
71 67 46
63 67 47
64 67 48
70 67 49
68 67 50
64 67 51
73 67 52
57 67 53
65 67 54
57 67 55
72 67 56
73 67 57
64 67 58
69 67 59
73 67 60
72 67 61
79 67 62
63 67 63
67 67 64
72 67 65
62 67 66
115 67 67
75 67 68
55 67 69
61 67 70
58 67 71
62 67 72
53 67 73
66 67 74
72 67 75
78 67 76
78 67 77
78 67 78
76 67 79
64 67 80
84 67 81
61 67 82
59 67 83
62 67 84
67 67 85
72 67 86
75 67 87
81 67 88
62 67 89
54 67 90
59 67 91
71 67 92
61 67 93
69 67 94
83 67 95
75 67 96
62 67 97
70 67 98
59 67 99
60 67 100
55 68 1
60 68 2
58 68 3
63 68 4
62 68 5
50 68 6
61 68 7
72 68 8
85 68 9
66 68 10
57 68 11
56 68 12
44 68 13
64 68 14
47 68 15
55 68 16
51 68 17
71 68 18
56 68 19
53 68 20
53 68 21
59 68 22
53 68 23
73 68 24
54 68 25
59 68 26
52 68 27
60 68 28
76 68 29
71 68 30
65 68 31
68 68 32
50 68 33
47 68 34
53 68 35
59 68 36
55 68 37
41 68 38
59 68 39
80 68 40
57 68 41
54 68 42
46 68 43
56 68 44
52 68 45
54 68 46
47 68 47
54 68 48
55 68 49
47 68 50
68 68 51
50 68 52
56 68 53
59 68 54
86 68 55
54 68 56
49 68 57
58 68 58
55 68 59
62 68 60
47 68 61
50 68 62
46 68 63
66 68 64
50 68 65
78 68 66
65 68 67
123 68 68
60 68 69
54 68 70
64 68 71
57 68 72
77 68 73
56 68 74
74 68 75
48 68 76
80 68 77
76 68 78
55 68 79
70 68 80
63 68 81
69 68 82
78 68 83
75 68 84
48 68 85
50 68 86
48 68 87
64 68 88
46 68 89
50 68 90
56 68 91
54 68 92
55 68 93
72 68 94
53 68 95
61 68 96
66 68 97
48 68 98
49 68 99
60 68 100
54 69 1
75 69 2
67 69 3
65 69 4
70 69 5
59 69 6
68 69 7
62 69 8
71 69 9
64 69 10
69 69 11
71 69 12
60 69 13
68 69 14
75 69 15
56 69 16
52 69 17
50 69 18
58 69 19
65 69 20
54 69 21
62 69 22
58 69 23
68 69 24
73 69 25
69 69 26
60 69 27
58 69 28
70 69 29
58 69 30
67 69 31
60 69 32
46 69 33
61 69 34
60 69 35
46 69 36
50 69 37
63 69 38
49 69 39
57 69 40
64 69 41
67 69 42
51 69 43
61 69 44
71 69 45
69 69 46
67 69 47
72 69 48
71 69 49
57 69 50
60 69 51
50 69 52
59 69 53
62 69 54
63 69 55
57 69 56
60 69 57
57 69 58
59 69 59
57 69 60
56 69 61
62 69 62
59 69 63
72 69 64
51 69 65
52 69 66
52 69 67
69 69 68
123 69 69
56 69 70
70 69 71
68 69 72
69 69 73
72 69 74
55 69 75
55 69 76
63 69 77
66 69 78
69 69 79
70 69 80
54 69 81
58 69 82
63 69 83
64 69 84
50 69 85
54 69 86
54 69 87
51 69 88
65 69 89
59 69 90
69 69 91
62 69 92
62 69 93
61 69 94
56 69 95
57 69 96
59 69 97
63 69 98
62 69 99
70 69 100
69 70 1
66 70 2
59 70 3
80 70 4
72 70 5
52 70 6
60 70 7
70 70 8
56 70 9
83 70 10
51 70 11
60 70 12
69 70 13
69 70 14
76 70 15
79 70 16
76 70 17
53 70 18
80 70 19
62 70 20
56 70 21
52 70 22
94 70 23
55 70 24
65 70 25
61 70 26
64 70 27
60 70 28
60 70 29
45 70 30
58 70 31
55 70 32
70 70 33
74 70 34
70 70 35
71 70 36
69 70 37
54 70 38
57 70 39
55 70 40
82 70 41
69 70 42
65 70 43
53 70 44
60 70 45
69 70 46
86 70 47
63 70 48
56 70 49
64 70 50
77 70 51
67 70 52
83 70 53
71 70 54
61 70 55
75 70 56
70 70 57
59 70 58
77 70 59
67 70 60
60 70 61
67 70 62
67 70 63
65 70 64
54 70 65
67 70 66
59 70 67
49 70 68
58 70 69
125 70 70
61 70 71
67 70 72
53 70 73
61 70 74
69 70 75
54 70 76
66 70 77
63 70 78
53 70 79
73 70 80
47 70 81
52 70 82
53 70 83
65 70 84
55 70 85
64 70 86
50 70 87
67 70 88
69 70 89
78 70 90
70 70 91
68 70 92
51 70 93
64 70 94
57 70 95
63 70 96
65 70 97
68 70 98
70 70 99
58 70 100
63 71 1
80 71 2
58 71 3
88 71 4
78 71 5
58 71 6
66 71 7
57 71 8
65 71 9
62 71 10
64 71 11
62 71 12
53 71 13
65 71 14
69 71 15
71 71 16
70 71 17
73 71 18
94 71 19
59 71 20
65 71 21
51 71 22
69 71 23
55 71 24
68 71 25
70 71 26
69 71 27
55 71 28
56 71 29
62 71 30
61 71 31
69 71 32
66 71 33
63 71 34
69 71 35
54 71 36
81 71 37
56 71 38
65 71 39
60 71 40
80 71 41
66 71 42
68 71 43
69 71 44
61 71 45
60 71 46
85 71 47
63 71 48
64 71 49
46 71 50
69 71 51
56 71 52
70 71 53
76 71 54
57 71 55
69 71 56
66 71 57
69 71 58
76 71 59
51 71 60
45 71 61
61 71 62
82 71 63
87 71 64
59 71 65
60 71 66
67 71 67
69 71 68
66 71 69
69 71 70
125 71 71
79 71 72
63 71 73
67 71 74
64 71 75
58 71 76
62 71 77
72 71 78
71 71 79
80 71 80
60 71 81
53 71 82
57 71 83
64 71 84
57 71 85
51 71 86
54 71 87
58 71 88
66 71 89
80 71 90
82 71 91
83 71 92
71 71 93
51 71 94
53 71 95
67 71 96
53 71 97
61 71 98
61 71 99
66 71 100
53 72 1
58 72 2
70 72 3
68 72 4
67 72 5
51 72 6
73 72 7
53 72 8
47 72 9
48 72 10
57 72 11
59 72 12
58 72 13
80 72 14
74 72 15
60 72 16
63 72 17
53 72 18
68 72 19
54 72 20
58 72 21
62 72 22
65 72 23
60 72 24
60 72 25
50 72 26
67 72 27
46 72 28
57 72 29
54 72 30
55 72 31
64 72 32
59 72 33
60 72 34
52 72 35
55 72 36
71 72 37
61 72 38
54 72 39
46 72 40
75 72 41
51 72 42
54 72 43
53 72 44
56 72 45
65 72 46
84 72 47
64 72 48
51 72 49
54 72 50
63 72 51
58 72 52
69 72 53
59 72 54
54 72 55
53 72 56
50 72 57
56 72 58
45 72 59
51 72 60
55 72 61
52 72 62
75 72 63
64 72 64
61 72 65
47 72 66
49 72 67
50 72 68
68 72 69
61 72 70
70 72 71
123 72 72
59 72 73
61 72 74
56 72 75
58 72 76
59 72 77
65 72 78
49 72 79
66 72 80
55 72 81
54 72 82
61 72 83
45 72 84
59 72 85
65 72 86
60 72 87
46 72 88
63 72 89
78 72 90
81 72 91
70 72 92
63 72 93
58 72 94
59 72 95
60 72 96
56 72 97
57 72 98
66 72 99
69 72 100
53 73 1
53 73 2
65 73 3
55 73 4
53 73 5
50 73 6
66 73 7
52 73 8
82 73 9
47 73 10
56 73 11
58 73 12
52 73 13
53 73 14
59 73 15
60 73 16
58 73 17
64 73 18
50 73 19
63 73 20
53 73 21
55 73 22
56 73 23
81 73 24
58 73 25
65 73 26
57 73 27
51 73 28
77 73 29
89 73 30
85 73 31
60 73 32
48 73 33
55 73 34
59 73 35
52 73 36
55 73 37
61 73 38
51 73 39
72 73 40
59 73 41
60 73 42
48 73 43
58 73 44
56 73 45
65 73 46
57 73 47
69 73 48
57 73 49
59 73 50
50 73 51
47 73 52
66 73 53
62 73 54
71 73 55
50 73 56
45 73 57
53 73 58
61 73 59
58 73 60
54 73 61
57 73 62
49 73 63
68 73 64
40 73 65
66 73 66
51 73 67
79 73 68
64 73 69
55 73 70
60 73 71
56 73 72
126 73 73
56 73 74
64 73 75
51 73 76
59 73 77
59 73 78
56 73 79
64 73 80
57 73 81
65 73 82
74 73 83
71 73 84
49 73 85
42 73 86
40 73 87
48 73 88
53 73 89
63 73 90
59 73 91
48 73 92
58 73 93
65 73 94
42 73 95
44 73 96
68 73 97
52 73 98
58 73 99
67 73 100
58 74 1
63 74 2
69 74 3
52 74 4
61 74 5
53 74 6
57 74 7
58 74 8
65 74 9
54 74 10
78 74 11
74 74 12
71 74 13
57 74 14
53 74 15
48 74 16
65 74 17
59 74 18
67 74 19
62 74 20
67 74 21
78 74 22
64 74 23
50 74 24
82 74 25
67 74 26
66 74 27
54 74 28
52 74 29
64 74 30
53 74 31
68 74 32
66 74 33
72 74 34
65 74 35
54 74 36
64 74 37
59 74 38
60 74 39
62 74 40
57 74 41
70 74 42
72 74 43
63 74 44
66 74 45
78 74 46
71 74 47
68 74 48
79 74 49
58 74 50
50 74 51
61 74 52
57 74 53
47 74 54
62 74 55
57 74 56
56 74 57
67 74 58
59 74 59
60 74 60
58 74 61
60 74 62
75 74 63
64 74 64
56 74 65
44 74 66
66 74 67
51 74 68
66 74 69
63 74 70
65 74 71
68 74 72
52 74 73
122 74 74
53 74 75
76 74 76
54 74 77
53 74 78
63 74 79
54 74 80
64 74 81
61 74 82
52 74 83
53 74 84
67 74 85
61 74 86
66 74 87
52 74 88
82 74 89
63 74 90
68 74 91
69 74 92
62 74 93
60 74 94
63 74 95
60 74 96
49 74 97
60 74 98
68 74 99
72 74 100
60 75 1
61 75 2
59 75 3
72 75 4
68 75 5
61 75 6
62 75 7
84 75 8
82 75 9
95 75 10
55 75 11
53 75 12
58 75 13
68 75 14
65 75 15
73 75 16
59 75 17
60 75 18
72 75 19
58 75 20
55 75 21
50 75 22
61 75 23
79 75 24
53 75 25
54 75 26
68 75 27
66 75 28
73 75 29
68 75 30
82 75 31
60 75 32
64 75 33
54 75 34
69 75 35
54 75 36
55 75 37
66 75 38
65 75 39
70 75 40
69 75 41
57 75 42
62 75 43
58 75 44
54 75 45
57 75 46
64 75 47
57 75 48
52 75 49
64 75 50
82 75 51
62 75 52
69 75 53
50 75 54
101 75 55
52 75 56
62 75 57
47 75 58
66 75 59
69 75 60
53 75 61
64 75 62
59 75 63
57 75 64
64 75 65
96 75 66
74 75 67
81 75 68
58 75 69
67 75 70
64 75 71
64 75 72
71 75 73
58 75 74
124 75 75
55 75 76
78 75 77
64 75 78
55 75 79
73 75 80
64 75 81
81 75 82
78 75 83
88 75 84
55 75 85
57 75 86
58 75 87
56 75 88
62 75 89
67 75 90
68 75 91
59 75 92
53 75 93
83 75 94
53 75 95
65 75 96
83 75 97
55 75 98
62 75 99
55 75 100
76 76 1
52 76 2
49 76 3
44 76 4
45 76 5
66 76 6
67 76 7
65 76 8
55 76 9
49 76 10
79 76 11
60 76 12
75 76 13
50 76 14
52 76 15
44 76 16
65 76 17
75 76 18
51 76 19
64 76 20
82 76 21
83 76 22
59 76 23
57 76 24
70 76 25
78 76 26
70 76 27
60 76 28
59 76 29
64 76 30
56 76 31
62 76 32
71 76 33
65 76 34
68 76 35
63 76 36
66 76 37
73 76 38
78 76 39
58 76 40
51 76 41
71 76 42
81 76 43
82 76 44
65 76 45
63 76 46
56 76 47
74 76 48
75 76 49
55 76 50
41 76 51
70 76 52
50 76 53
64 76 54
63 76 55
68 76 56
65 76 57
56 76 58
58 76 59
70 76 60
76 76 61
72 76 62
59 76 63
58 76 64
69 76 65
57 76 66
74 76 67
50 76 68
66 76 69
52 76 70
55 76 71
58 76 72
62 76 73
80 76 74
62 76 75
124 76 76
59 76 77
51 76 78
77 76 79
54 76 80
81 76 81
57 76 82
58 76 83
52 76 84
82 76 85
63 76 86
77 76 87
57 76 88
70 76 89
50 76 90
51 76 91
58 76 92
75 76 93
58 76 94
69 76 95
64 76 96
59 76 97
66 76 98
71 76 99
60 76 100
67 77 1
59 77 2
62 77 3
67 77 4
61 77 5
67 77 6
77 77 7
91 77 8
71 77 9
76 77 10
51 77 11
52 77 12
50 77 13
66 77 14
58 77 15
75 77 16
57 77 17
61 77 18
65 77 19
64 77 20
64 77 21
50 77 22
67 77 23
80 77 24
53 77 25
63 77 26
60 77 27
76 77 28
65 77 29
59 77 30
60 77 31
64 77 32
69 77 33
51 77 34
58 77 35
59 77 36
60 77 37
70 77 38
60 77 39
62 77 40
58 77 41
59 77 42
63 77 43
53 77 44
58 77 45
63 77 46
66 77 47
59 77 48
64 77 49
75 77 50
89 77 51
64 77 52
67 77 53
63 77 54
81 77 55
57 77 56
71 77 57
56 77 58
57 77 59
68 77 60
57 77 61
59 77 62
62 77 63
65 77 64
57 77 65
76 77 66
76 77 67
87 77 68
59 77 69
62 77 70
62 77 71
62 77 72
71 77 73
56 77 74
79 77 75
55 77 76
125 77 77
62 77 78
70 77 79
70 77 80
70 77 81
64 77 82
81 77 83
76 77 84
64 77 85
65 77 86
66 77 87
72 77 88
58 77 89
60 77 90
59 77 91
60 77 92
55 77 93
73 77 94
63 77 95
58 77 96
83 77 97
61 77 98
58 77 99
50 77 100
54 78 1
82 78 2
54 78 3
61 78 4
61 78 5
62 78 6
63 78 7
79 78 8
73 78 9
66 78 10
64 78 11
67 78 12
64 78 13
59 78 14
70 78 15
59 78 16
67 78 17
73 78 18
67 78 19
86 78 20
58 78 21
69 78 22
73 78 23
67 78 24
67 78 25
68 78 26
49 78 27
56 78 28
75 78 29
62 78 30
59 78 31
70 78 32
65 78 33
52 78 34
70 78 35
82 78 36
77 78 37
60 78 38
64 78 39
69 78 40
66 78 41
69 78 42
63 78 43
66 78 44
71 78 45
69 78 46
60 78 47
72 78 48
68 78 49
53 78 50
68 78 51
69 78 52
68 78 53
66 78 54
66 78 55
67 78 56
73 78 57
76 78 58
74 78 59
62 78 60
50 78 61
73 78 62
53 78 63
80 78 64
60 78 65
62 78 66
75 78 67
80 78 68
71 78 69
64 78 70
70 78 71
67 78 72
70 78 73
61 78 74
62 78 75
65 78 76
64 78 77
119 78 78
64 78 79
67 78 80
60 78 81
64 78 82
70 78 83
71 78 84
48 78 85
58 78 86
58 78 87
75 78 88
65 78 89
58 78 90
60 78 91
71 78 92
66 78 93
57 78 94
65 78 95
83 78 96
51 78 97
76 78 98
57 78 99
75 78 100
72 79 1
69 79 2
63 79 3
63 79 4
64 79 5
75 79 6
77 79 7
61 79 8
64 79 9
58 79 10
91 79 11
75 79 12
81 79 13
60 79 14
72 79 15
60 79 16
73 79 17
69 79 18
73 79 19
71 79 20
89 79 21
76 79 22
69 79 23
63 79 24
78 79 25
94 79 26
71 79 27
72 79 28
61 79 29
62 79 30
65 79 31
66 79 32
83 79 33
81 79 34
75 79 35
72 79 36
86 79 37
66 79 38
77 79 39
63 79 40
72 79 41
76 79 42
79 79 43
82 79 44
88 79 45
77 79 46
80 79 47
72 79 48
89 79 49
74 79 50
62 79 51
66 79 52
67 79 53
74 79 54
65 79 55
72 79 56
72 79 57
74 79 58
72 79 59
71 79 60
75 79 61
74 79 62
71 79 63
82 79 64
77 79 65
58 79 66
79 79 67
66 79 68
74 79 69
66 79 70
71 79 71
65 79 72
61 79 73
84 79 74
55 79 75
84 79 76
73 79 77
70 79 78
123 79 79
68 79 80
81 79 81
60 79 82
66 79 83
64 79 84
85 79 85
73 79 86
82 79 87
70 79 88
76 79 89
68 79 90
66 79 91
80 79 92
74 79 93
64 79 94
81 79 95
65 79 96
57 79 97
85 79 98
81 79 99
68 79 100
61 80 1
66 80 2
69 80 3
88 80 4
81 80 5
64 80 6
64 80 7
63 80 8
69 80 9
69 80 10
51 80 11
54 80 12
55 80 13
75 80 14
71 80 15
74 80 16
56 80 17
53 80 18
82 80 19
49 80 20
51 80 21
53 80 22
56 80 23
77 80 24
52 80 25
53 80 26
62 80 27
57 80 28
67 80 29
50 80 30
60 80 31
62 80 32
56 80 33
45 80 34
72 80 35
55 80 36
57 80 37
58 80 38
55 80 39
61 80 40
93 80 41
51 80 42
54 80 43
45 80 44
62 80 45
68 80 46
74 80 47
58 80 48
56 80 49
50 80 50
76 80 51
54 80 52
80 80 53
58 80 54
68 80 55
54 80 56
58 80 57
62 80 58
62 80 59
57 80 60
51 80 61
55 80 62
75 80 63
60 80 64
46 80 65
62 80 66
54 80 67
70 80 68
68 80 69
73 80 70
78 80 71
76 80 72
67 80 73
59 80 74
64 80 75
47 80 76
71 80 77
68 80 78
65 80 79
123 80 80
53 80 81
60 80 82
64 80 83
82 80 84
53 80 85
51 80 86
51 80 87
57 80 88
66 80 89
78 80 90
75 80 91
66 80 92
48 80 93
63 80 94
53 80 95
48 80 96
67 80 97
58 80 98
64 80 99
47 80 100
92 81 1
55 81 2
65 81 3
53 81 4
60 81 5
75 81 6
82 81 7
73 81 8
64 81 9
51 81 10
71 81 11
54 81 12
65 81 13
65 81 14
59 81 15
63 81 16
67 81 17
68 81 18
68 81 19
73 81 20
79 81 21
67 81 22
53 81 23
74 81 24
60 81 25
66 81 26
70 81 27
65 81 28
73 81 29
55 81 30
52 81 31
69 81 32
68 81 33
61 81 34
67 81 35
64 81 36
68 81 37
62 81 38
77 81 39
56 81 40
69 81 41
55 81 42
75 81 43
65 81 44
69 81 45
55 81 46
53 81 47
60 81 48
60 81 49
73 81 50
62 81 51
67 81 52
58 81 53
62 81 54
63 81 55
52 81 56
71 81 57
64 81 58
55 81 59
77 81 60
90 81 61
62 81 62
54 81 63
55 81 64
71 81 65
60 81 66
84 81 67
60 81 68
58 81 69
55 81 70
59 81 71
56 81 72
58 81 73
63 81 74
66 81 75
77 81 76
64 81 77
67 81 78
72 81 79
61 81 80
120 81 81
62 81 82
71 81 83
69 81 84
85 81 85
79 81 86
74 81 87
76 81 88
69 81 89
62 81 90
68 81 91
66 81 92
67 81 93
65 81 94
81 81 95
68 81 96
59 81 97
64 81 98
62 81 99
63 81 100
58 82 1
60 82 2
76 82 3
69 82 4
62 82 5
55 82 6
73 82 7
72 82 8
76 82 9
70 82 10
71 82 11
58 82 12
62 82 13
69 82 14
63 82 15
68 82 16
61 82 17
64 82 18
73 82 19
69 82 20
58 82 21
64 82 22
54 82 23
82 82 24
60 82 25
58 82 26
68 82 27
62 82 28
85 82 29
77 82 30
73 82 31
64 82 32
56 82 33
62 82 34
58 82 35
56 82 36
60 82 37
65 82 38
65 82 39
67 82 40
65 82 41
63 82 42
52 82 43
47 82 44
59 82 45
66 82 46
66 82 47
69 82 48
58 82 49
68 82 50
67 82 51
62 82 52
70 82 53
56 82 54
85 82 55
58 82 56
55 82 57
59 82 58
68 82 59
67 82 60
74 82 61
65 82 62
73 82 63
49 82 64
61 82 65
81 82 66
62 82 67
61 82 68
62 82 69
65 82 70
50 82 71
63 82 72
75 82 73
66 82 74
80 82 75
60 82 76
77 82 77
62 82 78
55 82 79
66 82 80
66 82 81
125 82 82
68 82 83
72 82 84
69 82 85
60 82 86
65 82 87
61 82 88
58 82 89
58 82 90
56 82 91
64 82 92
61 82 93
91 82 94
59 82 95
66 82 96
81 82 97
65 82 98
64 82 99
71 82 100
63 83 1
49 83 2
65 83 3
62 83 4
52 83 5
58 83 6
71 83 7
67 83 8
83 83 9
71 83 10
60 83 11
59 83 12
57 83 13
52 83 14
57 83 15
58 83 16
57 83 17
66 83 18
61 83 19
59 83 20
66 83 21
61 83 22
59 83 23
93 83 24
62 83 25
57 83 26
62 83 27
61 83 28
78 83 29
78 83 30
91 83 31
60 83 32
57 83 33
50 83 34
56 83 35
51 83 36
52 83 37
57 83 38
60 83 39
85 83 40
62 83 41
55 83 42
48 83 43
57 83 44
56 83 45
55 83 46
50 83 47
61 83 48
56 83 49
66 83 50
58 83 51
50 83 52
62 83 53
48 83 54
82 83 55
53 83 56
62 83 57
52 83 58
55 83 59
63 83 60
71 83 61
61 83 62
57 83 63
53 83 64
66 83 65
77 83 66
67 83 67
81 83 68
67 83 69
62 83 70
49 83 71
62 83 72
78 83 73
66 83 74
78 83 75
54 83 76
70 83 77
67 83 78
60 83 79
72 83 80
65 83 81
79 83 82
122 83 83
85 83 84
60 83 85
64 83 86
57 83 87
60 83 88
61 83 89
56 83 90
52 83 91
56 83 92
53 83 93
82 83 94
59 83 95
51 83 96
79 83 97
57 83 98
49 83 99
58 83 100
56 84 1
68 84 2
73 84 3
77 84 4
69 84 5
68 84 6
75 84 7
89 84 8
92 84 9
84 84 10
63 84 11
60 84 12
61 84 13
69 84 14
58 84 15
73 84 16
66 84 17
67 84 18
67 84 19
65 84 20
61 84 21
53 84 22
69 84 23
92 84 24
60 84 25
60 84 26
59 84 27
62 84 28
88 84 29
68 84 30
74 84 31
68 84 32
64 84 33
53 84 34
70 84 35
62 84 36
62 84 37
52 84 38
59 84 39
82 84 40
72 84 41
53 84 42
54 84 43
61 84 44
63 84 45
69 84 46
63 84 47
69 84 48
65 84 49
62 84 50
76 84 51
47 84 52
80 84 53
67 84 54
87 84 55
59 84 56
63 84 57
64 84 58
74 84 59
71 84 60
51 84 61
63 84 62
58 84 63
65 84 64
53 84 65
87 84 66
71 84 67
99 84 68
69 84 69
71 84 70
71 84 71
55 84 72
85 84 73
58 84 74
79 84 75
55 84 76
80 84 77
77 84 78
59 84 79
88 84 80
71 84 81
73 84 82
81 84 83
124 84 84
50 84 85
57 84 86
50 84 87
77 84 88
70 84 89
66 84 90
64 84 91
65 84 92
54 84 93
76 84 94
65 84 95
54 84 96
68 84 97
54 84 98
49 84 99
68 84 100
84 85 1
60 85 2
62 85 3
56 85 4
62 85 5
86 85 6
67 85 7
71 85 8
57 85 9
57 85 10
69 85 11
66 85 12
67 85 13
68 85 14
58 85 15
71 85 16
65 85 17
69 85 18
61 85 19
63 85 20
81 85 21
68 85 22
64 85 23
54 85 24
64 85 25
72 85 26
78 85 27
82 85 28
55 85 29
60 85 30
50 85 31
68 85 32
73 85 33
71 85 34
62 85 35
64 85 36
67 85 37
81 85 38
83 85 39
49 85 40
64 85 41
65 85 42
82 85 43
69 85 44
63 85 45
62 85 46
59 85 47
62 85 48
78 85 49
79 85 50
64 85 51
75 85 52
55 85 53
71 85 54
57 85 55
68 85 56
81 85 57
74 85 58
57 85 59
70 85 60
92 85 61
65 85 62
72 85 63
57 85 64
83 85 65
58 85 66
80 85 67
50 85 68
66 85 69
50 85 70
59 85 71
66 85 72
49 85 73
72 85 74
59 85 75
82 85 76
70 85 77
55 85 78
79 85 79
60 85 80
90 85 81
65 85 82
55 85 83
52 85 84
123 85 85
79 85 86
88 85 87
74 85 88
65 85 89
55 85 90
53 85 91
67 85 92
70 85 93
60 85 94
80 85 95
69 85 96
65 85 97
68 85 98
76 85 99
60 85 100
69 86 1
69 86 2
70 86 3
58 86 4
72 86 5
67 86 6
66 86 7
65 86 8
52 86 9
59 86 10
62 86 11
68 86 12
71 86 13
67 86 14
60 86 15
56 86 16
69 86 17
65 86 18
63 86 19
69 86 20
72 86 21
68 86 22
65 86 23
69 86 24
63 86 25
63 86 26
65 86 27
70 86 28
63 86 29
50 86 30
51 86 31
76 86 32
75 86 33
76 86 34
62 86 35
65 86 36
62 86 37
80 86 38
71 86 39
50 86 40
63 86 41
69 86 42
69 86 43
76 86 44
58 86 45
68 86 46
66 86 47
59 86 48
63 86 49
86 86 50
57 86 51
72 86 52
60 86 53
65 86 54
57 86 55
60 86 56
72 86 57
69 86 58
59 86 59
75 86 60
73 86 61
66 86 62
69 86 63
56 86 64
81 86 65
54 86 66
73 86 67
48 86 68
55 86 69
64 86 70
57 86 71
73 86 72
48 86 73
66 86 74
49 86 75
79 86 76
64 86 77
65 86 78
67 86 79
58 86 80
79 86 81
54 86 82
62 86 83
54 86 84
72 86 85
123 86 86
79 86 87
74 86 88
72 86 89
64 86 90
66 86 91
59 86 92
69 86 93
50 86 94
82 86 95
72 86 96
56 86 97
65 86 98
82 86 99
63 86 100
83 87 1
65 87 2
67 87 3
50 87 4
59 87 5
60 87 6
53 87 7
58 87 8
48 87 9
57 87 10
63 87 11
57 87 12
78 87 13
57 87 14
52 87 15
57 87 16
78 87 17
64 87 18
66 87 19
63 87 20
75 87 21
67 87 22
58 87 23
51 87 24
58 87 25
69 87 26
71 87 27
75 87 28
47 87 29
52 87 30
42 87 31
69 87 32
76 87 33
65 87 34
60 87 35
61 87 36
61 87 37
68 87 38
85 87 39
38 87 40
54 87 41
66 87 42
86 87 43
68 87 44
55 87 45
55 87 46
55 87 47
52 87 48
62 87 49
80 87 50
56 87 51
77 87 52
52 87 53
61 87 54
51 87 55
64 87 56
67 87 57
57 87 58
61 87 59
67 87 60
72 87 61
61 87 62
69 87 63
49 87 64
85 87 65
60 87 66
75 87 67
47 87 68
51 87 69
58 87 70
59 87 71
58 87 72
47 87 73
70 87 74
54 87 75
89 87 76
56 87 77
53 87 78
75 87 79
43 87 80
85 87 81
62 87 82
55 87 83
46 87 84
90 87 85
80 87 86
111 87 87
66 87 88
59 87 89
47 87 90
53 87 91
61 87 92
65 87 93
56 87 94
79 87 95
67 87 96
62 87 97
59 87 98
75 87 99
57 87 100
77 88 1
57 88 2
65 88 3
50 88 4
53 88 5
77 88 6
62 88 7
71 88 8
58 88 9
60 88 10
57 88 11
54 88 12
60 88 13
63 88 14
55 88 15
70 88 16
64 88 17
68 88 18
66 88 19
69 88 20
80 88 21
61 88 22
57 88 23
50 88 24
63 88 25
66 88 26
61 88 27
74 88 28
69 88 29
51 88 30
42 88 31
71 88 32
72 88 33
53 88 34
60 88 35
76 88 36
68 88 37
65 88 38
77 88 39
56 88 40
55 88 41
62 88 42
73 88 43
57 88 44
57 88 45
55 88 46
56 88 47
65 88 48
67 88 49
72 88 50
76 88 51
88 88 52
56 88 53
64 88 54
57 88 55
65 88 56
75 88 57
73 88 58
59 88 59
72 88 60
64 88 61
67 88 62
56 88 63
64 88 64
70 88 65
66 88 66
80 88 67
59 88 68
49 88 69
50 88 70
59 88 71
51 88 72
47 88 73
46 88 74
55 88 75
66 88 76
72 88 77
74 88 78
58 88 79
55 88 80
80 88 81
56 88 82
54 88 83
58 88 84
70 88 85
72 88 86
75 88 87
124 88 88
56 88 89
50 88 90
57 88 91
63 88 92
60 88 93
64 88 94
83 88 95
76 88 96
47 88 97
72 88 98
60 88 99
58 88 100
63 89 1
61 89 2
75 89 3
67 89 4
67 89 5
71 89 6
68 89 7
61 89 8
67 89 9
55 89 10
71 89 11
64 89 12
79 89 13
74 89 14
72 89 15
71 89 16
67 89 17
63 89 18
70 89 19
76 89 20
79 89 21
72 89 22
77 89 23
73 89 24
76 89 25
64 89 26
72 89 27
67 89 28
71 89 29
57 89 30
65 89 31
70 89 32
63 89 33
81 89 34
77 89 35
54 89 36
66 89 37
66 89 38
61 89 39
62 89 40
80 89 41
74 89 42
68 89 43
74 89 44
80 89 45
83 89 46
74 89 47
77 89 48
70 89 49
78 89 50
54 89 51
65 89 52
81 89 53
58 89 54
57 89 55
52 89 56
62 89 57
62 89 58
67 89 59
64 89 60
66 89 61
70 89 62
68 89 63
62 89 64
60 89 65
65 89 66
71 89 67
55 89 68
76 89 69
65 89 70
64 89 71
76 89 72
62 89 73
84 89 74
63 89 75
74 89 76
60 89 77
63 89 78
70 89 79
72 89 80
77 89 81
64 89 82
66 89 83
68 89 84
76 89 85
66 89 86
63 89 87
64 89 88
126 89 89
78 89 90
70 89 91
77 89 92
61 89 93
63 89 94
64 89 95
63 89 96
62 89 97
74 89 98
78 89 99
52 89 100
49 90 1
59 90 2
58 90 3
84 90 4
89 90 5
56 90 6
71 90 7
60 90 8
44 90 9
49 90 10
50 90 11
48 90 12
61 90 13
79 90 14
77 90 15
77 90 16
64 90 17
48 90 18
85 90 19
55 90 20
54 90 21
52 90 22
59 90 23
69 90 24
46 90 25
47 90 26
74 90 27
52 90 28
59 90 29
46 90 30
55 90 31
50 90 32
64 90 33
60 90 34
63 90 35
52 90 36
57 90 37
50 90 38
48 90 39
46 90 40
89 90 41
46 90 42
56 90 43
53 90 44
70 90 45
50 90 46
77 90 47
58 90 48
44 90 49
60 90 50
77 90 51
50 90 52
82 90 53
53 90 54
49 90 55
51 90 56
54 90 57
55 90 58
70 90 59
57 90 60
56 90 61
57 90 62
76 90 63
55 90 64
52 90 65
51 90 66
50 90 67
56 90 68
57 90 69
77 90 70
76 90 71
77 90 72
64 90 73
54 90 74
60 90 75
42 90 76
60 90 77
65 90 78
48 90 79
79 90 80
58 90 81
51 90 82
56 90 83
56 90 84
57 90 85
58 90 86
50 90 87
52 90 88
70 90 89
124 90 90
88 90 91
69 90 92
53 90 93
51 90 94
47 90 95
54 90 96
58 90 97
48 90 98
68 90 99
62 90 100
67 91 1
63 91 2
62 91 3
90 91 4
91 91 5
62 91 6
63 91 7
63 91 8
51 91 9
59 91 10
57 91 11
57 91 12
61 91 13
88 91 14
77 91 15
82 91 16
70 91 17
57 91 18
81 91 19
56 91 20
64 91 21
58 91 22
60 91 23
63 91 24
60 91 25
59 91 26
70 91 27
57 91 28
52 91 29
56 91 30
54 91 31
61 91 32
65 91 33
59 91 34
63 91 35
58 91 36
60 91 37
64 91 38
54 91 39
50 91 40
93 91 41
52 91 42
61 91 43
57 91 44
64 91 45
58 91 46
78 91 47
63 91 48
58 91 49
69 91 50
74 91 51
47 91 52
75 91 53
54 91 54
48 91 55
56 91 56
55 91 57
65 91 58
62 91 59
52 91 60
60 91 61
54 91 62
85 91 63
51 91 64
66 91 65
54 91 66
53 91 67
57 91 68
65 91 69
66 91 70
83 91 71
83 91 72
59 91 73
66 91 74
54 91 75
56 91 76
59 91 77
64 91 78
64 91 79
75 91 80
57 91 81
49 91 82
59 91 83
52 91 84
62 91 85
64 91 86
57 91 87
57 91 88
61 91 89
88 91 90
123 91 91
77 91 92
63 91 93
56 91 94
60 91 95
50 91 96
62 91 97
59 91 98
65 91 99
63 91 100
61 92 1
66 92 2
72 92 3
73 92 4
81 92 5
65 92 6
62 92 7
68 92 8
69 92 9
58 92 10
65 92 11
50 92 12
63 92 13
76 92 14
65 92 15
69 92 16
70 92 17
62 92 18
71 92 19
73 92 20
72 92 21
53 92 22
73 92 23
60 92 24
57 92 25
64 92 26
71 92 27
58 92 28
62 92 29
53 92 30
58 92 31
71 92 32
69 92 33
70 92 34
60 92 35
61 92 36
79 92 37
56 92 38
65 92 39
57 92 40
66 92 41
57 92 42
63 92 43
63 92 44
75 92 45
67 92 46
75 92 47
71 92 48
61 92 49
60 92 50
69 92 51
67 92 52
77 92 53
70 92 54
60 92 55
66 92 56
70 92 57
61 92 58
66 92 59
61 92 60
48 92 61
66 92 62
68 92 63
61 92 64
61 92 65
62 92 66
66 92 67
67 92 68
62 92 69
64 92 70
82 92 71
76 92 72
57 92 73
63 92 74
61 92 75
62 92 76
56 92 77
75 92 78
70 92 79
65 92 80
67 92 81
61 92 82
53 92 83
62 92 84
62 92 85
54 92 86
61 92 87
63 92 88
73 92 89
68 92 90
76 92 91
120 92 92
59 92 93
67 92 94
69 92 95
77 92 96
58 92 97
73 92 98
56 92 99
70 92 100
55 93 1
61 93 2
61 93 3
51 93 4
61 93 5
63 93 6
66 93 7
48 93 8
52 93 9
51 93 10
74 93 11
75 93 12
73 93 13
61 93 14
68 93 15
51 93 16
62 93 17
71 93 18
51 93 19
67 93 20
64 93 21
82 93 22
48 93 23
49 93 24
65 93 25
79 93 26
58 93 27
63 93 28
55 93 29
65 93 30
57 93 31
63 93 32
72 93 33
66 93 34
63 93 35
69 93 36
70 93 37
80 93 38
60 93 39
58 93 40
56 93 41
91 93 42
68 93 43
89 93 44
72 93 45
73 93 46
58 93 47
72 93 48
65 93 49
60 93 50
42 93 51
59 93 52
55 93 53
64 93 54
56 93 55
68 93 56
75 93 57
72 93 58
62 93 59
60 93 60
68 93 61
65 93 62
60 93 63
71 93 64
66 93 65
49 93 66
61 93 67
49 93 68
66 93 69
47 93 70
62 93 71
66 93 72
58 93 73
70 93 74
51 93 75
73 93 76
54 93 77
63 93 78
73 93 79
52 93 80
55 93 81
53 93 82
51 93 83
50 93 84
65 93 85
66 93 86
65 93 87
65 93 88
63 93 89
60 93 90
70 93 91
58 93 92
119 93 93
41 93 94
63 93 95
66 93 96
51 93 97
62 93 98
74 93 99
67 93 100
62 94 1
59 94 2
84 94 3
66 94 4
69 94 5
60 94 6
63 94 7
81 94 8
84 94 9
83 94 10
56 94 11
49 94 12
56 94 13
66 94 14
60 94 15
63 94 16
53 94 17
61 94 18
68 94 19
76 94 20
62 94 21
54 94 22
63 94 23
79 94 24
60 94 25
56 94 26
58 94 27
60 94 28
81 94 29
75 94 30
79 94 31
64 94 32
63 94 33
61 94 34
55 94 35
54 94 36
57 94 37
56 94 38
54 94 39
79 94 40
63 94 41
49 94 42
46 94 43
42 94 44
51 94 45
68 94 46
64 94 47
59 94 48
56 94 49
62 94 50
68 94 51
53 94 52
73 94 53
59 94 54
89 94 55
50 94 56
55 94 57
48 94 58
56 94 59
60 94 60
61 94 61
66 94 62
61 94 63
55 94 64
60 94 65
91 94 66
65 94 67
79 94 68
65 94 69
64 94 70
53 94 71
66 94 72
66 94 73
59 94 74
83 94 75
59 94 76
82 94 77
57 94 78
52 94 79
63 94 80
67 94 81
81 94 82
87 94 83
86 94 84
49 94 85
61 94 86
62 94 87
61 94 88
65 94 89
57 94 90
62 94 91
72 94 92
46 94 93
122 94 94
70 94 95
48 94 96
81 94 97
59 94 98
57 94 99
62 94 100
77 95 1
60 95 2
71 95 3
52 95 4
62 95 5
81 95 6
68 95 7
71 95 8
55 95 9
67 95 10
59 95 11
60 95 12
68 95 13
60 95 14
60 95 15
59 95 16
57 95 17
60 95 18
70 95 19
72 95 20
79 95 21
61 95 22
70 95 23
59 95 24
53 95 25
61 95 26
72 95 27
68 95 28
58 95 29
51 95 30
43 95 31
70 95 32
73 95 33
60 95 34
67 95 35
70 95 36
70 95 37
66 95 38
75 95 39
55 95 40
53 95 41
54 95 42
76 95 43
65 95 44
61 95 45
59 95 46
65 95 47
61 95 48
56 95 49
83 95 50
64 95 51
90 95 52
64 95 53
64 95 54
55 95 55
63 95 56
67 95 57
63 95 58
62 95 59
66 95 60
67 95 61
66 95 62
73 95 63
65 95 64
87 95 65
60 95 66
72 95 67
47 95 68
65 95 69
62 95 70
59 95 71
60 95 72
41 95 73
52 95 74
54 95 75
75 95 76
70 95 77
69 95 78
70 95 79
49 95 80
77 95 81
55 95 82
56 95 83
54 95 84
76 95 85
79 95 86
81 95 87
84 95 88
67 95 89
58 95 90
68 95 91
73 95 92
63 95 93
60 95 94
122 95 95
73 95 96
65 95 97
73 95 98
72 95 99
56 95 100
67 96 1
65 96 2
56 96 3
58 96 4
64 96 5
57 96 6
56 96 7
66 96 8
55 96 9
74 96 10
53 96 11
63 96 12
53 96 13
61 96 14
61 96 15
71 96 16
63 96 17
59 96 18
62 96 19
68 96 20
65 96 21
56 96 22
74 96 23
53 96 24
57 96 25
70 96 26
65 96 27
81 96 28
58 96 29
58 96 30
52 96 31
69 96 32
71 96 33
70 96 34
62 96 35
91 96 36
69 96 37
71 96 38
74 96 39
66 96 40
53 96 41
74 96 42
81 96 43
61 96 44
57 96 45
59 96 46
68 96 47
56 96 48
66 96 49
68 96 50
65 96 51
82 96 52
63 96 53
69 96 54
61 96 55
74 96 56
73 96 57
69 96 58
71 96 59
80 96 60
62 96 61
76 96 62
58 96 63
69 96 64
71 96 65
69 96 66
75 96 67
65 96 68
56 96 69
64 96 70
52 96 71
59 96 72
49 96 73
63 96 74
64 96 75
70 96 76
75 96 77
77 96 78
56 96 79
55 96 80
62 96 81
61 96 82
52 96 83
49 96 84
71 96 85
73 96 86
74 96 87
80 96 88
61 96 89
60 96 90
52 96 91
71 96 92
72 96 93
56 96 94
66 96 95
119 96 96
69 96 97
74 96 98
70 96 99
70 96 100
62 97 1
65 97 2
69 97 3
72 97 4
67 97 5
68 97 6
65 97 7
74 97 8
77 97 9
82 97 10
51 97 11
61 97 12
63 97 13
78 97 14
63 97 15
81 97 16
55 97 17
55 97 18
70 97 19
56 97 20
62 97 21
55 97 22
69 97 23
76 97 24
57 97 25
55 97 26
79 97 27
72 97 28
70 97 29
80 97 30
82 97 31
61 97 32
55 97 33
59 97 34
47 97 35
63 97 36
46 97 37
73 97 38
68 97 39
85 97 40
69 97 41
63 97 42
62 97 43
61 97 44
51 97 45
57 97 46
66 97 47
66 97 48
53 97 49
70 97 50
76 97 51
68 97 52
65 97 53
54 97 54
86 97 55
57 97 56
65 97 57
54 97 58
59 97 59
73 97 60
76 97 61
66 97 62
69 97 63
56 97 64
58 97 65
86 97 66
62 97 67
69 97 68
57 97 69
69 97 70
53 97 71
65 97 72
70 97 73
63 97 74
89 97 75
64 97 76
86 97 77
63 97 78
60 97 79
68 97 80
62 97 81
88 97 82
83 97 83
76 97 84
66 97 85
60 97 86
73 97 87
65 97 88
59 97 89
63 97 90
63 97 91
61 97 92
61 97 93
83 97 94
70 97 95
67 97 96
127 97 97
55 97 98
69 97 99
61 97 100
77 98 1
55 98 2
63 98 3
60 98 4
63 98 5
67 98 6
59 98 7
60 98 8
69 98 9
53 98 10
68 98 11
74 98 12
84 98 13
58 98 14
66 98 15
65 98 16
53 98 17
67 98 18
72 98 19
73 98 20
85 98 21
78 98 22
65 98 23
46 98 24
63 98 25
77 98 26
66 98 27
69 98 28
63 98 29
54 98 30
63 98 31
61 98 32
66 98 33
64 98 34
51 98 35
77 98 36
69 98 37
68 98 38
70 98 39
63 98 40
68 98 41
73 98 42
79 98 43
56 98 44
79 98 45
73 98 46
68 98 47
69 98 48
79 98 49
67 98 50
61 98 51
63 98 52
71 98 53
66 98 54
51 98 55
69 98 56
66 98 57
61 98 58
67 98 59
67 98 60
70 98 61
67 98 62
63 98 63
68 98 64
68 98 65
57 98 66
57 98 67
66 98 68
61 98 69
57 98 70
58 98 71
64 98 72
56 98 73
65 98 74
47 98 75
68 98 76
61 98 77
70 98 78
80 98 79
58 98 80
65 98 81
59 98 82
62 98 83
58 98 84
72 98 85
66 98 86
78 98 87
78 98 88
71 98 89
55 98 90
63 98 91
64 98 92
64 98 93
58 98 94
80 98 95
70 98 96
54 98 97
123 98 98
74 98 99
63 98 100
69 99 1
68 99 2
56 99 3
67 99 4
56 99 5
58 99 6
55 99 7
61 99 8
51 99 9
56 99 10
60 99 11
70 99 12
71 99 13
59 99 14
62 99 15
65 99 16
71 99 17
66 99 18
67 99 19
70 99 20
58 99 21
62 99 22
80 99 23
64 99 24
66 99 25
62 99 26
62 99 27
63 99 28
53 99 29
54 99 30
51 99 31
62 99 32
75 99 33
68 99 34
80 99 35
73 99 36
66 99 37
65 99 38
64 99 39
55 99 40
66 99 41
69 99 42
69 99 43
73 99 44
62 99 45
72 99 46
75 99 47
67 99 48
60 99 49
77 99 50
62 99 51
79 99 52
63 99 53
67 99 54
56 99 55
74 99 56
67 99 57
75 99 58
65 99 59
66 99 60
68 99 61
76 99 62
66 99 63
61 99 64
67 99 65
55 99 66
59 99 67
45 99 68
59 99 69
70 99 70
60 99 71
67 99 72
57 99 73
73 99 74
59 99 75
69 99 76
63 99 77
59 99 78
67 99 79
61 99 80
53 99 81
59 99 82
51 99 83
53 99 84
63 99 85
77 99 86
72 99 87
69 99 88
78 99 89
70 99 90
70 99 91
59 99 92
73 99 93
55 99 94
69 99 95
74 99 96
61 99 97
70 99 98
123 99 99
64 99 100
56 100 1
65 100 2
55 100 3
54 100 4
58 100 5
50 100 6
61 100 7
50 100 8
51 100 9
49 100 10
68 100 11
62 100 12
72 100 13
58 100 14
61 100 15
57 100 16
71 100 17
73 100 18
50 100 19
66 100 20
58 100 21
60 100 22
59 100 23
56 100 24
63 100 25
61 100 26
55 100 27
58 100 28
63 100 29
65 100 30
67 100 31
66 100 32
59 100 33
73 100 34
65 100 35
69 100 36
66 100 37
55 100 38
56 100 39
61 100 40
55 100 41
63 100 42
53 100 43
63 100 44
67 100 45
70 100 46
67 100 47
62 100 48
67 100 49
49 100 50
54 100 51
57 100 52
60 100 53
71 100 54
53 100 55
68 100 56
56 100 57
66 100 58
74 100 59
56 100 60
59 100 61
53 100 62
55 100 63
59 100 64
54 100 65
50 100 66
61 100 67
53 100 68
65 100 69
69 100 70
61 100 71
58 100 72
60 100 73
73 100 74
51 100 75
53 100 76
58 100 77
68 100 78
56 100 79
49 100 80
50 100 81
58 100 82
46 100 83
52 100 84
45 100 85
54 100 86
57 100 87
55 100 88
53 100 89
62 100 90
66 100 91
63 100 92
64 100 93
48 100 94
50 100 95
68 100 96
47 100 97
63 100 98
45 100 99
119 100 100
