91 1 1
29 1 2
23 1 3
29 1 4
27 1 5
31 1 6
28 1 7
36 1 8
28 1 9
26 1 10
28 1 11
20 1 12
30 1 13
34 1 14
33 1 15
28 1 16
28 1 17
34 1 18
21 1 19
26 1 20
44 1 21
33 1 22
31 1 23
23 1 24
30 1 25
40 1 26
33 1 27
38 1 28
25 1 29
34 1 30
26 1 31
34 1 32
44 1 33
29 1 34
32 1 35
32 1 36
41 1 37
33 1 38
46 1 39
36 1 40
28 1 41
37 1 42
45 1 43
25 1 44
31 1 45
21 1 46
31 1 47
31 1 48
34 1 49
27 1 50
29 1 51
34 1 52
26 1 53
23 1 54
37 1 55
38 1 56
35 1 57
34 1 58
31 1 59
28 1 60
44 1 61
30 1 62
31 1 63
33 1 64
37 1 65
24 1 66
47 1 67
24 1 68
21 1 69
29 1 70
33 1 71
33 1 72
19 1 73
33 1 74
27 1 75
45 1 76
36 1 77
28 1 78
37 1 79
31 1 80
48 1 81
28 1 82
35 1 83
25 1 84
54 1 85
35 1 86
43 1 87
40 1 88
28 1 89
25 1 90
29 1 91
27 1 92
29 1 93
30 1 94
38 1 95
43 1 96
29 1 97
42 1 98
27 1 99
30 1 100
26 2 1
95 2 2
34 2 3
35 2 4
29 2 5
22 2 6
29 2 7
26 2 8
24 2 9
37 2 10
27 2 11
48 2 12
33 2 13
25 2 14
33 2 15
30 2 16
34 2 17
46 2 18
33 2 19
27 2 20
28 2 21
30 2 22
31 2 23
24 2 24
40 2 25
34 2 26
25 2 27
34 2 28
27 2 29
31 2 30
23 2 31
40 2 32
24 2 33
21 2 34
34 2 35
30 2 36
38 2 37
34 2 38
34 2 39
26 2 40
36 2 41
34 2 42
35 2 43
28 2 44
29 2 45
36 2 46
30 2 47
30 2 48
30 2 49
35 2 50
28 2 51
27 2 52
25 2 53
33 2 54
30 2 55
42 2 56
31 2 57
29 2 58
35 2 59
27 2 60
24 2 61
28 2 62
20 2 63
26 2 64
35 2 65
33 2 66
32 2 67
34 2 68
27 2 69
33 2 70
39 2 71
32 2 72
27 2 73
27 2 74
30 2 75
27 2 76
29 2 77
36 2 78
32 2 79
24 2 80
24 2 81
36 2 82
22 2 83
22 2 84
25 2 85
35 2 86
34 2 87
20 2 88
31 2 89
34 2 90
29 2 91
32 2 92
32 2 93
18 2 94
29 2 95
28 2 96
26 2 97
27 2 98
25 2 99
29 2 100
25 3 1
33 3 2
100 3 3
38 3 4
28 3 5
34 3 6
39 3 7
40 3 8
24 3 9
24 3 10
30 3 11
25 3 12
30 3 13
26 3 14
49 3 15
24 3 16
23 3 17
29 3 18
35 3 19
34 3 20
34 3 21
33 3 22
28 3 23
29 3 24
27 3 25
24 3 26
35 3 27
31 3 28
39 3 29
29 3 30
28 3 31
34 3 32
32 3 33
24 3 34
29 3 35
27 3 36
27 3 37
30 3 38
28 3 39
24 3 40
32 3 41
31 3 42
24 3 43
31 3 44
26 3 45
31 3 46
34 3 47
29 3 48
21 3 49
32 3 50
34 3 51
26 3 52
32 3 53
26 3 54
29 3 55
29 3 56
24 3 57
28 3 58
30 3 59
38 3 60
23 3 61
30 3 62
30 3 63
28 3 64
32 3 65
33 3 66
28 3 67
32 3 68
25 3 69
34 3 70
26 3 71
46 3 72
30 3 73
34 3 74
28 3 75
33 3 76
34 3 77
25 3 78
29 3 79
33 3 80
34 3 81
45 3 82
26 3 83
27 3 84
31 3 85
35 3 86
33 3 87
33 3 88
40 3 89
29 3 90
33 3 91
36 3 92
27 3 93
37 3 94
45 3 95
22 3 96
29 3 97
23 3 98
27 3 99
31 3 100
32 4 1
35 4 2
30 4 3
111 4 4
57 4 5
22 4 6
21 4 7
37 4 8
35 4 9
37 4 10
24 4 11
24 4 12
26 4 13
44 4 14
39 4 15
43 4 16
28 4 17
30 4 18
51 4 19
22 4 20
22 4 21
20 4 22
34 4 23
33 4 24
25 4 25
24 4 26
34 4 27
27 4 28
29 4 29
23 4 30
31 4 31
23 4 32
24 4 33
31 4 34
29 4 35
22 4 36
30 4 37
19 4 38
26 4 39
20 4 40
41 4 41
28 4 42
35 4 43
25 4 44
31 4 45
24 4 46
33 4 47
27 4 48
19 4 49
30 4 50
40 4 51
24 4 52
47 4 53
25 4 54
30 4 55
30 4 56
29 4 57
31 4 58
41 4 59
23 4 60
26 4 61
32 4 62
46 4 63
24 4 64
29 4 65
36 4 66
23 4 67
28 4 68
30 4 69
39 4 70
47 4 71
31 4 72
32 4 73
23 4 74
32 4 75
14 4 76
30 4 77
33 4 78
30 4 79
44 4 80
32 4 81
33 4 82
31 4 83
43 4 84
24 4 85
18 4 86
27 4 87
25 4 88
28 4 89
46 4 90
59 4 91
40 4 92
18 4 93
35 4 94
13 4 95
26 4 96
24 4 97
35 4 98
28 4 99
27 4 100
24 5 1
26 5 2
24 5 3
55 5 4
99 5 5
26 5 6
30 5 7
25 5 8
26 5 9
42 5 10
26 5 11
29 5 12
31 5 13
41 5 14
40 5 15
47 5 16
33 5 17
18 5 18
52 5 19
33 5 20
23 5 21
26 5 22
40 5 23
33 5 24
30 5 25
28 5 26
25 5 27
17 5 28
29 5 29
29 5 30
24 5 31
22 5 32
31 5 33
33 5 34
24 5 35
23 5 36
26 5 37
24 5 38
27 5 39
21 5 40
34 5 41
30 5 42
25 5 43
24 5 44
31 5 45
30 5 46
33 5 47
32 5 48
25 5 49
28 5 50
34 5 51
23 5 52
45 5 53
34 5 54
23 5 55
28 5 56
23 5 57
33 5 58
38 5 59
24 5 60
20 5 61
19 5 62
38 5 63
25 5 64
27 5 65
25 5 66
23 5 67
35 5 68
29 5 69
34 5 70
40 5 71
35 5 72
31 5 73
35 5 74
25 5 75
28 5 76
30 5 77
27 5 78
33 5 79
43 5 80
27 5 81
29 5 82
30 5 83
34 5 84
27 5 85
28 5 86
35 5 87
22 5 88
33 5 89
49 5 90
56 5 91
44 5 92
29 5 93
32 5 94
26 5 95
33 5 96
30 5 97
30 5 98
29 5 99
24 5 100
27 6 1
33 6 2
32 6 3
23 6 4
29 6 5
77 6 6
39 6 7
38 6 8
25 6 9
29 6 10
33 6 11
36 6 12
28 6 13
38 6 14
41 6 15
37 6 16
29 6 17
31 6 18
25 6 19
34 6 20
42 6 21
34 6 22
36 6 23
30 6 24
28 6 25
43 6 26
41 6 27
34 6 28
37 6 29
19 6 30
22 6 31
35 6 32
37 6 33
30 6 34
40 6 35
30 6 36
25 6 37
36 6 38
39 6 39
29 6 40
29 6 41
27 6 42
27 6 43
35 6 44
48 6 45
35 6 46
29 6 47
36 6 48
36 6 49
36 6 50
37 6 51
33 6 52
34 6 53
30 6 54
33 6 55
19 6 56
41 6 57
22 6 58
28 6 59
36 6 60
42 6 61
30 6 62
33 6 63
36 6 64
32 6 65
27 6 66
36 6 67
23 6 68
34 6 69
17 6 70
33 6 71
29 6 72
27 6 73
30 6 74
25 6 75
36 6 76
39 6 77
29 6 78
39 6 79
27 6 80
37 6 81
29 6 82
32 6 83
34 6 84
37 6 85
29 6 86
36 6 87
34 6 88
31 6 89
27 6 90
27 6 91
31 6 92
35 6 93
29 6 94
34 6 95
34 6 96
36 6 97
35 6 98
28 6 99
24 6 100
31 7 1
33 7 2
37 7 3
32 7 4
33 7 5
40 7 6
73 7 7
47 7 8
29 7 9
22 7 10
34 7 11
27 7 12
30 7 13
45 7 14
43 7 15
31 7 16
29 7 17
24 7 18
44 7 19
35 7 20
39 7 21
31 7 22
31 7 23
50 7 24
18 7 25
29 7 26
38 7 27
34 7 28
48 7 29
27 7 30
37 7 31
32 7 32
31 7 33
27 7 34
42 7 35
27 7 36
33 7 37
38 7 38
32 7 39
28 7 40
35 7 41
30 7 42
27 7 43
37 7 44
32 7 45
34 7 46
35 7 47
31 7 48
31 7 49
41 7 50
41 7 51
24 7 52
32 7 53
35 7 54
32 7 55
30 7 56
42 7 57
27 7 58
31 7 59
27 7 60
33 7 61
38 7 62
31 7 63
27 7 64
23 7 65
29 7 66
27 7 67
32 7 68
42 7 69
23 7 70
35 7 71
36 7 72
40 7 73
33 7 74
35 7 75
38 7 76
39 7 77
32 7 78
34 7 79
33 7 80
45 7 81
35 7 82
42 7 83
34 7 84
32 7 85
34 7 86
29 7 87
31 7 88
36 7 89
37 7 90
33 7 91
38 7 92
34 7 93
43 7 94
34 7 95
30 7 96
38 7 97
25 7 98
40 7 99
34 7 100
26 8 1
25 8 2
27 8 3
22 8 4
28 8 5
39 8 6
36 8 7
82 8 8
34 8 9
35 8 10
26 8 11
25 8 12
29 8 13
38 8 14
32 8 15
39 8 16
25 8 17
28 8 18
31 8 19
31 8 20
34 8 21
25 8 22
28 8 23
39 8 24
30 8 25
23 8 26
26 8 27
37 8 28
42 8 29
26 8 30
18 8 31
46 8 32
29 8 33
19 8 34
30 8 35
35 8 36
31 8 37
30 8 38
31 8 39
35 8 40
26 8 41
28 8 42
34 8 43
27 8 44
30 8 45
34 8 46
28 8 47
24 8 48
31 8 49
33 8 50
43 8 51
31 8 52
36 8 53
28 8 54
41 8 55
31 8 56
28 8 57
31 8 58
34 8 59
35 8 60
31 8 61
40 8 62
27 8 63
29 8 64
31 8 65
28 8 66
35 8 67
41 8 68
29 8 69
36 8 70
31 8 71
36 8 72
31 8 73
31 8 74
41 8 75
23 8 76
44 8 77
33 8 78
26 8 79
41 8 80
38 8 81
29 8 82
30 8 83
37 8 84
34 8 85
37 8 86
24 8 87
40 8 88
32 8 89
30 8 90
28 8 91
36 8 92
28 8 93
33 8 94
37 8 95
24 8 96
29 8 97
31 8 98
27 8 99
21 8 100
29 9 1
36 9 2
31 9 3
27 9 4
30 9 5
22 9 6
30 9 7
30 9 8
95 9 9
42 9 10
23 9 11
26 9 12
28 9 13
23 9 14
31 9 15
30 9 16
29 9 17
30 9 18
32 9 19
31 9 20
28 9 21
25 9 22
25 9 23
38 9 24
28 9 25
30 9 26
31 9 27
32 9 28
43 9 29
47 9 30
55 9 31
35 9 32
23 9 33
26 9 34
28 9 35
23 9 36
22 9 37
26 9 38
27 9 39
45 9 40
26 9 41
28 9 42
30 9 43
27 9 44
26 9 45
33 9 46
31 9 47
22 9 48
31 9 49
27 9 50
26 9 51
21 9 52
35 9 53
31 9 54
36 9 55
24 9 56
27 9 57
38 9 58
29 9 59
27 9 60
31 9 61
32 9 62
25 9 63
27 9 64
27 9 65
38 9 66
33 9 67
58 9 68
37 9 69
36 9 70
29 9 71
27 9 72
38 9 73
29 9 74
46 9 75
28 9 76
38 9 77
32 9 78
24 9 79
37 9 80
34 9 81
40 9 82
41 9 83
46 9 84
29 9 85
25 9 86
33 9 87
24 9 88
31 9 89
22 9 90
30 9 91
31 9 92
31 9 93
40 9 94
26 9 95
25 9 96
44 9 97
27 9 98
18 9 99
24 9 100
30 10 1
32 10 2
29 10 3
40 10 4
38 10 5
27 10 6
27 10 7
34 10 8
37 10 9
92 10 10
18 10 11
26 10 12
20 10 13
40 10 14
27 10 15
39 10 16
25 10 17
18 10 18
23 10 19
25 10 20
27 10 21
18 10 22
39 10 23
26 10 24
20 10 25
20 10 26
29 10 27
28 10 28
33 10 29
28 10 30
34 10 31
31 10 32
20 10 33
27 10 34
31 10 35
23 10 36
27 10 37
26 10 38
21 10 39
27 10 40
30 10 41
23 10 42
32 10 43
17 10 44
17 10 45
25 10 46
28 10 47
31 10 48
24 10 49
24 10 50
42 10 51
24 10 52
30 10 53
29 10 54
38 10 55
25 10 56
32 10 57
23 10 58
38 10 59
28 10 60
21 10 61
29 10 62
23 10 63
26 10 64
26 10 65
46 10 66
27 10 67
35 10 68
27 10 69
38 10 70
23 10 71
22 10 72
20 10 73
24 10 74
38 10 75
20 10 76
37 10 77
33 10 78
36 10 79
31 10 80
23 10 81
37 10 82
27 10 83
37 10 84
28 10 85
18 10 86
25 10 87
28 10 88
27 10 89
25 10 90
26 10 91
37 10 92
22 10 93
33 10 94
28 10 95
30 10 96
39 10 97
22 10 98
23 10 99
24 10 100
24 11 1
43 11 2
30 11 3
32 11 4
31 11 5
34 11 6
29 11 7
28 11 8
28 11 9
18 11 10
91 11 11
39 11 12
38 11 13
26 11 14
32 11 15
21 11 16
30 11 17
33 11 18
29 11 19
30 11 20
31 11 21
27 11 22
27 11 23
27 11 24
52 11 25
47 11 26
32 11 27
30 11 28
31 11 29
25 11 30
29 11 31
35 11 32
26 11 33
38 11 34
41 11 35
31 11 36
35 11 37
24 11 38
32 11 39
27 11 40
32 11 41
40 11 42
33 11 43
28 11 44
52 11 45
28 11 46
33 11 47
42 11 48
37 11 49
32 11 50
26 11 51
26 11 52
29 11 53
33 11 54
24 11 55
30 11 56
18 11 57
35 11 58
36 11 59
22 11 60
32 11 61
28 11 62
29 11 63
37 11 64
24 11 65
28 11 66
37 11 67
32 11 68
35 11 69
24 11 70
34 11 71
29 11 72
22 11 73
39 11 74
21 11 75
36 11 76
26 11 77
23 11 78
41 11 79
29 11 80
37 11 81
32 11 82
23 11 83
25 11 84
22 11 85
30 11 86
25 11 87
28 11 88
29 11 89
27 11 90
26 11 91
24 11 92
31 11 93
26 11 94
29 11 95
32 11 96
24 11 97
35 11 98
33 11 99
37 11 100
22 12 1
42 12 2
36 12 3
20 12 4
31 12 5
33 12 6
25 12 7
21 12 8
17 12 9
21 12 10
35 12 11
95 12 12
38 12 13
21 12 14
33 12 15
22 12 16
29 12 17
30 12 18
18 12 19
27 12 20
24 12 21
40 12 22
31 12 23
23 12 24
39 12 25
27 12 26
23 12 27
31 12 28
25 12 29
28 12 30
26 12 31
29 12 32
24 12 33
25 12 34
32 12 35
38 12 36
30 12 37
26 12 38
30 12 39
22 12 40
29 12 41
37 12 42
33 12 43
36 12 44
34 12 45
39 12 46
24 12 47
25 12 48
45 12 49
29 12 50
27 12 51
36 12 52
22 12 53
30 12 54
25 12 55
35 12 56
34 12 57
24 12 58
31 12 59
37 12 60
31 12 61
36 12 62
33 12 63
39 12 64
36 12 65
19 12 66
25 12 67
23 12 68
41 12 69
27 12 70
39 12 71
26 12 72
20 12 73
34 12 74
20 12 75
26 12 76
23 12 77
26 12 78
28 12 79
22 12 80
24 12 81
28 12 82
23 12 83
26 12 84
24 12 85
28 12 86
34 12 87
28 12 88
37 12 89
30 12 90
27 12 91
23 12 92
39 12 93
24 12 94
23 12 95
29 12 96
19 12 97
25 12 98
38 12 99
28 12 100
23 13 1
25 13 2
39 13 3
28 13 4
33 13 5
41 13 6
33 13 7
35 13 8
29 13 9
24 13 10
30 13 11
41 13 12
82 13 13
39 13 14
35 13 15
32 13 16
35 13 17
32 13 18
30 13 19
29 13 20
37 13 21
39 13 22
32 13 23
28 13 24
44 13 25
34 13 26
25 13 27
30 13 28
36 13 29
33 13 30
23 13 31
33 13 32
35 13 33
36 13 34
38 13 35
38 13 36
29 13 37
33 13 38
30 13 39
28 13 40
33 13 41
32 13 42
33 13 43
39 13 44
53 13 45
40 13 46
26 13 47
37 13 48
45 13 49
34 13 50
25 13 51
37 13 52
38 13 53
32 13 54
25 13 55
40 13 56
28 13 57
48 13 58
29 13 59
47 13 60
36 13 61
36 13 62
36 13 63
35 13 64
24 13 65
27 13 66
23 13 67
32 13 68
33 13 69
31 13 70
30 13 71
30 13 72
39 13 73
32 13 74
24 13 75
41 13 76
33 13 77
35 13 78
26 13 79
25 13 80
30 13 81
33 13 82
29 13 83
23 13 84
30 13 85
43 13 86
40 13 87
33 13 88
43 13 89
36 13 90
32 13 91
41 13 92
42 13 93
26 13 94
38 13 95
28 13 96
33 13 97
42 13 98
28 13 99
34 13 100
32 14 1
25 14 2
33 14 3
46 14 4
52 14 5
28 14 6
28 14 7
32 14 8
23 14 9
30 14 10
25 14 11
24 14 12
28 14 13
84 14 14
33 14 15
39 14 16
33 14 17
25 14 18
34 14 19
28 14 20
24 14 21
34 14 22
29 14 23
35 14 24
19 14 25
27 14 26
35 14 27
30 14 28
42 14 29
26 14 30
29 14 31
33 14 32
24 14 33
29 14 34
26 14 35
27 14 36
31 14 37
33 14 38
21 14 39
26 14 40
46 14 41
27 14 42
27 14 43
28 14 44
28 14 45
33 14 46
31 14 47
25 14 48
26 14 49
30 14 50
33 14 51
27 14 52
43 14 53
25 14 54
37 14 55
21 14 56
25 14 57
27 14 58
28 14 59
29 14 60
22 14 61
25 14 62
40 14 63
20 14 64
42 14 65
27 14 66
19 14 67
29 14 68
31 14 69
32 14 70
33 14 71
53 14 72
26 14 73
33 14 74
34 14 75
25 14 76
30 14 77
39 14 78
27 14 79
44 14 80
26 14 81
27 14 82
27 14 83
33 14 84
27 14 85
31 14 86
25 14 87
26 14 88
37 14 89
44 14 90
46 14 91
42 14 92
28 14 93
31 14 94
33 14 95
25 14 96
35 14 97
33 14 98
35 14 99
27 14 100
35 15 1
32 15 2
40 15 3
34 15 4
35 15 5
33 15 6
38 15 7
32 15 8
31 15 9
31 15 10
27 15 11
40 15 12
28 15 13
37 15 14
86 15 15
46 15 16
34 15 17
22 15 18
34 15 19
23 15 20
27 15 21
19 15 22
33 15 23
39 15 24
24 15 25
24 15 26
34 15 27
38 15 28
37 15 29
27 15 30
27 15 31
35 15 32
22 15 33
26 15 34
27 15 35
28 15 36
30 15 37
28 15 38
26 15 39
23 15 40
38 15 41
39 15 42
29 15 43
34 15 44
39 15 45
31 15 46
31 15 47
38 15 48
26 15 49
33 15 50
28 15 51
26 15 52
35 15 53
23 15 54
28 15 55
25 15 56
26 15 57
29 15 58
37 15 59
23 15 60
30 15 61
20 15 62
29 15 63
27 15 64
29 15 65
25 15 66
21 15 67
23 15 68
38 15 69
35 15 70
32 15 71
41 15 72
30 15 73
30 15 74
34 15 75
23 15 76
37 15 77
37 15 78
38 15 79
29 15 80
28 15 81
32 15 82
33 15 83
32 15 84
20 15 85
32 15 86
27 15 87
31 15 88
37 15 89
48 15 90
40 15 91
30 15 92
35 15 93
25 15 94
27 15 95
32 15 96
33 15 97
33 15 98
29 15 99
32 15 100
28 16 1
24 16 2
32 16 3
47 16 4
41 16 5
28 16 6
28 16 7
40 16 8
33 16 9
42 16 10
22 16 11
21 16 12
23 16 13
42 16 14
30 16 15
97 16 16
31 16 17
22 16 18
32 16 19
29 16 20
27 16 21
14 16 22
26 16 23
32 16 24
28 16 25
24 16 26
27 16 27
37 16 28
30 16 29
20 16 30
22 16 31
27 16 32
26 16 33
31 16 34
23 16 35
23 16 36
25 16 37
34 16 38
28 16 39
22 16 40
59 16 41
29 16 42
30 16 43
17 16 44
28 16 45
22 16 46
37 16 47
23 16 48
18 16 49
38 16 50
55 16 51
31 16 52
37 16 53
32 16 54
29 16 55
28 16 56
28 16 57
17 16 58
28 16 59
23 16 60
30 16 61
21 16 62
25 16 63
23 16 64
19 16 65
35 16 66
33 16 67
27 16 68
22 16 69
37 16 70
36 16 71
36 16 72
31 16 73
30 16 74
32 16 75
18 16 76
38 16 77
28 16 78
25 16 79
44 16 80
25 16 81
26 16 82
24 16 83
37 16 84
29 16 85
28 16 86
26 16 87
32 16 88
24 16 89
41 16 90
32 16 91
26 16 92
20 16 93
30 16 94
24 16 95
23 16 96
31 16 97
23 16 98
23 16 99
18 16 100
29 17 1
33 17 2
29 17 3
32 17 4
31 17 5
28 17 6
21 17 7
31 17 8
24 17 9
26 17 10
31 17 11
24 17 12
36 17 13
36 17 14
33 17 15
35 17 16
90 17 17
39 17 18
34 17 19
37 17 20
35 17 21
32 17 22
33 17 23
31 17 24
40 17 25
31 17 26
23 17 27
22 17 28
24 17 29
30 17 30
22 17 31
29 17 32
44 17 33
51 17 34
53 17 35
37 17 36
44 17 37
28 17 38
34 17 39
24 17 40
33 17 41
46 17 42
36 17 43
39 17 44
27 17 45
33 17 46
28 17 47
38 17 48
31 17 49
26 17 50
32 17 51
30 17 52
31 17 53
33 17 54
19 17 55
37 17 56
29 17 57
29 17 58
32 17 59
34 17 60
32 17 61
39 17 62
28 17 63
27 17 64
32 17 65
22 17 66
37 17 67
28 17 68
25 17 69
46 17 70
22 17 71
46 17 72
23 17 73
38 17 74
25 17 75
37 17 76
20 17 77
41 17 78
24 17 79
29 17 80
29 17 81
23 17 82
23 17 83
28 17 84
35 17 85
30 17 86
29 17 87
26 17 88
34 17 89
33 17 90
36 17 91
42 17 92
32 17 93
32 17 94
29 17 95
41 17 96
13 17 97
35 17 98
35 17 99
39 17 100
32 18 1
37 18 2
28 18 3
23 18 4
29 18 5
32 18 6
29 18 7
24 18 8
25 18 9
21 18 10
36 18 11
30 18 12
31 18 13
23 18 14
24 18 15
26 18 16
31 18 17
85 18 18
21 18 19
37 18 20
28 18 21
45 18 22
30 18 23
22 18 24
36 18 25
40 18 26
21 18 27
27 18 28
29 18 29
33 18 30
26 18 31
39 18 32
31 18 33
28 18 34
26 18 35
30 18 36
30 18 37
33 18 38
32 18 39
30 18 40
28 18 41
37 18 42
25 18 43
46 18 44
30 18 45
42 18 46
19 18 47
25 18 48
38 18 49
18 18 50
25 18 51
30 18 52
28 18 53
40 18 54
32 18 55
34 18 56
24 18 57
37 18 58
26 18 59
30 18 60
23 18 61
31 18 62
30 18 63
34 18 64
37 18 65
25 18 66
45 18 67
29 18 68
32 18 69
25 18 70
29 18 71
29 18 72
31 18 73
28 18 74
24 18 75
33 18 76
28 18 77
32 18 78
42 18 79
27 18 80
39 18 81
30 18 82
31 18 83
23 18 84
32 18 85
37 18 86
25 18 87
34 18 88
33 18 89
27 18 90
26 18 91
37 18 92
40 18 93
38 18 94
29 18 95
30 18 96
16 18 97
32 18 98
32 18 99
36 18 100
24 19 1
26 19 2
30 19 3
50 19 4
43 19 5
26 19 6
31 19 7
31 19 8
28 19 9
27 19 10
22 19 11
21 19 12
27 19 13
41 19 14
28 19 15
40 19 16
37 19 17
28 19 18
85 19 19
24 19 20
26 19 21
19 19 22
28 19 23
31 19 24
24 19 25
28 19 26
40 19 27
28 19 28
24 19 29
19 19 30
17 19 31
29 19 32
23 19 33
34 19 34
38 19 35
28 19 36
24 19 37
31 19 38
34 19 39
22 19 40
50 19 41
30 19 42
25 19 43
24 19 44
20 19 45
28 19 46
40 19 47
18 19 48
29 19 49
35 19 50
48 19 51
30 19 52
43 19 53
33 19 54
24 19 55
24 19 56
27 19 57
27 19 58
26 19 59
27 19 60
27 19 61
33 19 62
62 19 63
22 19 64
28 19 65
24 19 66
22 19 67
18 19 68
23 19 69
40 19 70
43 19 71
29 19 72
31 19 73
29 19 74
33 19 75
18 19 76
21 19 77
25 19 78
29 19 79
49 19 80
34 19 81
30 19 82
29 19 83
26 19 84
28 19 85
21 19 86
28 19 87
23 19 88
36 19 89
42 19 90
51 19 91
37 19 92
22 19 93
26 19 94
30 19 95
34 19 96
23 19 97
30 19 98
26 19 99
26 19 100
27 20 1
35 20 2
33 20 3
24 20 4
34 20 5
37 20 6
37 20 7
31 20 8
31 20 9
30 20 10
39 20 11
26 20 12
32 20 13
33 20 14
22 20 15
28 20 16
27 20 17
28 20 18
34 20 19
79 20 20
35 20 21
32 20 22
40 20 23
31 20 24
39 20 25
36 20 26
32 20 27
32 20 28
39 20 29
27 20 30
30 20 31
34 20 32
40 20 33
28 20 34
38 20 35
33 20 36
30 20 37
27 20 38
23 20 39
34 20 40
30 20 41
31 20 42
37 20 43
30 20 44
40 20 45
44 20 46
22 20 47
39 20 48
34 20 49
33 20 50
34 20 51
35 20 52
31 20 53
47 20 54
28 20 55
28 20 56
35 20 57
39 20 58
40 20 59
32 20 60
29 20 61
42 20 62
29 20 63
29 20 64
27 20 65
32 20 66
35 20 67
32 20 68
28 20 69
34 20 70
35 20 71
24 20 72
39 20 73
36 20 74
25 20 75
40 20 76
37 20 77
39 20 78
29 20 79
27 20 80
39 20 81
31 20 82
28 20 83
27 20 84
30 20 85
38 20 86
39 20 87
40 20 88
30 20 89
33 20 90
29 20 91
29 20 92
37 20 93
33 20 94
38 20 95
29 20 96
22 20 97
34 20 98
35 20 99
34 20 100
55 21 1
28 21 2
28 21 3
28 21 4
28 21 5
44 21 6
30 21 7
31 21 8
24 21 9
26 21 10
29 21 11
29 21 12
41 21 13
28 21 14
24 21 15
36 21 16
29 21 17
36 21 18
27 21 19
29 21 20
87 21 21
35 21 22
28 21 23
27 21 24
30 21 25
34 21 26
38 21 27
41 21 28
20 21 29
37 21 30
28 21 31
37 21 32
48 21 33
32 21 34
27 21 35
21 21 36
28 21 37
44 21 38
36 21 39
31 21 40
25 21 41
33 21 42
45 21 43
33 21 44
39 21 45
30 21 46
24 21 47
29 21 48
23 21 49
33 21 50
36 21 51
30 21 52
28 21 53
31 21 54
27 21 55
31 21 56
35 21 57
30 21 58
22 21 59
33 21 60
42 21 61
35 21 62
34 21 63
24 21 64
44 21 65
24 21 66
50 21 67
29 21 68
31 21 69
31 21 70
33 21 71
42 21 72
30 21 73
31 21 74
40 21 75
44 21 76
34 21 77
27 21 78
35 21 79
18 21 80
39 21 81
28 21 82
34 21 83
27 21 84
44 21 85
39 21 86
41 21 87
36 21 88
30 21 89
26 21 90
35 21 91
25 21 92
45 21 93
34 21 94
42 21 95
28 21 96
34 21 97
35 21 98
27 21 99
30 21 100
33 22 1
37 22 2
43 22 3
26 22 4
34 22 5
37 22 6
30 22 7
23 22 8
32 22 9
15 22 10
49 22 11
42 22 12
42 22 13
30 22 14
30 22 15
18 22 16
34 22 17
41 22 18
33 22 19
37 22 20
40 22 21
81 22 22
30 22 23
26 22 24
39 22 25
41 22 26
32 22 27
33 22 28
31 22 29
37 22 30
32 22 31
35 22 32
38 22 33
34 22 34
27 22 35
37 22 36
36 22 37
27 22 38
36 22 39
33 22 40
27 22 41
44 22 42
36 22 43
36 22 44
38 22 45
52 22 46
26 22 47
35 22 48
40 22 49
26 22 50
21 22 51
34 22 52
33 22 53
36 22 54
23 22 55
30 22 56
22 22 57
36 22 58
32 22 59
35 22 60
38 22 61
31 22 62
36 22 63
36 22 64
25 22 65
26 22 66
26 22 67
34 22 68
30 22 69
30 22 70
30 22 71
33 22 72
28 22 73
61 22 74
24 22 75
45 22 76
25 22 77
37 22 78
31 22 79
33 22 80
32 22 81
32 22 82
31 22 83
32 22 84
30 22 85
30 22 86
26 22 87
23 22 88
36 22 89
32 22 90
42 22 91
24 22 92
36 22 93
28 22 94
32 22 95
24 22 96
25 22 97
45 22 98
32 22 99
35 22 100
34 23 1
29 23 2
24 23 3
27 23 4
35 23 5
27 23 6
25 23 7
41 23 8
29 23 9
23 23 10
36 23 11
23 23 12
40 23 13
28 23 14
33 23 15
29 23 16
39 23 17
35 23 18
26 23 19
41 23 20
34 23 21
31 23 22
82 23 23
30 23 24
35 23 25
30 23 26
28 23 27
28 23 28
31 23 29
24 23 30
25 23 31
29 23 32
35 23 33
39 23 34
48 23 35
32 23 36
32 23 37
27 23 38
37 23 39
23 23 40
35 23 41
32 23 42
34 23 43
47 23 44
35 23 45
37 23 46
42 23 47
39 23 48
40 23 49
35 23 50
28 23 51
38 23 52
44 23 53
41 23 54
33 23 55
39 23 56
31 23 57
39 23 58
50 23 59
34 23 60
25 23 61
35 23 62
24 23 63
36 23 64
32 23 65
35 23 66
37 23 67
27 23 68
41 23 69
50 23 70
32 23 71
32 23 72
35 23 73
39 23 74
31 23 75
31 23 76
37 23 77
37 23 78
29 23 79
32 23 80
21 23 81
28 23 82
28 23 83
35 23 84
27 23 85
34 23 86
27 23 87
28 23 88
41 23 89
29 23 90
23 23 91
35 23 92
27 23 93
29 23 94
34 23 95
42 23 96
28 23 97
30 23 98
42 23 99
28 23 100
23 24 1
28 24 2
35 24 3
34 24 4
22 24 5
41 24 6
40 24 7
38 24 8
43 24 9
32 24 10
30 24 11
25 24 12
20 24 13
38 24 14
27 24 15
26 24 16
29 24 17
31 24 18
18 24 19
38 24 20
24 24 21
21 24 22
30 24 23
84 24 24
25 24 25
26 24 26
21 24 27
23 24 28
45 24 29
36 24 30
39 24 31
34 24 32
27 24 33
27 24 34
32 24 35
27 24 36
23 24 37
24 24 38
28 24 39
30 24 40
25 24 41
26 24 42
21 24 43
28 24 44
25 24 45
26 24 46
24 24 47
35 24 48
25 24 49
37 24 50
31 24 51
25 24 52
39 24 53
25 24 54
45 24 55
23 24 56
31 24 57
26 24 58
23 24 59
33 24 60
28 24 61
29 24 62
18 24 63
29 24 64
24 24 65
31 24 66
29 24 67
36 24 68
41 24 69
26 24 70
21 24 71
25 24 72
49 24 73
19 24 74
39 24 75
29 24 76
39 24 77
32 24 78
24 24 79
31 24 80
38 24 81
37 24 82
42 24 83
43 24 84
24 24 85
31 24 86
21 24 87
31 24 88
29 24 89
27 24 90
27 24 91
30 24 92
27 24 93
42 24 94
26 24 95
20 24 96
35 24 97
32 24 98
31 24 99
24 24 100
32 25 1
45 25 2
30 25 3
30 25 4
34 25 5
33 25 6
29 25 7
31 25 8
29 25 9
20 25 10
42 25 11
51 25 12
38 25 13
32 25 14
19 25 15
30 25 16
41 25 17
32 25 18
30 25 19
36 25 20
29 25 21
39 25 22
33 25 23
28 25 24
95 25 25
46 25 26
22 25 27
26 25 28
35 25 29
25 25 30
29 25 31
41 25 32
28 25 33
33 25 34
39 25 35
25 25 36
38 25 37
25 25 38
40 25 39
25 25 40
35 25 41
39 25 42
28 25 43
33 25 44
37 25 45
58 25 46
29 25 47
39 25 48
45 25 49
25 25 50
30 25 51
28 25 52
19 25 53
36 25 54
22 25 55
44 25 56
31 25 57
34 25 58
40 25 59
37 25 60
33 25 61
22 25 62
30 25 63
37 25 64
26 25 65
28 25 66
40 25 67
25 25 68
34 25 69
23 25 70
33 25 71
23 25 72
29 25 73
42 25 74
29 25 75
37 25 76
21 25 77
31 25 78
33 25 79
28 25 80
32 25 81
28 25 82
30 25 83
26 25 84
31 25 85
33 25 86
30 25 87
31 25 88
33 25 89
23 25 90
23 25 91
24 25 92
32 25 93
30 25 94
25 25 95
34 25 96
20 25 97
29 25 98
33 25 99
34 25 100
41 26 1
34 26 2
24 26 3
25 26 4
29 26 5
40 26 6
29 26 7
27 26 8
36 26 9
25 26 10
45 26 11
31 26 12
30 26 13
21 26 14
22 26 15
27 26 16
28 26 17
33 26 18
30 26 19
32 26 20
33 26 21
31 26 22
28 26 23
16 26 24
40 26 25
90 26 26
33 26 27
30 26 28
30 26 29
27 26 30
28 26 31
24 26 32
32 26 33
36 26 34
43 26 35
29 26 36
40 26 37
32 26 38
43 26 39
29 26 40
27 26 41
52 26 42
27 26 43
31 26 44
44 26 45
34 26 46
40 26 47
40 26 48
51 26 49
27 26 50
26 26 51
34 26 52
30 26 53
37 26 54
30 26 55
32 26 56
29 26 57
50 26 58
37 26 59
30 26 60
23 26 61
30 26 62
35 26 63
39 26 64
28 26 65
29 26 66
31 26 67
28 26 68
32 26 69
30 26 70
23 26 71
16 26 72
26 26 73
32 26 74
25 26 75
37 26 76
33 26 77
29 26 78
46 26 79
21 26 80
36 26 81
29 26 82
19 26 83
31 26 84
33 26 85
29 26 86
41 26 87
30 26 88
30 26 89
16 26 90
28 26 91
29 26 92
29 26 93
20 26 94
30 26 95
33 26 96
16 26 97
43 26 98
29 26 99
45 26 100
39 27 1
26 27 2
35 27 3
32 27 4
31 27 5
31 27 6
31 27 7
39 27 8
27 27 9
30 27 10
20 27 11
25 27 12
31 27 13
46 27 14
36 27 15
28 27 16
23 27 17
29 27 18
42 27 19
26 27 20
43 27 21
34 27 22
33 27 23
29 27 24
26 27 25
31 27 26
86 27 27
27 27 28
24 27 29
27 27 30
27 27 31
32 27 32
38 27 33
32 27 34
29 27 35
29 27 36
25 27 37
40 27 38
38 27 39
29 27 40
35 27 41
23 27 42
38 27 43
26 27 44
25 27 45
27 27 46
33 27 47
29 27 48
23 27 49
34 27 50
31 27 51
26 27 52
35 27 53
23 27 54
29 27 55
28 27 56
25 27 57
34 27 58
37 27 59
27 27 60
43 27 61
32 27 62
43 27 63
18 27 64
34 27 65
30 27 66
30 27 67
24 27 68
28 27 69
33 27 70
28 27 71
34 27 72
23 27 73
32 27 74
26 27 75
33 27 76
32 27 77
29 27 78
29 27 79
32 27 80
28 27 81
38 27 82
30 27 83
27 27 84
46 27 85
26 27 86
47 27 87
24 27 88
28 27 89
40 27 90
31 27 91
41 27 92
24 27 93
32 27 94
31 27 95
33 27 96
35 27 97
25 27 98
28 27 99
39 27 100
35 28 1
28 28 2
27 28 3
25 28 4
21 28 5
37 28 6
35 28 7
39 28 8
33 28 9
28 28 10
23 28 11
39 28 12
36 28 13
26 28 14
33 28 15
34 28 16
20 28 17
30 28 18
24 28 19
16 28 20
29 28 21
26 28 22
31 28 23
28 28 24
28 28 25
32 28 26
27 28 27
77 28 28
25 28 29
37 28 30
35 28 31
30 28 32
33 28 33
28 28 34
33 28 35
38 28 36
25 28 37
43 28 38
38 28 39
30 28 40
36 28 41
24 28 42
35 28 43
32 28 44
26 28 45
22 28 46
22 28 47
27 28 48
25 28 49
36 28 50
28 28 51
26 28 52
26 28 53
26 28 54
30 28 55
36 28 56
34 28 57
32 28 58
27 28 59
41 28 60
37 28 61
28 28 62
32 28 63
37 28 64
26 28 65
30 28 66
30 28 67
25 28 68
33 28 69
26 28 70
29 28 71
26 28 72
29 28 73
28 28 74
37 28 75
27 28 76
39 28 77
30 28 78
30 28 79
29 28 80
29 28 81
30 28 82
27 28 83
29 28 84
36 28 85
32 28 86
32 28 87
41 28 88
25 28 89
31 28 90
29 28 91
33 28 92
33 28 93
29 28 94
35 28 95
33 28 96
33 28 97
27 28 98
27 28 99
29 28 100
30 29 1
28 29 2
41 29 3
39 29 4
34 29 5
27 29 6
50 29 7
40 29 8
33 29 9
32 29 10
31 29 11
30 29 12
38 29 13
41 29 14
32 29 15
42 29 16
27 29 17
25 29 18
25 29 19
39 29 20
27 29 21
32 29 22
25 29 23
37 29 24
23 29 25
29 29 26
33 29 27
34 29 28
93 29 29
33 29 30
29 29 31
37 29 32
28 29 33
25 29 34
28 29 35
27 29 36
27 29 37
29 29 38
23 29 39
33 29 40
29 29 41
22 29 42
24 29 43
32 29 44
33 29 45
37 29 46
28 29 47
36 29 48
21 29 49
33 29 50
35 29 51
24 29 52
36 29 53
31 29 54
45 29 55
17 29 56
23 29 57
31 29 58
24 29 59
40 29 60
38 29 61
30 29 62
30 29 63
30 29 64
23 29 65
38 29 66
28 29 67
36 29 68
36 29 69
26 29 70
30 29 71
40 29 72
33 29 73
34 29 74
33 29 75
30 29 76
45 29 77
35 29 78
23 29 79
34 29 80
36 29 81
43 29 82
36 29 83
37 29 84
17 29 85
33 29 86
31 29 87
37 29 88
35 29 89
31 29 90
32 29 91
33 29 92
32 29 93
35 29 94
29 29 95
31 29 96
29 29 97
30 29 98
28 29 99
37 29 100
20 30 1
24 30 2
20 30 3
24 30 4
20 30 5
19 30 6
23 30 7
17 30 8
34 30 9
22 30 10
24 30 11
24 30 12
22 30 13
20 30 14
14 30 15
23 30 16
26 30 17
22 30 18
17 30 19
21 30 20
22 30 21
30 30 22
24 30 23
17 30 24
20 30 25
18 30 26
27 30 27
22 30 28
30 30 29
94 30 30
53 30 31
27 30 32
27 30 33
30 30 34
22 30 35
24 30 36
31 30 37
25 30 38
32 30 39
52 30 40
26 30 41
26 30 42
20 30 43
26 30 44
19 30 45
29 30 46
26 30 47
21 30 48
24 30 49
20 30 50
26 30 51
22 30 52
23 30 53
25 30 54
34 30 55
25 30 56
22 30 57
24 30 58
21 30 59
22 30 60
25 30 61
31 30 62
21 30 63
27 30 64
22 30 65
26 30 66
22 30 67
36 30 68
28 30 69
24 30 70
27 30 71
28 30 72
37 30 73
29 30 74
32 30 75
29 30 76
27 30 77
18 30 78
20 30 79
31 30 80
20 30 81
32 30 82
30 30 83
34 30 84
19 30 85
28 30 86
20 30 87
20 30 88
24 30 89
27 30 90
26 30 91
20 30 92
24 30 93
45 30 94
25 30 95
22 30 96
39 30 97
19 30 98
27 30 99
31 30 100
22 31 1
23 31 2
28 31 3
22 31 4
24 31 5
19 31 6
23 31 7
21 31 8
39 31 9
28 31 10
27 31 11
23 31 12
18 31 13
18 31 14
32 31 15
24 31 16
24 31 17
30 31 18
22 31 19
24 31 20
21 31 21
23 31 22
21 31 23
39 31 24
35 31 25
26 31 26
23 31 27
31 31 28
27 31 29
49 31 30
83 31 31
25 31 32
23 31 33
25 31 34
25 31 35
21 31 36
20 31 37
19 31 38
15 31 39
45 31 40
26 31 41
25 31 42
26 31 43
25 31 44
24 31 45
25 31 46
15 31 47
21 31 48
29 31 49
16 31 50
21 31 51
15 31 52
25 31 53
27 31 54
34 31 55
31 31 56
13 31 57
25 31 58
30 31 59
18 31 60
20 31 61
29 31 62
20 31 63
26 31 64
18 31 65
21 31 66
21 31 67
30 31 68
24 31 69
27 31 70
25 31 71
18 31 72
39 31 73
29 31 74
30 31 75
26 31 76
20 31 77
18 31 78
27 31 79
25 31 80
19 31 81
35 31 82
39 31 83
35 31 84
22 31 85
23 31 86
17 31 87
22 31 88
26 31 89
25 31 90
24 31 91
22 31 92
27 31 93
28 31 94
17 31 95
24 31 96
37 31 97
21 31 98
25 31 99
33 31 100
29 32 1
36 32 2
39 32 3
24 32 4
23 32 5
30 32 6
28 32 7
47 32 8
31 32 9
27 32 10
27 32 11
32 32 12
32 32 13
28 32 14
31 32 15
38 32 16
26 32 17
33 32 18
31 32 19
30 32 20
35 32 21
30 32 22
29 32 23
39 32 24
35 32 25
25 32 26
30 32 27
35 32 28
35 32 29
33 32 30
20 32 31
93 32 32
27 32 33
31 32 34
22 32 35
27 32 36
16 32 37
40 32 38
33 32 39
23 32 40
30 32 41
34 32 42
30 32 43
36 32 44
28 32 45
26 32 46
34 32 47
35 32 48
27 32 49
33 32 50
35 32 51
35 32 52
26 32 53
30 32 54
24 32 55
29 32 56
27 32 57
26 32 58
30 32 59
30 32 60
31 32 61
28 32 62
31 32 63
23 32 64
36 32 65
23 32 66
29 32 67
28 32 68
31 32 69
32 32 70
29 32 71
30 32 72
25 32 73
26 32 74
31 32 75
28 32 76
31 32 77
36 32 78
31 32 79
27 32 80
36 32 81
34 32 82
22 32 83
27 32 84
17 32 85
32 32 86
27 32 87
36 32 88
21 32 89
26 32 90
32 32 91
31 32 92
31 32 93
36 32 94
42 32 95
38 32 96
29 32 97
33 32 98
24 32 99
31 32 100
47 33 1
22 33 2
34 33 3
26 33 4
32 33 5
39 33 6
32 33 7
40 33 8
34 33 9
25 33 10
34 33 11
25 33 12
33 33 13
26 33 14
24 33 15
21 33 16
42 33 17
31 33 18
38 33 19
31 33 20
44 33 21
27 33 22
21 33 23
33 33 24
36 33 25
33 33 26
36 33 27
35 33 28
23 33 29
20 33 30
25 33 31
27 33 32
73 33 33
35 33 34
31 33 35
36 33 36
45 33 37
21 33 38
44 33 39
25 33 40
27 33 41
23 33 42
45 33 43
38 33 44
25 33 45
38 33 46
23 33 47
39 33 48
32 33 49
26 33 50
37 33 51
36 33 52
35 33 53
33 33 54
29 33 55
36 33 56
34 33 57
44 33 58
40 33 59
42 33 60
41 33 61
28 33 62
34 33 63
30 33 64
37 33 65
28 33 66
36 33 67
19 33 68
23 33 69
28 33 70
24 33 71
35 33 72
29 33 73
36 33 74
24 33 75
37 33 76
25 33 77
28 33 78
30 33 79
25 33 80
39 33 81
32 33 82
28 33 83
28 33 84
43 33 85
42 33 86
48 33 87
40 33 88
29 33 89
32 33 90
34 33 91
28 33 92
37 33 93
34 33 94
36 33 95
33 33 96
28 33 97
33 33 98
42 33 99
28 33 100
31 34 1
32 34 2
27 34 3
32 34 4
32 34 5
21 34 6
33 34 7
19 34 8
23 34 9
31 34 10
32 34 11
31 34 12
40 34 13
31 34 14
37 34 15
31 34 16
46 34 17
31 34 18
30 34 19
27 34 20
32 34 21
35 34 22
36 34 23
22 34 24
40 34 25
37 34 26
29 34 27
32 34 28
26 34 29
31 34 30
24 34 31
29 34 32
31 34 33
89 34 34
32 34 35
36 34 36
27 34 37
24 34 38
24 34 39
29 34 40
33 34 41
34 34 42
28 34 43
39 34 44
36 34 45
36 34 46
33 34 47
35 34 48
39 34 49
25 34 50
23 34 51
34 34 52
33 34 53
38 34 54
25 34 55
33 34 56
26 34 57
35 34 58
48 34 59
34 34 60
36 34 61
35 34 62
29 34 63
30 34 64
32 34 65
21 34 66
29 34 67
25 34 68
33 34 69
38 34 70
22 34 71
31 34 72
27 34 73
35 34 74
32 34 75
31 34 76
27 34 77
26 34 78
32 34 79
19 34 80
25 34 81
29 34 82
24 34 83
25 34 84
29 34 85
37 34 86
29 34 87
26 34 88
41 34 89
33 34 90
29 34 91
29 34 92
35 34 93
32 34 94
32 34 95
36 34 96
26 34 97
32 34 98
30 34 99
39 34 100
25 35 1
38 35 2
23 35 3
22 35 4
24 35 5
30 35 6
23 35 7
36 35 8
28 35 9
32 35 10
32 35 11
29 35 12
27 35 13
21 35 14
24 35 15
25 35 16
31 35 17
38 35 18
36 35 19
34 35 20
29 35 21
28 35 22
33 35 23
23 35 24
34 35 25
36 35 26
26 35 27
31 35 28
20 35 29
27 35 30
25 35 31
26 35 32
23 35 33
27 35 34
92 35 35
28 35 36
37 35 37
28 35 38
31 35 39
25 35 40
32 35 41
28 35 42
32 35 43
36 35 44
40 35 45
29 35 46
30 35 47
35 35 48
28 35 49
30 35 50
30 35 51
32 35 52
27 35 53
39 35 54
29 35 55
42 35 56
28 35 57
33 35 58
37 35 59
26 35 60
19 35 61
45 35 62
31 35 63
33 35 64
37 35 65
30 35 66
29 35 67
27 35 68
31 35 69
31 35 70
24 35 71
22 35 72
31 35 73
30 35 74
28 35 75
39 35 76
32 35 77
40 35 78
38 35 79
26 35 80
24 35 81
30 35 82
29 35 83
31 35 84
28 35 85
29 35 86
27 35 87
33 35 88
36 35 89
32 35 90
23 35 91
34 35 92
25 35 93
30 35 94
29 35 95
26 35 96
18 35 97
28 35 98
32 35 99
32 35 100
30 36 1
23 36 2
31 36 3
28 36 4
24 36 5
32 36 6
28 36 7
29 36 8
16 36 9
24 36 10
29 36 11
25 36 12
32 36 13
25 36 14
24 36 15
30 36 16
32 36 17
30 36 18
20 36 19
30 36 20
23 36 21
31 36 22
34 36 23
22 36 24
27 36 25
33 36 26
28 36 27
27 36 28
25 36 29
23 36 30
28 36 31
31 36 32
37 36 33
30 36 34
37 36 35
91 36 36
47 36 37
30 36 38
37 36 39
29 36 40
32 36 41
31 36 42
40 36 43
37 36 44
30 36 45
30 36 46
28 36 47
26 36 48
25 36 49
28 36 50
34 36 51
29 36 52
24 36 53
40 36 54
25 36 55
45 36 56
28 36 57
40 36 58
45 36 59
43 36 60
30 36 61
35 36 62
22 36 63
38 36 64
37 36 65
21 36 66
29 36 67
25 36 68
27 36 69
28 36 70
29 36 71
27 36 72
30 36 73
34 36 74
27 36 75
30 36 76
21 36 77
47 36 78
31 36 79
23 36 80
24 36 81
27 36 82
21 36 83
32 36 84
29 36 85
32 36 86
31 36 87
37 36 88
28 36 89
30 36 90
27 36 91
30 36 92
33 36 93
15 36 94
32 36 95
35 36 96
36 36 97
38 36 98
41 36 99
38 36 100
34 37 1
30 37 2
22 37 3
28 37 4
20 37 5
22 37 6
30 37 7
26 37 8
23 37 9
26 37 10
29 37 11
27 37 12
39 37 13
27 37 14
27 37 15
16 37 16
40 37 17
27 37 18
24 37 19
34 37 20
29 37 21
23 37 22
31 37 23
28 37 24
33 37 25
30 37 26
27 37 27
25 37 28
15 37 29
31 37 30
36 37 31
25 37 32
37 37 33
38 37 34
45 37 35
45 37 36
90 37 37
29 37 38
33 37 39
29 37 40
21 37 41
32 37 42
31 37 43
36 37 44
31 37 45
33 37 46
31 37 47
30 37 48
30 37 49
30 37 50
27 37 51
42 37 52
29 37 53
31 37 54
31 37 55
46 37 56
23 37 57
36 37 58
54 37 59
27 37 60
22 37 61
41 37 62
24 37 63
43 37 64
39 37 65
17 37 66
33 37 67
29 37 68
23 37 69
31 37 70
34 37 71
36 37 72
23 37 73
32 37 74
23 37 75
36 37 76
32 37 77
36 37 78
33 37 79
20 37 80
29 37 81
18 37 82
21 37 83
26 37 84
30 37 85
32 37 86
26 37 87
28 37 88
32 37 89
34 37 90
35 37 91
42 37 92
32 37 93
28 37 94
33 37 95
34 37 96
24 37 97
30 37 98
26 37 99
38 37 100
34 38 1
25 38 2
32 38 3
25 38 4
25 38 5
38 38 6
39 38 7
37 38 8
29 38 9
25 38 10
25 38 11
32 38 12
37 38 13
31 38 14
31 38 15
37 38 16
32 38 17
35 38 18
31 38 19
30 38 20
44 38 21
38 38 22
28 38 23
27 38 24
29 38 25
29 38 26
38 38 27
44 38 28
20 38 29
24 38 30
24 38 31
37 38 32
26 38 33
33 38 34
29 38 35
33 38 36
27 38 37
92 38 38
29 38 39
17 38 40
44 38 41
31 38 42
35 38 43
32 38 44
31 38 45
24 38 46
31 38 47
26 38 48
24 38 49
48 38 50
27 38 51
37 38 52
25 38 53
23 38 54
21 38 55
29 38 56
39 38 57
27 38 58
26 38 59
31 38 60
46 38 61
26 38 62
39 38 63
24 38 64
40 38 65
22 38 66
31 38 67
18 38 68
28 38 69
21 38 70
27 38 71
32 38 72
25 38 73
23 38 74
31 38 75
39 38 76
35 38 77
27 38 78
31 38 79
28 38 80
24 38 81
24 38 82
23 38 83
25 38 84
39 38 85
37 38 86
32 38 87
33 38 88
27 38 89
33 38 90
30 38 91
29 38 92
40 38 93
19 38 94
30 38 95
26 38 96
30 38 97
29 38 98
23 38 99
21 38 100
39 39 1
36 39 2
26 39 3
26 39 4
31 39 5
44 39 6
31 39 7
37 39 8
29 39 9
34 39 10
30 39 11
30 39 12
34 39 13
27 39 14
25 39 15
26 39 16
31 39 17
30 39 18
32 39 19
25 39 20
44 39 21
20 39 22
30 39 23
23 39 24
26 39 25
46 39 26
32 39 27
43 39 28
20 39 29
22 39 30
20 39 31
34 39 32
47 39 33
29 39 34
28 39 35
45 39 36
36 39 37
38 39 38
97 39 39
20 39 40
26 39 41
36 39 42
45 39 43
34 39 44
30 39 45
30 39 46
34 39 47
27 39 48
30 39 49
30 39 50
35 39 51
39 39 52
23 39 53
26 39 54
28 39 55
37 39 56
37 39 57
33 39 58
33 39 59
38 39 60
33 39 61
24 39 62
28 39 63
41 39 64
48 39 65
30 39 66
38 39 67
23 39 68
26 39 69
36 39 70
29 39 71
27 39 72
29 39 73
24 39 74
24 39 75
43 39 76
31 39 77
29 39 78
39 39 79
30 39 80
47 39 81
29 39 82
26 39 83
27 39 84
48 39 85
45 39 86
42 39 87
36 39 88
28 39 89
27 39 90
34 39 91
31 39 92
32 39 93
24 39 94
33 39 95
41 39 96
33 39 97
36 39 98
28 39 99
22 39 100
30 40 1
23 40 2
32 40 3
21 40 4
24 40 5
18 40 6
34 40 7
26 40 8
41 40 9
33 40 10
15 40 11
22 40 12
21 40 13
30 40 14
24 40 15
29 40 16
31 40 17
38 40 18
19 40 19
28 40 20
26 40 21
34 40 22
32 40 23
24 40 24
26 40 25
31 40 26
26 40 27
27 40 28
35 40 29
59 40 30
41 40 31
26 40 32
22 40 33
22 40 34
28 40 35
28 40 36
34 40 37
24 40 38
25 40 39
89 40 40
21 40 41
28 40 42
27 40 43
32 40 44
22 40 45
28 40 46
21 40 47
28 40 48
27 40 49
19 40 50
26 40 51
25 40 52
23 40 53
32 40 54
34 40 55
23 40 56
30 40 57
31 40 58
23 40 59
24 40 60
30 40 61
20 40 62
18 40 63
32 40 64
21 40 65
30 40 66
22 40 67
37 40 68
28 40 69
24 40 70
26 40 71
30 40 72
40 40 73
24 40 74
27 40 75
22 40 76
30 40 77
31 40 78
27 40 79
28 40 80
28 40 81
39 40 82
41 40 83
44 40 84
23 40 85
27 40 86
22 40 87
23 40 88
33 40 89
26 40 90
23 40 91
28 40 92
29 40 93
32 40 94
29 40 95
28 40 96
34 40 97
27 40 98
23 40 99
30 40 100
27 41 1
29 41 2
30 41 3
40 41 4
45 41 5
25 41 6
29 41 7
33 41 8
25 41 9
26 41 10
28 41 11
20 41 12
38 41 13
43 41 14
50 41 15
48 41 16
30 41 17
19 41 18
36 41 19
32 41 20
24 41 21
33 41 22
26 41 23
19 41 24
31 41 25
28 41 26
36 41 27
29 41 28
33 41 29
21 41 30
23 41 31
39 41 32
23 41 33
29 41 34
26 41 35
22 41 36
30 41 37
29 41 38
20 41 39
15 41 40
103 41 41
33 41 42
27 41 43
18 41 44
25 41 45
28 41 46
38 41 47
25 41 48
26 41 49
31 41 50
39 41 51
22 41 52
39 41 53
22 41 54
23 41 55
17 41 56
31 41 57
17 41 58
26 41 59
25 41 60
36 41 61
26 41 62
36 41 63
20 41 64
31 41 65
41 41 66
19 41 67
24 41 68
33 41 69
47 41 70
38 41 71
40 41 72
21 41 73
34 41 74
31 41 75
17 41 76
31 41 77
32 41 78
35 41 79
50 41 80
24 41 81
33 41 82
27 41 83
22 41 84
41 41 85
29 41 86
24 41 87
29 41 88
39 41 89
49 41 90
45 41 91
29 41 92
30 41 93
25 41 94
26 41 95
25 41 96
23 41 97
27 41 98
25 41 99
31 41 100
37 42 1
32 42 2
33 42 3
23 42 4
25 42 5
31 42 6
31 42 7
33 42 8
28 42 9
25 42 10
35 42 11
37 42 12
36 42 13
31 42 14
26 42 15
33 42 16
28 42 17
32 42 18
27 42 19
35 42 20
29 42 21
38 42 22
41 42 23
19 42 24
41 42 25
44 42 26
22 42 27
40 42 28
21 42 29
27 42 30
24 42 31
34 42 32
27 42 33
41 42 34
24 42 35
40 42 36
37 42 37
40 42 38
36 42 39
30 42 40
34 42 41
85 42 42
37 42 43
44 42 44
38 42 45
30 42 46
39 42 47
39 42 48
35 42 49
30 42 50
20 42 51
31 42 52
20 42 53
35 42 54
24 42 55
42 42 56
27 42 57
39 42 58
41 42 59
34 42 60
37 42 61
38 42 62
31 42 63
42 42 64
35 42 65
29 42 66
28 42 67
26 42 68
23 42 69
35 42 70
30 42 71
28 42 72
27 42 73
41 42 74
24 42 75
34 42 76
26 42 77
27 42 78
34 42 79
27 42 80
30 42 81
34 42 82
27 42 83
34 42 84
27 42 85
32 42 86
35 42 87
41 42 88
39 42 89
24 42 90
18 42 91
20 42 92
36 42 93
26 42 94
32 42 95
35 42 96
34 42 97
34 42 98
35 42 99
33 42 100
40 43 1
31 43 2
15 43 3
25 43 4
31 43 5
36 43 6
23 43 7
29 43 8
31 43 9
31 43 10
27 43 11
36 43 12
41 43 13
29 43 14
30 43 15
24 43 16
28 43 17
32 43 18
34 43 19
32 43 20
38 43 21
35 43 22
25 43 23
24 43 24
30 43 25
40 43 26
39 43 27
40 43 28
21 43 29
24 43 30
19 43 31
31 43 32
38 43 33
25 43 34
38 43 35
40 43 36
38 43 37
41 43 38
44 43 39
22 43 40
28 43 41
45 43 42
99 43 43
35 43 44
32 43 45
34 43 46
36 43 47
31 43 48
26 43 49
34 43 50
33 43 51
36 43 52
24 43 53
22 43 54
22 43 55
37 43 56
41 43 57
28 43 58
34 43 59
41 43 60
34 43 61
36 43 62
31 43 63
39 43 64
35 43 65
23 43 66
33 43 67
30 43 68
23 43 69
33 43 70
33 43 71
25 43 72
24 43 73
36 43 74
24 43 75
36 43 76
31 43 77
25 43 78
36 43 79
21 43 80
40 43 81
18 43 82
15 43 83
21 43 84
43 43 85
32 43 86
41 43 87
39 43 88
34 43 89
28 43 90
29 43 91
35 43 92
36 43 93
24 43 94
40 43 95
46 43 96
28 43 97
39 43 98
37 43 99
23 43 100
27 44 1
24 44 2
23 44 3
26 44 4
28 44 5
36 44 6
42 44 7
24 44 8
22 44 9
22 44 10
25 44 11
36 44 12
34 44 13
21 44 14
32 44 15
25 44 16
38 44 17
37 44 18
22 44 19
34 44 20
40 44 21
37 44 22
29 44 23
24 44 24
25 44 25
34 44 26
27 44 27
32 44 28
24 44 29
27 44 30
36 44 31
36 44 32
30 44 33
35 44 34
38 44 35
35 44 36
29 44 37
30 44 38
23 44 39
26 44 40
24 44 41
36 44 42
37 44 43
87 44 44
37 44 45
25 44 46
25 44 47
40 44 48
35 44 49
32 44 50
23 44 51
32 44 52
25 44 53
29 44 54
31 44 55
42 44 56
32 44 57
42 44 58
26 44 59
21 44 60
26 44 61
34 44 62
22 44 63
34 44 64
35 44 65
25 44 66
28 44 67
25 44 68
36 44 69
21 44 70
27 44 71
29 44 72
23 44 73
22 44 74
21 44 75
41 44 76
24 44 77
27 44 78
37 44 79
18 44 80
29 44 81
22 44 82
30 44 83
22 44 84
28 44 85
38 44 86
42 44 87
24 44 88
31 44 89
19 44 90
29 44 91
26 44 92
45 44 93
21 44 94
29 44 95
24 44 96
19 44 97
25 44 98
36 44 99
27 44 100
28 45 1
26 45 2
24 45 3
32 45 4
28 45 5
41 45 6
46 45 7
29 45 8
30 45 9
20 45 10
38 45 11
28 45 12
53 45 13
30 45 14
32 45 15
25 45 16
33 45 17
33 45 18
31 45 19
41 45 20
32 45 21
31 45 22
33 45 23
36 45 24
37 45 25
37 45 26
26 45 27
29 45 28
34 45 29
21 45 30
21 45 31
35 45 32
30 45 33
27 45 34
44 45 35
29 45 36
27 45 37
25 45 38
27 45 39
28 45 40
38 45 41
36 45 42
29 45 43
37 45 44
84 45 45
36 45 46
22 45 47
25 45 48
34 45 49
44 45 50
29 45 51
36 45 52
27 45 53
33 45 54
24 45 55
28 45 56
30 45 57
36 45 58
33 45 59
26 45 60
32 45 61
35 45 62
31 45 63
38 45 64
26 45 65
26 45 66
30 45 67
22 45 68
28 45 69
33 45 70
24 45 71
26 45 72
28 45 73
38 45 74
35 45 75
32 45 76
26 45 77
34 45 78
49 45 79
38 45 80
38 45 81
25 45 82
27 45 83
30 45 84
27 45 85
24 45 86
27 45 87
27 45 88
47 45 89
41 45 90
27 45 91
33 45 92
31 45 93
23 45 94
27 45 95
33 45 96
16 45 97
46 45 98
30 45 99
37 45 100
23 46 1
38 46 2
31 46 3
23 46 4
38 46 5
27 46 6
22 46 7
23 46 8
34 46 9
23 46 10
40 46 11
40 46 12
43 46 13
33 46 14
30 46 15
24 46 16
35 46 17
41 46 18
28 46 19
40 46 20
37 46 21
43 46 22
32 46 23
28 46 24
49 46 25
39 46 26
24 46 27
26 46 28
30 46 29
32 46 30
27 46 31
32 46 32
33 46 33
41 46 34
38 46 35
21 46 36
35 46 37
26 46 38
27 46 39
23 46 40
31 46 41
32 46 42
23 46 43
29 46 44
39 46 45
93 46 46
31 46 47
36 46 48
37 46 49
22 46 50
31 46 51
29 46 52
35 46 53
38 46 54
23 46 55
32 46 56
26 46 57
35 46 58
38 46 59
29 46 60
28 46 61
23 46 62
38 46 63
35 46 64
21 46 65
21 46 66
34 46 67
30 46 68
34 46 69
38 46 70
29 46 71
32 46 72
25 46 73
44 46 74
24 46 75
36 46 76
25 46 77
28 46 78
30 46 79
30 46 80
34 46 81
29 46 82
25 46 83
37 46 84
25 46 85
36 46 86
32 46 87
40 46 88
44 46 89
36 46 90
26 46 91
30 46 92
37 46 93
25 46 94
30 46 95
27 46 96
21 46 97
28 46 98
26 46 99
36 46 100
29 47 1
22 47 2
33 47 3
42 47 4
51 47 5
24 47 6
38 47 7
34 47 8
18 47 9
36 47 10
36 47 11
32 47 12
29 47 13
43 47 14
42 47 15
45 47 16
44 47 17
24 47 18
40 47 19
27 47 20
29 47 21
32 47 22
40 47 23
29 47 24
34 47 25
34 47 26
35 47 27
33 47 28
36 47 29
25 47 30
23 47 31
34 47 32
43 47 33
32 47 34
27 47 35
24 47 36
47 47 37
36 47 38
32 47 39
25 47 40
38 47 41
43 47 42
27 47 43
28 47 44
37 47 45
41 47 46
76 47 47
33 47 48
31 47 49
35 47 50
34 47 51
36 47 52
45 47 53
35 47 54
28 47 55
32 47 56
33 47 57
31 47 58
27 47 59
32 47 60
24 47 61
34 47 62
40 47 63
23 47 64
24 47 65
26 47 66
33 47 67
24 47 68
35 47 69
50 47 70
42 47 71
45 47 72
26 47 73
44 47 74
30 47 75
25 47 76
39 47 77
39 47 78
33 47 79
43 47 80
31 47 81
21 47 82
30 47 83
30 47 84
26 47 85
32 47 86
29 47 87
35 47 88
39 47 89
40 47 90
43 47 91
47 47 92
33 47 93
31 47 94
29 47 95
36 47 96
30 47 97
34 47 98
39 47 99
45 47 100
36 48 1
29 48 2
30 48 3
23 48 4
33 48 5
32 48 6
32 48 7
23 48 8
27 48 9
26 48 10
44 48 11
24 48 12
33 48 13
25 48 14
39 48 15
28 48 16
29 48 17
33 48 18
25 48 19
35 48 20
35 48 21
31 48 22
38 48 23
28 48 24
27 48 25
43 48 26
29 48 27
25 48 28
38 48 29
24 48 30
22 48 31
32 48 32
35 48 33
37 48 34
34 48 35
28 48 36
26 48 37
27 48 38
28 48 39
23 48 40
33 48 41
39 48 42
29 48 43
36 48 44
38 48 45
34 48 46
36 48 47
95 48 48
37 48 49
30 48 50
24 48 51
28 48 52
38 48 53
31 48 54
25 48 55
32 48 56
35 48 57
34 48 58
38 48 59
31 48 60
34 48 61
34 48 62
29 48 63
34 48 64
25 48 65
25 48 66
35 48 67
25 48 68
42 48 69
29 48 70
34 48 71
27 48 72
36 48 73
33 48 74
26 48 75
32 48 76
28 48 77
36 48 78
33 48 79
31 48 80
31 48 81
34 48 82
29 48 83
41 48 84
26 48 85
19 48 86
26 48 87
27 48 88
46 48 89
32 48 90
23 48 91
25 48 92
35 48 93
31 48 94
37 48 95
27 48 96
23 48 97
36 48 98
43 48 99
43 48 100
27 49 1
29 49 2
25 49 3
27 49 4
25 49 5
32 49 6
24 49 7
30 49 8
29 49 9
23 49 10
47 49 11
37 49 12
41 49 13
21 49 14
26 49 15
22 49 16
35 49 17
36 49 18
33 49 19
28 49 20
33 49 21
46 49 22
38 49 23
21 49 24
49 49 25
46 49 26
26 49 27
35 49 28
26 49 29
26 49 30
38 49 31
32 49 32
34 49 33
46 49 34
45 49 35
31 49 36
31 49 37
26 49 38
30 49 39
30 49 40
31 49 41
37 49 42
33 49 43
32 49 44
48 49 45
44 49 46
43 49 47
35 49 48
94 49 49
19 49 50
28 49 51
36 49 52
33 49 53
37 49 54
24 49 55
47 49 56
27 49 57
48 49 58
29 49 59
38 49 60
34 49 61
34 49 62
29 49 63
37 49 64
26 49 65
27 49 66
36 49 67
32 49 68
35 49 69
34 49 70
35 49 71
25 49 72
30 49 73
44 49 74
24 49 75
38 49 76
26 49 77
38 49 78
44 49 79
27 49 80
33 49 81
29 49 82
22 49 83
28 49 84
33 49 85
26 49 86
28 49 87
32 49 88
37 49 89
27 49 90
30 49 91
30 49 92
41 49 93
30 49 94
29 49 95
35 49 96
25 49 97
39 49 98
32 49 99
36 49 100
39 50 1
25 50 2
31 50 3
21 50 4
27 50 5
36 50 6
41 50 7
38 50 8
21 50 9
28 50 10
25 50 11
30 50 12
34 50 13
30 50 14
27 50 15
33 50 16
26 50 17
27 50 18
30 50 19
31 50 20
30 50 21
27 50 22
27 50 23
32 50 24
21 50 25
35 50 26
35 50 27
44 50 28
31 50 29
24 50 30
30 50 31
39 50 32
35 50 33
28 50 34
26 50 35
35 50 36
27 50 37
41 50 38
35 50 39
19 50 40
31 50 41
27 50 42
37 50 43
37 50 44
37 50 45
29 50 46
27 50 47
35 50 48
23 50 49
83 50 50
31 50 51
43 50 52
26 50 53
24 50 54
23 50 55
27 50 56
41 50 57
42 50 58
24 50 59
34 50 60
36 50 61
35 50 62
32 50 63
23 50 64
35 50 65
22 50 66
40 50 67
18 50 68
29 50 69
34 50 70
20 50 71
24 50 72
21 50 73
30 50 74
36 50 75
38 50 76
37 50 77
26 50 78
37 50 79
28 50 80
42 50 81
39 50 82
34 50 83
26 50 84
41 50 85
41 50 86
47 50 87
45 50 88
33 50 89
28 50 90
25 50 91
37 50 92
31 50 93
24 50 94
52 50 95
31 50 96
34 50 97
27 50 98
44 50 99
25 50 100
32 51 1
27 51 2
32 51 3
44 51 4
47 51 5
32 51 6
33 51 7
32 51 8
23 51 9
40 51 10
25 51 11
29 51 12
27 51 13
30 51 14
34 51 15
46 51 16
29 51 17
18 51 18
40 51 19
24 51 20
26 51 21
19 51 22
30 51 23
33 51 24
27 51 25
27 51 26
31 51 27
37 51 28
34 51 29
19 51 30
26 51 31
34 51 32
39 51 33
22 51 34
31 51 35
26 51 36
22 51 37
29 51 38
32 51 39
22 51 40
39 51 41
21 51 42
31 51 43
24 51 44
30 51 45
28 51 46
35 51 47
21 51 48
20 51 49
40 51 50
98 51 51
35 51 52
42 51 53
30 51 54
41 51 55
28 51 56
36 51 57
28 51 58
28 51 59
37 51 60
36 51 61
27 51 62
34 51 63
25 51 64
30 51 65
41 51 66
31 51 67
31 51 68
21 51 69
39 51 70
31 51 71
38 51 72
25 51 73
25 51 74
41 51 75
20 51 76
35 51 77
34 51 78
26 51 79
34 51 80
29 51 81
20 51 82
33 51 83
25 51 84
30 51 85
33 51 86
32 51 87
25 51 88
28 51 89
40 51 90
37 51 91
35 51 92
17 51 93
35 51 94
36 51 95
33 51 96
29 51 97
20 51 98
31 51 99
25 51 100
38 52 1
28 52 2
27 52 3
23 52 4
21 52 5
41 52 6
22 52 7
29 52 8
26 52 9
21 52 10
21 52 11
32 52 12
33 52 13
20 52 14
31 52 15
30 52 16
37 52 17
31 52 18
31 52 19
38 52 20
29 52 21
34 52 22
38 52 23
33 52 24
25 52 25
43 52 26
35 52 27
32 52 28
21 52 29
22 52 30
22 52 31
41 52 32
38 52 33
29 52 34
28 52 35
26 52 36
35 52 37
38 52 38
39 52 39
22 52 40
30 52 41
23 52 42
43 52 43
27 52 44
35 52 45
32 52 46
29 52 47
31 52 48
36 52 49
33 52 50
29 52 51
82 52 52
25 52 53
28 52 54
29 52 55
44 52 56
31 52 57
31 52 58
33 52 59
36 52 60
36 52 61
31 52 62
31 52 63
37 52 64
40 52 65
22 52 66
33 52 67
18 52 68
22 52 69
30 52 70
35 52 71
33 52 72
28 52 73
26 52 74
29 52 75
37 52 76
23 52 77
41 52 78
32 52 79
27 52 80
31 52 81
31 52 82
27 52 83
23 52 84
44 52 85
36 52 86
39 52 87
36 52 88
38 52 89
26 52 90
21 52 91
30 52 92
25 52 93
27 52 94
43 52 95
38 52 96
33 52 97
29 52 98
42 52 99
19 52 100
30 53 1
33 53 2
31 53 3
42 53 4
42 53 5
32 53 6
33 53 7
33 53 8
29 53 9
26 53 10
27 53 11
26 53 12
36 53 13
37 53 14
46 53 15
41 53 16
29 53 17
22 53 18
37 53 19
36 53 20
29 53 21
26 53 22
40 53 23
44 53 24
31 53 25
34 53 26
37 53 27
28 53 28
29 53 29
28 53 30
32 53 31
27 53 32
37 53 33
34 53 34
39 53 35
27 53 36
30 53 37
30 53 38
25 53 39
29 53 40
46 53 41
35 53 42
25 53 43
23 53 44
37 53 45
35 53 46
45 53 47
38 53 48
31 53 49
31 53 50
33 53 51
29 53 52
95 53 53
26 53 54
31 53 55
22 53 56
27 53 57
27 53 58
34 53 59
30 53 60
23 53 61
34 53 62
27 53 63
31 53 64
24 53 65
32 53 66
30 53 67
27 53 68
35 53 69
51 53 70
29 53 71
36 53 72
33 53 73
36 53 74
39 53 75
27 53 76
37 53 77
40 53 78
24 53 79
46 53 80
25 53 81
24 53 82
29 53 83
37 53 84
28 53 85
22 53 86
25 53 87
25 53 88
30 53 89
47 53 90
36 53 91
34 53 92
28 53 93
27 53 94
26 53 95
25 53 96
27 53 97
33 53 98
31 53 99
28 53 100
23 54 1
32 54 2
31 54 3
26 54 4
28 54 5
23 54 6
28 54 7
28 54 8
27 54 9
26 54 10
36 54 11
25 54 12
28 54 13
25 54 14
23 54 15
31 54 16
24 54 17
32 54 18
27 54 19
32 54 20
33 54 21
30 54 22
39 54 23
23 54 24
30 54 25
45 54 26
26 54 27
29 54 28
30 54 29
34 54 30
20 54 31
31 54 32
27 54 33
40 54 34
37 54 35
43 54 36
38 54 37
25 54 38
30 54 39
24 54 40
22 54 41
33 54 42
32 54 43
35 54 44
28 54 45
39 54 46
22 54 47
29 54 48
32 54 49
23 54 50
25 54 51
26 54 52
24 54 53
86 54 54
18 54 55
55 54 56
30 54 57
45 54 58
41 54 59
33 54 60
23 54 61
33 54 62
34 54 63
42 54 64
37 54 65
28 54 66
33 54 67
28 54 68
26 54 69
24 54 70
38 54 71
29 54 72
33 54 73
19 54 74
20 54 75
23 54 76
32 54 77
38 54 78
26 54 79
29 54 80
30 54 81
31 54 82
26 54 83
28 54 84
30 54 85
33 54 86
20 54 87
30 54 88
22 54 89
25 54 90
32 54 91
36 54 92
35 54 93
26 54 94
37 54 95
30 54 96
25 54 97
31 54 98
24 54 99
32 54 100
44 55 1
24 55 2
30 55 3
32 55 4
32 55 5
33 55 6
37 55 7
37 55 8
39 55 9
36 55 10
25 55 11
21 55 12
24 55 13
43 55 14
23 55 15
31 55 16
26 55 17
37 55 18
35 55 19
34 55 20
21 55 21
24 55 22
26 55 23
46 55 24
29 55 25
37 55 26
30 55 27
20 55 28
44 55 29
31 55 30
36 55 31
23 55 32
34 55 33
25 55 34
34 55 35
21 55 36
26 55 37
28 55 38
35 55 39
35 55 40
30 55 41
25 55 42
23 55 43
28 55 44
26 55 45
26 55 46
24 55 47
26 55 48
22 55 49
30 55 50
40 55 51
27 55 52
30 55 53
23 55 54
87 55 55
25 55 56
22 55 57
28 55 58
28 55 59
39 55 60
32 55 61
33 55 62
28 55 63
33 55 64
29 55 65
49 55 66
35 55 67
41 55 68
30 55 69
36 55 70
26 55 71
32 55 72
33 55 73
23 55 74
53 55 75
25 55 76
40 55 77
25 55 78
28 55 79
39 55 80
26 55 81
42 55 82
40 55 83
51 55 84
31 55 85
29 55 86
26 55 87
29 55 88
24 55 89
25 55 90
29 55 91
30 55 92
24 55 93
46 55 94
27 55 95
23 55 96
43 55 97
25 55 98
31 55 99
28 55 100
22 56 1
34 56 2
30 56 3
29 56 4
27 56 5
22 56 6
23 56 7
24 56 8
29 56 9
25 56 10
35 56 11
30 56 12
35 56 13
23 56 14
15 56 15
29 56 16
43 56 17
40 56 18
37 56 19
30 56 20
31 56 21
30 56 22
31 56 23
16 56 24
47 56 25
43 56 26
23 56 27
25 56 28
20 56 29
29 56 30
26 56 31
28 56 32
30 56 33
36 56 34
33 56 35
32 56 36
48 56 37
30 56 38
34 56 39
23 56 40
28 56 41
31 56 42
34 56 43
32 56 44
27 56 45
33 56 46
34 56 47
27 56 48
33 56 49
20 56 50
30 56 51
38 56 52
28 56 53
47 56 54
23 56 55
82 56 56
29 56 57
48 56 58
39 56 59
28 56 60
34 56 61
35 56 62
24 56 63
36 56 64
34 56 65
24 56 66
30 56 67
25 56 68
28 56 69
33 56 70
31 56 71
27 56 72
18 56 73
30 56 74
28 56 75
32 56 76
24 56 77
35 56 78
26 56 79
26 56 80
21 56 81
30 56 82
20 56 83
30 56 84
31 56 85
27 56 86
29 56 87
32 56 88
18 56 89
23 56 90
26 56 91
34 56 92
38 56 93
20 56 94
30 56 95
29 56 96
28 56 97
26 56 98
30 56 99
40 56 100
35 57 1
26 57 2
31 57 3
35 57 4
35 57 5
47 57 6
35 57 7
41 57 8
31 57 9
37 57 10
25 57 11
29 57 12
37 57 13
30 57 14
34 57 15
31 57 16
30 57 17
35 57 18
28 57 19
38 57 20
44 57 21
25 57 22
29 57 23
30 57 24
28 57 25
28 57 26
32 57 27
37 57 28
30 57 29
21 57 30
25 57 31
30 57 32
39 57 33
22 57 34
32 57 35
41 57 36
33 57 37
38 57 38
44 57 39
16 57 40
32 57 41
44 57 42
39 57 43
47 57 44
23 57 45
33 57 46
28 57 47
31 57 48
22 57 49
48 57 50
32 57 51
34 57 52
33 57 53
33 57 54
27 57 55
30 57 56
76 57 57
30 57 58
33 57 59
38 57 60
24 57 61
40 57 62
21 57 63
31 57 64
34 57 65
40 57 66
33 57 67
18 57 68
28 57 69
37 57 70
29 57 71
35 57 72
27 57 73
29 57 74
29 57 75
36 57 76
31 57 77
51 57 78
41 57 79
34 57 80
35 57 81
23 57 82
36 57 83
30 57 84
43 57 85
40 57 86
33 57 87
37 57 88
26 57 89
33 57 90
27 57 91
30 57 92
38 57 93
25 57 94
42 57 95
32 57 96
30 57 97
35 57 98
34 57 99
28 57 100
32 58 1
33 58 2
23 58 3
29 58 4
29 58 5
31 58 6
31 58 7
24 58 8
35 58 9
27 58 10
28 58 11
27 58 12
35 58 13
25 58 14
33 58 15
27 58 16
31 58 17
44 58 18
27 58 19
33 58 20
30 58 21
33 58 22
32 58 23
27 58 24
29 58 25
42 58 26
19 58 27
32 58 28
31 58 29
30 58 30
26 58 31
22 58 32
34 58 33
38 58 34
38 58 35
43 58 36
37 58 37
26 58 38
35 58 39
31 58 40
24 58 41
32 58 42
32 58 43
36 58 44
39 58 45
37 58 46
34 58 47
40 58 48
47 58 49
30 58 50
26 58 51
31 58 52
28 58 53
39 58 54
29 58 55
40 58 56
31 58 57
82 58 58
45 58 59
38 58 60
30 58 61
33 58 62
25 58 63
43 58 64
31 58 65
35 58 66
30 58 67
29 58 68
30 58 69
34 58 70
32 58 71
34 58 72
27 58 73
33 58 74
22 58 75
21 58 76
33 58 77
41 58 78
28 58 79
33 58 80
30 58 81
29 58 82
32 58 83
31 58 84
33 58 85
35 58 86
33 58 87
39 58 88
35 58 89
39 58 90
23 58 91
32 58 92
41 58 93
25 58 94
28 58 95
32 58 96
24 58 97
35 58 98
30 58 99
31 58 100
26 59 1
43 59 2
22 59 3
29 59 4
33 59 5
25 59 6
29 59 7
30 59 8
31 59 9
39 59 10
36 59 11
37 59 12
35 59 13
24 59 14
29 59 15
29 59 16
37 59 17
31 59 18
30 59 19
36 59 20
24 59 21
28 59 22
44 59 23
38 59 24
30 59 25
35 59 26
22 59 27
31 59 28
30 59 29
26 59 30
35 59 31
27 59 32
33 59 33
36 59 34
36 59 35
41 59 36
53 59 37
30 59 38
28 59 39
29 59 40
25 59 41
27 59 42
30 59 43
34 59 44
35 59 45
41 59 46
39 59 47
37 59 48
35 59 49
28 59 50
28 59 51
23 59 52
39 59 53
42 59 54
30 59 55
38 59 56
30 59 57
43 59 58
86 59 59
29 59 60
22 59 61
41 59 62
23 59 63
37 59 64
24 59 65
28 59 66
31 59 67
28 59 68
25 59 69
37 59 70
36 59 71
20 59 72
21 59 73
32 59 74
32 59 75
31 59 76
28 59 77
36 59 78
31 59 79
25 59 80
27 59 81
22 59 82
18 59 83
40 59 84
25 59 85
24 59 86
34 59 87
27 59 88
32 59 89
37 59 90
27 59 91
33 59 92
28 59 93
20 59 94
30 59 95
34 59 96
25 59 97
32 59 98
35 59 99
37 59 100
37 60 1
29 60 2
33 60 3
25 60 4
24 60 5
31 60 6
26 60 7
32 60 8
35 60 9
34 60 10
27 60 11
36 60 12
31 60 13
36 60 14
32 60 15
27 60 16
26 60 17
27 60 18
30 60 19
23 60 20
39 60 21
27 60 22
31 60 23
28 60 24
36 60 25
30 60 26
22 60 27
45 60 28
32 60 29
24 60 30
26 60 31
32 60 32
33 60 33
31 60 34
26 60 35
43 60 36
23 60 37
40 60 38
30 60 39
24 60 40
29 60 41
30 60 42
42 60 43
32 60 44
30 60 45
36 60 46
29 60 47
37 60 48
36 60 49
41 60 50
32 60 51
29 60 52
26 60 53
27 60 54
35 60 55
28 60 56
35 60 57
32 60 58
30 60 59
79 60 60
30 60 61
20 60 62
28 60 63
32 60 64
32 60 65
31 60 66
36 60 67
27 60 68
25 60 69
29 60 70
19 60 71
27 60 72
29 60 73
27 60 74
23 60 75
38 60 76
34 60 77
29 60 78
27 60 79
34 60 80
27 60 81
31 60 82
31 60 83
26 60 84
29 60 85
48 60 86
30 60 87
36 60 88
34 60 89
30 60 90
26 60 91
27 60 92
24 60 93
32 60 94
39 60 95
38 60 96
33 60 97
33 60 98
32 60 99
27 60 100
37 61 1
21 61 2
29 61 3
25 61 4
23 61 5
41 61 6
29 61 7
26 61 8
20 61 9
24 61 10
27 61 11
34 61 12
45 61 13
28 61 14
23 61 15
33 61 16
30 61 17
21 61 18
33 61 19
25 61 20
34 61 21
39 61 22
26 61 23
32 61 24
24 61 25
26 61 26
32 61 27
33 61 28
26 61 29
34 61 30
28 61 31
29 61 32
42 61 33
26 61 34
21 61 35
35 61 36
26 61 37
41 61 38
41 61 39
23 61 40
37 61 41
28 61 42
43 61 43
28 61 44
35 61 45
26 61 46
23 61 47
31 61 48
28 61 49
33 61 50
31 61 51
35 61 52
26 61 53
25 61 54
26 61 55
26 61 56
32 61 57
31 61 58
27 61 59
36 61 60
89 61 61
25 61 62
25 61 63
22 61 64
31 61 65
23 61 66
27 61 67
19 61 68
27 61 69
32 61 70
26 61 71
31 61 72
26 61 73
32 61 74
24 61 75
34 61 76
26 61 77
20 61 78
37 61 79
20 61 80
41 61 81
29 61 82
38 61 83
18 61 84
46 61 85
36 61 86
36 61 87
26 61 88
23 61 89
26 61 90
26 61 91
16 61 92
29 61 93
23 61 94
35 61 95
30 61 96
30 61 97
40 61 98
33 61 99
28 61 100
30 62 1
31 62 2
33 62 3
32 62 4
30 62 5
31 62 6
32 62 7
31 62 8
39 62 9
38 62 10
27 62 11
36 62 12
33 62 13
22 62 14
31 62 15
31 62 16
42 62 17
35 62 18
31 62 19
45 62 20
31 62 21
34 62 22
36 62 23
32 62 24
35 62 25
39 62 26
31 62 27
24 62 28
34 62 29
38 62 30
34 62 31
33 62 32
30 62 33
29 62 34
28 62 35
44 62 36
41 62 37
34 62 38
34 62 39
31 62 40
38 62 41
36 62 42
33 62 43
33 62 44
32 62 45
32 62 46
40 62 47
35 62 48
34 62 49
29 62 50
24 62 51
51 62 52
31 62 53
37 62 54
34 62 55
31 62 56
39 62 57
36 62 58
36 62 59
42 62 60
27 62 61
85 62 62
30 62 63
47 62 64
28 62 65
36 62 66
35 62 67
31 62 68
30 62 69
31 62 70
23 62 71
35 62 72
27 62 73
31 62 74
30 62 75
44 62 76
32 62 77
47 62 78
31 62 79
24 62 80
28 62 81
22 62 82
30 62 83
36 62 84
32 62 85
35 62 86
32 62 87
42 62 88
29 62 89
30 62 90
27 62 91
27 62 92
37 62 93
28 62 94
35 62 95
33 62 96
22 62 97
40 62 98
46 62 99
26 62 100
31 63 1
36 63 2
36 63 3
42 63 4
30 63 5
28 63 6
35 63 7
30 63 8
26 63 9
32 63 10
30 63 11
35 63 12
32 63 13
51 63 14
28 63 15
34 63 16
36 63 17
28 63 18
45 63 19
33 63 20
36 63 21
38 63 22
30 63 23
26 63 24
26 63 25
32 63 26
34 63 27
27 63 28
27 63 29
22 63 30
22 63 31
36 63 32
27 63 33
36 63 34
27 63 35
33 63 36
34 63 37
38 63 38
35 63 39
25 63 40
49 63 41
30 63 42
25 63 43
26 63 44
27 63 45
40 63 46
38 63 47
30 63 48
30 63 49
25 63 50
31 63 51
27 63 52
31 63 53
30 63 54
26 63 55
20 63 56
30 63 57
24 63 58
31 63 59
30 63 60
26 63 61
30 63 62
104 63 63
27 63 64
27 63 65
24 63 66
34 63 67
29 63 68
33 63 69
32 63 70
44 63 71
41 63 72
19 63 73
41 63 74
28 63 75
30 63 76
32 63 77
33 63 78
33 63 79
40 63 80
30 63 81
35 63 82
34 63 83
20 63 84
34 63 85
32 63 86
34 63 87
24 63 88
28 63 89
38 63 90
46 63 91
36 63 92
28 63 93
25 63 94
26 63 95
25 63 96
23 63 97
32 63 98
36 63 99
26 63 100
28 64 1
25 64 2
27 64 3
18 64 4
21 64 5
32 64 6
27 64 7
26 64 8
22 64 9
33 64 10
31 64 11
33 64 12
24 64 13
25 64 14
25 64 15
23 64 16
35 64 17
34 64 18
31 64 19
25 64 20
19 64 21
35 64 22
29 64 23
22 64 24
28 64 25
46 64 26
28 64 27
35 64 28
27 64 29
31 64 30
21 64 31
25 64 32
33 64 33
25 64 34
41 64 35
45 64 36
45 64 37
26 64 38
40 64 39
32 64 40
26 64 41
33 64 42
30 64 43
34 64 44
23 64 45
30 64 46
34 64 47
28 64 48
36 64 49
24 64 50
18 64 51
38 64 52
32 64 53
40 64 54
24 64 55
36 64 56
25 64 57
40 64 58
31 64 59
24 64 60
22 64 61
29 64 62
22 64 63
89 64 64
35 64 65
27 64 66
36 64 67
30 64 68
28 64 69
26 64 70
32 64 71
25 64 72
30 64 73
30 64 74
15 64 75
30 64 76
34 64 77
26 64 78
34 64 79
23 64 80
29 64 81
22 64 82
23 64 83
35 64 84
29 64 85
22 64 86
35 64 87
31 64 88
28 64 89
27 64 90
29 64 91
28 64 92
38 64 93
28 64 94
31 64 95
29 64 96
22 64 97
36 64 98
24 64 99
27 64 100
32 65 1
30 65 2
29 65 3
21 65 4
27 65 5
40 65 6
29 65 7
31 65 8
34 65 9
36 65 10
23 65 11
39 65 12
27 65 13
25 65 14
25 65 15
25 65 16
31 65 17
42 65 18
24 65 19
30 65 20
38 65 21
40 65 22
29 65 23
12 65 24
28 65 25
31 65 26
39 65 27
38 65 28
27 65 29
27 65 30
22 65 31
35 65 32
43 65 33
27 65 34
32 65 35
41 65 36
38 65 37
43 65 38
45 65 39
25 65 40
31 65 41
40 65 42
44 65 43
32 65 44
33 65 45
35 65 46
28 65 47
27 65 48
21 65 49
40 65 50
25 65 51
43 65 52
28 65 53
41 65 54
25 65 55
37 65 56
36 65 57
31 65 58
32 65 59
35 65 60
44 65 61
36 65 62
26 65 63
41 65 64
77 65 65
27 65 66
47 65 67
22 65 68
24 65 69
37 65 70
25 65 71
28 65 72
17 65 73
26 65 74
32 65 75
39 65 76
25 65 77
29 65 78
31 65 79
28 65 80
31 65 81
33 65 82
28 65 83
20 65 84
46 65 85
40 65 86
41 65 87
37 65 88
36 65 89
31 65 90
30 65 91
29 65 92
33 65 93
21 65 94
49 65 95
45 65 96
27 65 97
42 65 98
39 65 99
27 65 100
28 66 1
28 66 2
29 66 3
32 66 4
37 66 5
32 66 6
30 66 7
35 66 8
35 66 9
48 66 10
22 66 11
23 66 12
20 66 13
25 66 14
23 66 15
38 66 16
26 66 17
28 66 18
35 66 19
31 66 20
26 66 21
20 66 22
25 66 23
34 66 24
19 66 25
25 66 26
26 66 27
28 66 28
35 66 29
38 66 30
31 66 31
23 66 32
21 66 33
21 66 34
26 66 35
21 66 36
18 66 37
27 66 38
26 66 39
31 66 40
28 66 41
28 66 42
19 66 43
26 66 44
25 66 45
19 66 46
28 66 47
29 66 48
21 66 49
27 66 50
44 66 51
26 66 52
36 66 53
23 66 54
52 66 55
20 66 56
29 66 57
22 66 58
23 66 59
35 66 60
23 66 61
33 66 62
22 66 63
27 66 64
26 66 65
97 66 66
24 66 67
39 66 68
26 66 69
30 66 70
30 66 71
30 66 72
33 66 73
19 66 74
37 66 75
22 66 76
33 66 77
20 66 78
26 66 79
31 66 80
32 66 81
40 66 82
36 66 83
42 66 84
27 66 85
30 66 86
36 66 87
22 66 88
18 66 89
27 66 90
24 66 91
28 66 92
25 66 93
38 66 94
27 66 95
36 66 96
43 66 97
25 66 98
18 66 99
24 66 100
31 67 1
36 67 2
18 67 3
24 67 4
21 67 5
34 67 6
27 67 7
33 67 8
28 67 9
30 67 10
38 67 11
33 67 12
38 67 13
18 67 14
23 67 15
22 67 16
33 67 17
35 67 18
23 67 19
32 67 20
38 67 21
32 67 22
32 67 23
27 67 24
42 67 25
36 67 26
25 67 27
28 67 28
27 67 29
26 67 30
30 67 31
37 67 32
31 67 33
31 67 34
41 67 35
29 67 36
33 67 37
30 67 38
38 67 39
16 67 40
21 67 41
30 67 42
37 67 43
26 67 44
30 67 45
31 67 46
26 67 47
27 67 48
25 67 49
31 67 50
27 67 51
35 67 52
22 67 53
27 67 54
26 67 55
42 67 56
38 67 57
24 67 58
30 67 59
42 67 60
33 67 61
37 67 62
28 67 63
28 67 64
32 67 65
26 67 66
65 67 67
31 67 68
26 67 69
34 67 70
26 67 71
28 67 72
20 67 73
26 67 74
29 67 75
34 67 76
32 67 77
39 67 78
33 67 79
23 67 80
47 67 81
29 67 82
20 67 83
22 67 84
27 67 85
36 67 86
35 67 87
41 67 88
29 67 89
28 67 90
20 67 91
31 67 92
23 67 93
26 67 94
36 67 95
32 67 96
24 67 97
30 67 98
21 67 99
30 67 100
25 68 1
33 68 2
28 68 3
27 68 4
35 68 5
18 68 6
35 68 7
38 68 8
46 68 9
24 68 10
26 68 11
25 68 12
22 68 13
30 68 14
21 68 15
26 68 16
18 68 17
33 68 18
21 68 19
26 68 20
25 68 21
33 68 22
23 68 23
35 68 24
27 68 25
24 68 26
17 68 27
29 68 28
43 68 29
34 68 30
35 68 31
32 68 32
25 68 33
20 68 34
24 68 35
30 68 36
21 68 37
17 68 38
29 68 39
43 68 40
30 68 41
20 68 42
15 68 43
29 68 44
19 68 45
33 68 46
19 68 47
31 68 48
28 68 49
16 68 50
41 68 51
23 68 52
32 68 53
30 68 54
47 68 55
23 68 56
24 68 57
26 68 58
24 68 59
37 68 60
15 68 61
20 68 62
31 68 63
30 68 64
16 68 65
38 68 66
30 68 67
89 68 68
32 68 69
26 68 70
36 68 71
30 68 72
46 68 73
28 68 74
24 68 75
20 68 76
43 68 77
32 68 78
24 68 79
36 68 80
32 68 81
27 68 82
35 68 83
42 68 84
21 68 85
19 68 86
22 68 87
37 68 88
20 68 89
29 68 90
27 68 91
26 68 92
18 68 93
40 68 94
21 68 95
31 68 96
37 68 97
24 68 98
26 68 99
28 68 100
20 69 1
33 69 2
26 69 3
28 69 4
27 69 5
21 69 6
25 69 7
26 69 8
31 69 9
26 69 10
31 69 11
32 69 12
25 69 13
28 69 14
34 69 15
22 69 16
20 69 17
20 69 18
24 69 19
27 69 20
21 69 21
23 69 22
25 69 23
27 69 24
32 69 25
29 69 26
18 69 27
23 69 28
33 69 29
24 69 30
25 69 31
30 69 32
15 69 33
27 69 34
31 69 35
17 69 36
16 69 37
31 69 38
20 69 39
22 69 40
26 69 41
18 69 42
21 69 43
27 69 44
34 69 45
33 69 46
32 69 47
31 69 48
31 69 49
27 69 50
24 69 51
22 69 52
25 69 53
20 69 54
27 69 55
28 69 56
26 69 57
25 69 58
20 69 59
17 69 60
19 69 61
30 69 62
28 69 63
33 69 64
25 69 65
21 69 66
23 69 67
32 69 68
84 69 69
21 69 70
34 69 71
27 69 72
30 69 73
29 69 74
24 69 75
26 69 76
30 69 77
27 69 78
30 69 79
37 69 80
22 69 81
23 69 82
35 69 83
28 69 84
19 69 85
26 69 86
26 69 87
23 69 88
24 69 89
24 69 90
38 69 91
26 69 92
27 69 93
26 69 94
27 69 95
26 69 96
22 69 97
29 69 98
25 69 99
27 69 100
27 70 1
32 70 2
25 70 3
41 70 4
43 70 5
25 70 6
28 70 7
35 70 8
31 70 9
33 70 10
25 70 11
35 70 12
33 70 13
29 70 14
44 70 15
40 70 16
40 70 17
24 70 18
42 70 19
39 70 20
14 70 21
22 70 22
49 70 23
27 70 24
33 70 25
31 70 26
35 70 27
27 70 28
27 70 29
26 70 30
30 70 31
24 70 32
26 70 33
36 70 34
28 70 35
32 70 36
32 70 37
32 70 38
28 70 39
27 70 40
41 70 41
37 70 42
31 70 43
17 70 44
35 70 45
34 70 46
43 70 47
27 70 48
31 70 49
26 70 50
35 70 51
36 70 52
42 70 53
27 70 54
31 70 55
39 70 56
34 70 57
22 70 58
35 70 59
38 70 60
29 70 61
33 70 62
26 70 63
29 70 64
22 70 65
36 70 66
30 70 67
21 70 68
29 70 69
86 70 70
23 70 71
34 70 72
25 70 73
33 70 74
31 70 75
24 70 76
32 70 77
30 70 78
30 70 79
36 70 80
22 70 81
23 70 82
25 70 83
20 70 84
25 70 85
23 70 86
26 70 87
28 70 88
32 70 89
31 70 90
38 70 91
38 70 92
26 70 93
32 70 94
31 70 95
39 70 96
30 70 97
35 70 98
31 70 99
28 70 100
30 71 1
43 71 2
29 71 3
44 71 4
44 71 5
27 71 6
37 71 7
28 71 8
33 71 9
32 71 10
25 71 11
36 71 12
27 71 13
32 71 14
32 71 15
37 71 16
32 71 17
32 71 18
48 71 19
27 71 20
36 71 21
26 71 22
34 71 23
25 71 24
28 71 25
33 71 26
30 71 27
28 71 28
37 71 29
30 71 30
29 71 31
30 71 32
32 71 33
24 71 34
31 71 35
25 71 36
33 71 37
26 71 38
35 71 39
31 71 40
39 71 41
31 71 42
35 71 43
37 71 44
24 71 45
29 71 46
43 71 47
29 71 48
31 71 49
20 71 50
38 71 51
27 71 52
39 71 53
34 71 54
34 71 55
36 71 56
28 71 57
34 71 58
40 71 59
28 71 60
21 71 61
32 71 62
49 71 63
42 71 64
24 71 65
30 71 66
34 71 67
39 71 68
31 71 69
40 71 70
92 71 71
36 71 72
27 71 73
29 71 74
30 71 75
31 71 76
35 71 77
33 71 78
37 71 79
38 71 80
33 71 81
22 71 82
29 71 83
33 71 84
24 71 85
25 71 86
29 71 87
22 71 88
27 71 89
36 71 90
41 71 91
42 71 92
28 71 93
24 71 94
26 71 95
35 71 96
23 71 97
29 71 98
26 71 99
34 71 100
28 72 1
26 72 2
51 72 3
32 72 4
29 72 5
26 72 6
39 72 7
30 72 8
25 72 9
23 72 10
30 72 11
28 72 12
27 72 13
45 72 14
42 72 15
27 72 16
28 72 17
22 72 18
38 72 19
21 72 20
32 72 21
35 72 22
29 72 23
31 72 24
28 72 25
25 72 26
32 72 27
21 72 28
25 72 29
31 72 30
22 72 31
42 72 32
31 72 33
33 72 34
25 72 35
28 72 36
35 72 37
36 72 38
32 72 39
23 72 40
39 72 41
28 72 42
29 72 43
27 72 44
32 72 45
32 72 46
49 72 47
30 72 48
23 72 49
30 72 50
35 72 51
32 72 52
32 72 53
34 72 54
33 72 55
32 72 56
26 72 57
31 72 58
17 72 59
24 72 60
27 72 61
25 72 62
35 72 63
32 72 64
34 72 65
23 72 66
19 72 67
33 72 68
34 72 69
27 72 70
40 72 71
92 72 72
33 72 73
26 72 74
24 72 75
28 72 76
29 72 77
38 72 78
30 72 79
37 72 80
21 72 81
26 72 82
28 72 83
21 72 84
30 72 85
29 72 86
38 72 87
21 72 88
37 72 89
37 72 90
45 72 91
29 72 92
38 72 93
27 72 94
31 72 95
26 72 96
28 72 97
27 72 98
34 72 99
39 72 100
30 73 1
27 73 2
34 73 3
19 73 4
30 73 5
23 73 6
33 73 7
30 73 8
34 73 9
20 73 10
26 73 11
23 73 12
23 73 13
29 73 14
22 73 15
25 73 16
25 73 17
33 73 18
29 73 19
28 73 20
32 73 21
22 73 22
22 73 23
41 73 24
22 73 25
31 73 26
29 73 27
24 73 28
28 73 29
43 73 30
37 73 31
26 73 32
19 73 33
24 73 34
25 73 35
27 73 36
36 73 37
29 73 38
22 73 39
42 73 40
31 73 41
32 73 42
27 73 43
30 73 44
23 73 45
33 73 46
28 73 47
30 73 48
30 73 49
30 73 50
29 73 51
17 73 52
40 73 53
33 73 54
38 73 55
28 73 56
21 73 57
28 73 58
28 73 59
30 73 60
21 73 61
27 73 62
23 73 63
38 73 64
17 73 65
29 73 66
23 73 67
53 73 68
34 73 69
29 73 70
24 73 71
33 73 72
98 73 73
29 73 74
35 73 75
28 73 76
28 73 77
32 73 78
24 73 79
36 73 80
26 73 81
35 73 82
31 73 83
37 73 84
31 73 85
21 73 86
15 73 87
18 73 88
22 73 89
30 73 90
24 73 91
19 73 92
29 73 93
35 73 94
20 73 95
20 73 96
35 73 97
29 73 98
26 73 99
31 73 100
31 74 1
34 74 2
32 74 3
19 74 4
33 74 5
20 74 6
28 74 7
26 74 8
26 74 9
25 74 10
30 74 11
32 74 12
37 74 13
18 74 14
20 74 15
27 74 16
35 74 17
26 74 18
36 74 19
26 74 20
27 74 21
42 74 22
34 74 23
22 74 24
42 74 25
34 74 26
28 74 27
21 74 28
17 74 29
38 74 30
28 74 31
30 74 32
31 74 33
38 74 34
30 74 35
25 74 36
27 74 37
28 74 38
25 74 39
32 74 40
25 74 41
29 74 42
33 74 43
29 74 44
29 74 45
37 74 46
34 74 47
28 74 48
42 74 49
19 74 50
21 74 51
24 74 52
26 74 53
22 74 54
28 74 55
24 74 56
26 74 57
30 74 58
30 74 59
21 74 60
27 74 61
25 74 62
34 74 63
27 74 64
23 74 65
18 74 66
31 74 67
25 74 68
35 74 69
30 74 70
32 74 71
32 74 72
26 74 73
85 74 74
23 74 75
40 74 76
20 74 77
26 74 78
26 74 79
26 74 80
25 74 81
26 74 82
23 74 83
28 74 84
29 74 85
26 74 86
33 74 87
24 74 88
43 74 89
27 74 90
32 74 91
34 74 92
31 74 93
32 74 94
26 74 95
36 74 96
19 74 97
29 74 98
40 74 99
38 74 100
32 75 1
26 75 2
24 75 3
38 75 4
31 75 5
25 75 6
36 75 7
46 75 8
39 75 9
46 75 10
21 75 11
20 75 12
21 75 13
40 75 14
26 75 15
40 75 16
29 75 17
24 75 18
35 75 19
30 75 20
26 75 21
26 75 22
37 75 23
35 75 24
28 75 25
28 75 26
28 75 27
37 75 28
38 75 29
32 75 30
44 75 31
28 75 32
33 75 33
32 75 34
31 75 35
20 75 36
25 75 37
34 75 38
31 75 39
36 75 40
37 75 41
35 75 42
35 75 43
23 75 44
25 75 45
26 75 46
34 75 47
29 75 48
22 75 49
35 75 50
43 75 51
37 75 52
31 75 53
27 75 54
57 75 55
18 75 56
30 75 57
22 75 58
37 75 59
36 75 60
28 75 61
20 75 62
23 75 63
25 75 64
28 75 65
53 75 66
36 75 67
44 75 68
26 75 69
38 75 70
35 75 71
36 75 72
35 75 73
22 75 74
87 75 75
25 75 76
40 75 77
28 75 78
27 75 79
34 75 80
34 75 81
40 75 82
40 75 83
41 75 84
29 75 85
33 75 86
30 75 87
29 75 88
35 75 89
36 75 90
30 75 91
26 75 92
20 75 93
42 75 94
28 75 95
30 75 96
44 75 97
28 75 98
32 75 99
21 75 100
41 76 1
24 76 2
25 76 3
18 76 4
15 76 5
34 76 6
35 76 7
35 76 8
26 76 9
20 76 10
44 76 11
24 76 12
39 76 13
21 76 14
21 76 15
24 76 16
25 76 17
41 76 18
23 76 19
33 76 20
46 76 21
33 76 22
28 76 23
26 76 24
36 76 25
39 76 26
36 76 27
27 76 28
33 76 29
24 76 30
30 76 31
37 76 32
34 76 33
40 76 34
35 76 35
36 76 36
31 76 37
43 76 38
37 76 39
25 76 40
29 76 41
33 76 42
43 76 43
48 76 44
35 76 45
32 76 46
31 76 47
41 76 48
42 76 49
28 76 50
18 76 51
33 76 52
26 76 53
37 76 54
29 76 55
33 76 56
32 76 57
31 76 58
28 76 59
35 76 60
40 76 61
39 76 62
34 76 63
29 76 64
33 76 65
26 76 66
40 76 67
27 76 68
38 76 69
29 76 70
33 76 71
22 76 72
34 76 73
35 76 74
32 76 75
96 76 76
26 76 77
22 76 78
44 76 79
32 76 80
43 76 81
35 76 82
27 76 83
28 76 84
43 76 85
34 76 86
42 76 87
26 76 88
34 76 89
28 76 90
32 76 91
31 76 92
36 76 93
29 76 94
33 76 95
32 76 96
33 76 97
31 76 98
34 76 99
28 76 100
29 77 1
36 77 2
34 77 3
31 77 4
38 77 5
28 77 6
30 77 7
51 77 8
28 77 9
34 77 10
24 77 11
23 77 12
28 77 13
26 77 14
24 77 15
31 77 16
31 77 17
33 77 18
31 77 19
30 77 20
24 77 21
27 77 22
36 77 23
49 77 24
27 77 25
27 77 26
28 77 27
38 77 28
27 77 29
29 77 30
19 77 31
30 77 32
29 77 33
26 77 34
19 77 35
25 77 36
30 77 37
37 77 38
25 77 39
23 77 40
24 77 41
29 77 42
36 77 43
25 77 44
30 77 45
27 77 46
24 77 47
35 77 48
29 77 49
31 77 50
39 77 51
32 77 52
26 77 53
32 77 54
42 77 55
30 77 56
33 77 57
22 77 58
29 77 59
38 77 60
24 77 61
35 77 62
20 77 63
29 77 64
23 77 65
29 77 66
37 77 67
48 77 68
32 77 69
37 77 70
29 77 71
30 77 72
31 77 73
30 77 74
45 77 75
26 77 76
89 77 77
32 77 78
36 77 79
34 77 80
28 77 81
30 77 82
44 77 83
36 77 84
31 77 85
24 77 86
38 77 87
32 77 88
24 77 89
22 77 90
26 77 91
28 77 92
27 77 93
34 77 94
30 77 95
31 77 96
42 77 97
30 77 98
25 77 99
21 77 100
23 78 1
36 78 2
27 78 3
26 78 4
30 78 5
28 78 6
31 78 7
30 78 8
37 78 9
35 78 10
34 78 11
35 78 12
28 78 13
24 78 14
38 78 15
27 78 16
38 78 17
29 78 18
36 78 19
34 78 20
29 78 21
34 78 22
36 78 23
33 78 24
29 78 25
28 78 26
23 78 27
29 78 28
34 78 29
23 78 30
31 78 31
30 78 32
31 78 33
23 78 34
32 78 35
44 78 36
36 78 37
30 78 38
31 78 39
32 78 40
29 78 41
34 78 42
29 78 43
27 78 44
34 78 45
30 78 46
28 78 47
35 78 48
34 78 49
29 78 50
39 78 51
36 78 52
30 78 53
26 78 54
29 78 55
26 78 56
42 78 57
30 78 58
35 78 59
20 78 60
25 78 61
39 78 62
25 78 63
46 78 64
32 78 65
26 78 66
40 78 67
44 78 68
29 78 69
32 78 70
31 78 71
32 78 72
28 78 73
21 78 74
31 78 75
26 78 76
37 78 77
82 78 78
25 78 79
25 78 80
29 78 81
29 78 82
34 78 83
33 78 84
16 78 85
29 78 86
25 78 87
39 78 88
29 78 89
37 78 90
26 78 91
29 78 92
26 78 93
28 78 94
33 78 95
42 78 96
24 78 97
33 78 98
28 78 99
36 78 100
37 79 1
30 79 2
22 79 3
33 79 4
29 79 5
39 79 6
44 79 7
39 79 8
29 79 9
20 79 10
40 79 11
29 79 12
37 79 13
28 79 14
32 79 15
26 79 16
35 79 17
30 79 18
35 79 19
35 79 20
46 79 21
24 79 22
30 79 23
28 79 24
35 79 25
46 79 26
28 79 27
26 79 28
26 79 29
24 79 30
36 79 31
30 79 32
44 79 33
40 79 34
42 79 35
36 79 36
37 79 37
34 79 38
41 79 39
31 79 40
42 79 41
28 79 42
39 79 43
40 79 44
47 79 45
30 79 46
30 79 47
33 79 48
39 79 49
39 79 50
18 79 51
38 79 52
36 79 53
37 79 54
35 79 55
34 79 56
31 79 57
34 79 58
35 79 59
22 79 60
34 79 61
30 79 62
36 79 63
37 79 64
37 79 65
22 79 66
42 79 67
26 79 68
34 79 69
24 79 70
38 79 71
31 79 72
30 79 73
31 79 74
21 79 75
49 79 76
36 79 77
34 79 78
74 79 79
29 79 80
46 79 81
28 79 82
28 79 83
26 79 84
36 79 85
35 79 86
40 79 87
31 79 88
37 79 89
27 79 90
27 79 91
34 79 92
37 79 93
29 79 94
48 79 95
28 79 96
25 79 97
50 79 98
42 79 99
36 79 100
28 80 1
38 80 2
37 80 3
41 80 4
45 80 5
25 80 6
28 80 7
26 80 8
31 80 9
33 80 10
27 80 11
24 80 12
31 80 13
47 80 14
35 80 15
45 80 16
24 80 17
21 80 18
41 80 19
20 80 20
23 80 21
25 80 22
34 80 23
43 80 24
27 80 25
24 80 26
26 80 27
25 80 28
36 80 29
25 80 30
35 80 31
28 80 32
29 80 33
24 80 34
37 80 35
22 80 36
21 80 37
26 80 38
25 80 39
28 80 40
53 80 41
27 80 42
16 80 43
14 80 44
33 80 45
31 80 46
29 80 47
23 80 48
27 80 49
23 80 50
43 80 51
27 80 52
41 80 53
24 80 54
33 80 55
24 80 56
33 80 57
31 80 58
31 80 59
21 80 60
24 80 61
28 80 62
39 80 63
29 80 64
21 80 65
33 80 66
26 80 67
31 80 68
36 80 69
25 80 70
41 80 71
37 80 72
31 80 73
28 80 74
30 80 75
22 80 76
32 80 77
34 80 78
26 80 79
88 80 80
21 80 81
31 80 82
29 80 83
45 80 84
24 80 85
23 80 86
22 80 87
20 80 88
29 80 89
39 80 90
32 80 91
33 80 92
26 80 93
31 80 94
20 80 95
20 80 96
33 80 97
32 80 98
39 80 99
16 80 100
48 81 1
22 81 2
24 81 3
31 81 4
27 81 5
31 81 6
43 81 7
32 81 8
29 81 9
17 81 10
26 81 11
27 81 12
41 81 13
36 81 14
24 81 15
23 81 16
31 81 17
38 81 18
29 81 19
31 81 20
32 81 21
33 81 22
30 81 23
36 81 24
26 81 25
35 81 26
37 81 27
32 81 28
39 81 29
28 81 30
22 81 31
28 81 32
37 81 33
28 81 34
28 81 35
33 81 36
33 81 37
21 81 38
44 81 39
24 81 40
37 81 41
34 81 42
39 81 43
25 81 44
32 81 45
28 81 46
27 81 47
30 81 48
27 81 49
32 81 50
27 81 51
29 81 52
26 81 53
29 81 54
31 81 55
29 81 56
36 81 57
25 81 58
18 81 59
39 81 60
50 81 61
40 81 62
26 81 63
30 81 64
35 81 65
30 81 66
50 81 67
21 81 68
21 81 69
27 81 70
32 81 71
27 81 72
30 81 73
33 81 74
28 81 75
35 81 76
30 81 77
29 81 78
38 81 79
26 81 80
75 81 81
26 81 82
33 81 83
37 81 84
34 81 85
37 81 86
32 81 87
33 81 88
32 81 89
31 81 90
25 81 91
37 81 92
30 81 93
29 81 94
35 81 95
34 81 96
26 81 97
30 81 98
26 81 99
28 81 100
27 82 1
24 82 2
42 82 3
41 82 4
28 82 5
22 82 6
41 82 7
28 82 8
36 82 9
33 82 10
26 82 11
23 82 12
26 82 13
31 82 14
31 82 15
32 82 16
27 82 17
28 82 18
35 82 19
30 82 20
25 82 21
29 82 22
24 82 23
40 82 24
26 82 25
26 82 26
31 82 27
23 82 28
49 82 29
31 82 30
40 82 31
31 82 32
28 82 33
32 82 34
26 82 35
23 82 36
22 82 37
26 82 38
25 82 39
35 82 40
28 82 41
24 82 42
21 82 43
29 82 44
30 82 45
29 82 46
31 82 47
29 82 48
19 82 49
32 82 50
33 82 51
32 82 52
29 82 53
22 82 54
46 82 55
26 82 56
26 82 57
21 82 58
20 82 59
28 82 60
48 82 61
18 82 62
37 82 63
25 82 64
39 82 65
41 82 66
26 82 67
30 82 68
27 82 69
23 82 70
23 82 71
29 82 72
34 82 73
25 82 74
41 82 75
24 82 76
36 82 77
35 82 78
27 82 79
40 82 80
36 82 81
94 82 82
34 82 83
28 82 84
22 82 85
34 82 86
37 82 87
23 82 88
32 82 89
32 82 90
23 82 91
27 82 92
22 82 93
47 82 94
29 82 95
31 82 96
41 82 97
28 82 98
32 82 99
40 82 100
40 83 1
22 83 2
30 83 3
23 83 4
29 83 5
26 83 6
26 83 7
31 83 8
36 83 9
28 83 10
27 83 11
23 83 12
26 83 13
29 83 14
27 83 15
24 83 16
29 83 17
37 83 18
28 83 19
31 83 20
29 83 21
33 83 22
26 83 23
49 83 24
30 83 25
27 83 26
35 83 27
29 83 28
36 83 29
43 83 30
52 83 31
26 83 32
25 83 33
25 83 34
33 83 35
26 83 36
22 83 37
31 83 38
25 83 39
45 83 40
28 83 41
31 83 42
21 83 43
27 83 44
27 83 45
26 83 46
28 83 47
33 83 48
20 83 49
29 83 50
28 83 51
30 83 52
26 83 53
25 83 54
37 83 55
31 83 56
31 83 57
29 83 58
24 83 59
37 83 60
33 83 61
26 83 62
17 83 63
30 83 64
30 83 65
34 83 66
34 83 67
50 83 68
32 83 69
29 83 70
25 83 71
32 83 72
37 83 73
20 83 74
31 83 75
22 83 76
37 83 77
38 83 78
25 83 79
32 83 80
26 83 81
34 83 82
83 83 83
45 83 84
26 83 85
34 83 86
21 83 87
31 83 88
32 83 89
26 83 90
21 83 91
32 83 92
23 83 93
46 83 94
37 83 95
21 83 96
42 83 97
25 83 98
31 83 99
24 83 100
27 84 1
33 84 2
30 84 3
39 84 4
30 84 5
35 84 6
37 84 7
42 84 8
47 84 9
39 84 10
31 84 11
23 84 12
33 84 13
34 84 14
24 84 15
35 84 16
29 84 17
23 84 18
31 84 19
27 84 20
21 84 21
24 84 22
33 84 23
51 84 24
28 84 25
33 84 26
28 84 27
23 84 28
44 84 29
28 84 30
31 84 31
29 84 32
25 84 33
28 84 34
31 84 35
28 84 36
25 84 37
22 84 38
22 84 39
41 84 40
29 84 41
26 84 42
22 84 43
25 84 44
28 84 45
24 84 46
31 84 47
37 84 48
29 84 49
24 84 50
33 84 51
23 84 52
37 84 53
28 84 54
39 84 55
24 84 56
21 84 57
28 84 58
39 84 59
36 84 60
26 84 61
22 84 62
18 84 63
28 84 64
26 84 65
40 84 66
38 84 67
44 84 68
33 84 69
37 84 70
37 84 71
21 84 72
39 84 73
25 84 74
33 84 75
30 84 76
40 84 77
27 84 78
20 84 79
50 84 80
40 84 81
30 84 82
31 84 83
90 84 84
24 84 85
25 84 86
22 84 87
43 84 88
31 84 89
28 84 90
34 84 91
32 84 92
24 84 93
35 84 94
33 84 95
30 84 96
33 84 97
26 84 98
20 84 99
28 84 100
41 85 1
22 85 2
33 85 3
26 85 4
25 85 5
45 85 6
33 85 7
33 85 8
29 85 9
22 85 10
28 85 11
28 85 12
31 85 13
33 85 14
26 85 15
37 85 16
30 85 17
32 85 18
23 85 19
33 85 20
40 85 21
34 85 22
23 85 23
27 85 24
33 85 25
32 85 26
48 85 27
30 85 28
24 85 29
26 85 30
25 85 31
36 85 32
33 85 33
39 85 34
28 85 35
27 85 36
28 85 37
39 85 38
39 85 39
20 85 40
30 85 41
32 85 42
41 85 43
34 85 44
28 85 45
32 85 46
28 85 47
28 85 48
35 85 49
38 85 50
35 85 51
37 85 52
17 85 53
36 85 54
34 85 55
32 85 56
34 85 57
35 85 58
26 85 59
34 85 60
43 85 61
26 85 62
35 85 63
27 85 64
40 85 65
36 85 66
43 85 67
24 85 68
36 85 69
27 85 70
29 85 71
33 85 72
21 85 73
37 85 74
30 85 75
44 85 76
35 85 77
20 85 78
37 85 79
30 85 80
37 85 81
31 85 82
26 85 83
16 85 84
85 85 85
46 85 86
47 85 87
29 85 88
36 85 89
30 85 90
27 85 91
39 85 92
37 85 93
18 85 94
39 85 95
38 85 96
30 85 97
31 85 98
26 85 99
31 85 100
37 86 1
34 86 2
23 86 3
21 86 4
33 86 5
26 86 6
36 86 7
28 86 8
31 86 9
29 86 10
24 86 11
30 86 12
32 86 13
19 86 14
29 86 15
24 86 16
35 86 17
29 86 18
30 86 19
32 86 20
36 86 21
38 86 22
21 86 23
31 86 24
40 86 25
36 86 26
24 86 27
32 86 28
31 86 29
21 86 30
24 86 31
37 86 32
31 86 33
34 86 34
29 86 35
31 86 36
26 86 37
40 86 38
30 86 39
22 86 40
31 86 41
28 86 42
36 86 43
43 86 44
27 86 45
30 86 46
37 86 47
28 86 48
30 86 49
45 86 50
30 86 51
42 86 52
23 86 53
36 86 54
31 86 55
26 86 56
29 86 57
38 86 58
25 86 59
33 86 60
38 86 61
36 86 62
39 86 63
26 86 64
38 86 65
23 86 66
37 86 67
28 86 68
31 86 69
31 86 70
27 86 71
31 86 72
21 86 73
31 86 74
28 86 75
35 86 76
27 86 77
39 86 78
26 86 79
26 86 80
38 86 81
30 86 82
34 86 83
25 86 84
27 86 85
85 86 86
31 86 87
34 86 88
29 86 89
28 86 90
32 86 91
30 86 92
36 86 93
22 86 94
41 86 95
30 86 96
25 86 97
34 86 98
39 86 99
29 86 100
44 87 1
27 87 2
29 87 3
27 87 4
25 87 5
26 87 6
27 87 7
29 87 8
20 87 9
21 87 10
28 87 11
28 87 12
45 87 13
28 87 14
26 87 15
24 87 16
34 87 17
28 87 18
28 87 19
26 87 20
35 87 21
36 87 22
22 87 23
24 87 24
26 87 25
37 87 26
37 87 27
38 87 28
21 87 29
26 87 30
19 87 31
39 87 32
37 87 33
30 87 34
26 87 35
30 87 36
30 87 37
28 87 38
34 87 39
16 87 40
29 87 41
26 87 42
39 87 43
34 87 44
21 87 45
30 87 46
27 87 47
22 87 48
26 87 49
35 87 50
19 87 51
38 87 52
23 87 53
36 87 54
23 87 55
26 87 56
26 87 57
28 87 58
25 87 59
36 87 60
31 87 61
34 87 62
34 87 63
29 87 64
44 87 65
20 87 66
39 87 67
21 87 68
23 87 69
21 87 70
29 87 71
27 87 72
21 87 73
28 87 74
35 87 75
41 87 76
30 87 77
18 87 78
47 87 79
24 87 80
47 87 81
36 87 82
27 87 83
20 87 84
45 87 85
35 87 86
75 87 87
35 87 88
32 87 89
29 87 90
23 87 91
31 87 92
35 87 93
26 87 94
38 87 95
27 87 96
29 87 97
32 87 98
33 87 99
31 87 100
38 88 1
26 88 2
30 88 3
25 88 4
15 88 5
41 88 6
34 88 7
34 88 8
23 88 9
26 88 10
26 88 11
25 88 12
34 88 13
33 88 14
28 88 15
31 88 16
27 88 17
36 88 18
29 88 19
34 88 20
34 88 21
25 88 22
25 88 23
23 88 24
32 88 25
27 88 26
29 88 27
37 88 28
38 88 29
24 88 30
12 88 31
39 88 32
32 88 33
14 88 34
31 88 35
33 88 36
37 88 37
29 88 38
40 88 39
26 88 40
27 88 41
31 88 42
42 88 43
25 88 44
31 88 45
29 88 46
29 88 47
30 88 48
30 88 49
42 88 50
43 88 51
42 88 52
32 88 53
36 88 54
26 88 55
27 88 56
38 88 57
40 88 58
33 88 59
28 88 60
26 88 61
38 88 62
24 88 63
29 88 64
32 88 65
31 88 66
36 88 67
32 88 68
28 88 69
26 88 70
34 88 71
26 88 72
30 88 73
18 88 74
30 88 75
25 88 76
38 88 77
40 88 78
35 88 79
24 88 80
37 88 81
27 88 82
32 88 83
33 88 84
29 88 85
41 88 86
39 88 87
101 88 88
31 88 89
28 88 90
28 88 91
32 88 92
29 88 93
35 88 94
36 88 95
30 88 96
21 88 97
31 88 98
28 88 99
20 88 100
35 89 1
27 89 2
33 89 3
34 89 4
25 89 5
31 89 6
25 89 7
28 89 8
27 89 9
30 89 10
28 89 11
33 89 12
47 89 13
35 89 14
31 89 15
37 89 16
27 89 17
28 89 18
29 89 19
36 89 20
34 89 21
36 89 22
33 89 23
33 89 24
32 89 25
24 89 26
39 89 27
31 89 28
32 89 29
25 89 30
32 89 31
33 89 32
37 89 33
41 89 34
43 89 35
27 89 36
34 89 37
26 89 38
33 89 39
28 89 40
37 89 41
27 89 42
32 89 43
40 89 44
43 89 45
42 89 46
36 89 47
38 89 48
33 89 49
37 89 50
22 89 51
31 89 52
40 89 53
31 89 54
26 89 55
28 89 56
33 89 57
28 89 58
33 89 59
32 89 60
34 89 61
30 89 62
36 89 63
33 89 64
34 89 65
30 89 66
35 89 67
25 89 68
39 89 69
31 89 70
29 89 71
35 89 72
21 89 73
39 89 74
35 89 75
38 89 76
31 89 77
29 89 78
29 89 79
39 89 80
35 89 81
30 89 82
31 89 83
28 89 84
28 89 85
32 89 86
33 89 87
30 89 88
94 89 89
38 89 90
37 89 91
40 89 92
35 89 93
34 89 94
32 89 95
27 89 96
26 89 97
36 89 98
38 89 99
27 89 100
28 90 1
39 90 2
29 90 3
38 90 4
46 90 5
29 90 6
38 90 7
28 90 8
19 90 9
22 90 10
24 90 11
27 90 12
33 90 13
44 90 14
46 90 15
37 90 16
33 90 17
21 90 18
44 90 19
29 90 20
27 90 21
28 90 22
34 90 23
36 90 24
25 90 25
21 90 26
38 90 27
25 90 28
32 90 29
23 90 30
28 90 31
21 90 32
30 90 33
30 90 34
36 90 35
21 90 36
30 90 37
30 90 38
23 90 39
26 90 40
41 90 41
22 90 42
16 90 43
30 90 44
36 90 45
24 90 46
31 90 47
26 90 48
18 90 49
34 90 50
36 90 51
22 90 52
39 90 53
29 90 54
28 90 55
28 90 56
28 90 57
33 90 58
36 90 59
27 90 60
34 90 61
24 90 62
38 90 63
30 90 64
24 90 65
26 90 66
18 90 67
32 90 68
32 90 69
35 90 70
38 90 71
36 90 72
25 90 73
28 90 74
32 90 75
25 90 76
29 90 77
33 90 78
22 90 79
43 90 80
26 90 81
26 90 82
22 90 83
29 90 84
28 90 85
35 90 86
23 90 87
24 90 88
35 90 89
91 90 90
46 90 91
25 90 92
19 90 93
28 90 94
28 90 95
26 90 96
35 90 97
27 90 98
39 90 99
29 90 100
38 91 1
29 91 2
31 91 3
56 91 4
43 91 5
30 91 6
34 91 7
33 91 8
24 91 9
21 91 10
25 91 11
31 91 12
25 91 13
48 91 14
45 91 15
37 91 16
36 91 17
22 91 18
42 91 19
29 91 20
28 91 21
32 91 22
36 91 23
31 91 24
31 91 25
25 91 26
30 91 27
29 91 28
18 91 29
27 91 30
24 91 31
25 91 32
23 91 33
24 91 34
34 91 35
25 91 36
27 91 37
29 91 38
21 91 39
25 91 40
48 91 41
22 91 42
26 91 43
26 91 44
33 91 45
26 91 46
34 91 47
28 91 48
28 91 49
30 91 50
32 91 51
23 91 52
29 91 53
22 91 54
19 91 55
25 91 56
23 91 57
32 91 58
32 91 59
25 91 60
36 91 61
27 91 62
44 91 63
24 91 64
35 91 65
20 91 66
24 91 67
37 91 68
38 91 69
34 91 70
34 91 71
37 91 72
26 91 73
35 91 74
27 91 75
24 91 76
30 91 77
31 91 78
30 91 79
39 91 80
35 91 81
21 91 82
30 91 83
23 91 84
34 91 85
28 91 86
29 91 87
35 91 88
26 91 89
47 91 90
95 91 91
37 91 92
28 91 93
31 91 94
31 91 95
19 91 96
30 91 97
35 91 98
33 91 99
29 91 100
21 92 1
30 92 2
30 92 3
37 92 4
40 92 5
31 92 6
28 92 7
35 92 8
22 92 9
34 92 10
35 92 11
17 92 12
32 92 13
40 92 14
27 92 15
34 92 16
32 92 17
29 92 18
31 92 19
41 92 20
26 92 21
23 92 22
33 92 23
31 92 24
21 92 25
28 92 26
29 92 27
30 92 28
32 92 29
23 92 30
21 92 31
37 92 32
34 92 33
39 92 34
31 92 35
28 92 36
39 92 37
24 92 38
26 92 39
32 92 40
34 92 41
18 92 42
23 92 43
34 92 44
42 92 45
29 92 46
35 92 47
27 92 48
25 92 49
34 92 50
36 92 51
35 92 52
33 92 53
37 92 54
28 92 55
35 92 56
37 92 57
31 92 58
36 92 59
33 92 60
21 92 61
38 92 62
35 92 63
29 92 64
25 92 65
31 92 66
34 92 67
29 92 68
25 92 69
33 92 70
35 92 71
32 92 72
23 92 73
24 92 74
27 92 75
34 92 76
34 92 77
38 92 78
39 92 79
37 92 80
32 92 81
31 92 82
25 92 83
35 92 84
27 92 85
33 92 86
33 92 87
34 92 88
42 92 89
35 92 90
35 92 91
81 92 92
28 92 93
30 92 94
28 92 95
37 92 96
24 92 97
29 92 98
29 92 99
39 92 100
32 93 1
33 93 2
28 93 3
25 93 4
27 93 5
39 93 6
36 93 7
24 93 8
26 93 9
24 93 10
33 93 11
31 93 12
34 93 13
29 93 14
35 93 15
29 93 16
29 93 17
38 93 18
22 93 19
35 93 20
32 93 21
36 93 22
28 93 23
23 93 24
28 93 25
38 93 26
32 93 27
32 93 28
29 93 29
36 93 30
25 93 31
27 93 32
38 93 33
30 93 34
29 93 35
36 93 36
31 93 37
39 93 38
32 93 39
30 93 40
30 93 41
54 93 42
33 93 43
50 93 44
30 93 45
37 93 46
21 93 47
36 93 48
34 93 49
32 93 50
17 93 51
31 93 52
27 93 53
31 93 54
27 93 55
40 93 56
36 93 57
32 93 58
33 93 59
34 93 60
36 93 61
35 93 62
27 93 63
34 93 64
25 93 65
24 93 66
31 93 67
27 93 68
28 93 69
26 93 70
36 93 71
37 93 72
27 93 73
39 93 74
29 93 75
35 93 76
22 93 77
31 93 78
38 93 79
24 93 80
26 93 81
30 93 82
22 93 83
24 93 84
28 93 85
34 93 86
35 93 87
29 93 88
39 93 89
28 93 90
37 93 91
25 93 92
85 93 93
20 93 94
28 93 95
40 93 96
24 93 97
31 93 98
39 93 99
35 93 100
34 94 1
25 94 2
38 94 3
29 94 4
38 94 5
29 94 6
29 94 7
33 94 8
40 94 9
47 94 10
32 94 11
22 94 12
24 94 13
33 94 14
27 94 15
25 94 16
28 94 17
32 94 18
29 94 19
37 94 20
33 94 21
23 94 22
29 94 23
37 94 24
30 94 25
26 94 26
26 94 27
16 94 28
33 94 29
39 94 30
32 94 31
30 94 32
35 94 33
33 94 34
22 94 35
24 94 36
21 94 37
21 94 38
23 94 39
34 94 40
32 94 41
20 94 42
24 94 43
20 94 44
17 94 45
30 94 46
28 94 47
26 94 48
28 94 49
26 94 50
31 94 51
18 94 52
38 94 53
24 94 54
48 94 55
20 94 56
25 94 57
24 94 58
23 94 59
28 94 60
24 94 61
32 94 62
25 94 63
24 94 64
23 94 65
53 94 66
35 94 67
44 94 68
26 94 69
32 94 70
13 94 71
27 94 72
31 94 73
29 94 74
46 94 75
34 94 76
39 94 77
23 94 78
20 94 79
31 94 80
31 94 81
33 94 82
42 94 83
44 94 84
28 94 85
31 94 86
34 94 87
31 94 88
33 94 89
25 94 90
29 94 91
32 94 92
17 94 93
94 94 94
29 94 95
21 94 96
39 94 97
33 94 98
30 94 99
28 94 100
36 95 1
35 95 2
40 95 3
19 95 4
29 95 5
35 95 6
39 95 7
40 95 8
24 95 9
32 95 10
24 95 11
27 95 12
34 95 13
24 95 14
29 95 15
31 95 16
27 95 17
28 95 18
37 95 19
33 95 20
41 95 21
28 95 22
37 95 23
28 95 24
22 95 25
31 95 26
30 95 27
28 95 28
20 95 29
23 95 30
17 95 31
34 95 32
38 95 33
28 95 34
33 95 35
32 95 36
28 95 37
32 95 38
36 95 39
30 95 40
24 95 41
19 95 42
32 95 43
37 95 44
34 95 45
32 95 46
29 95 47
27 95 48
28 95 49
45 95 50
30 95 51
58 95 52
32 95 53
33 95 54
29 95 55
39 95 56
30 95 57
28 95 58
30 95 59
28 95 60
27 95 61
34 95 62
32 95 63
24 95 64
44 95 65
25 95 66
33 95 67
24 95 68
30 95 69
34 95 70
32 95 71
27 95 72
15 95 73
24 95 74
19 95 75
37 95 76
33 95 77
33 95 78
32 95 79
24 95 80
40 95 81
22 95 82
26 95 83
25 95 84
40 95 85
48 95 86
43 95 87
49 95 88
32 95 89
29 95 90
34 95 91
36 95 92
31 95 93
29 95 94
87 95 95
35 95 96
33 95 97
42 95 98
26 95 99
23 95 100
35 96 1
27 96 2
22 96 3
23 96 4
32 96 5
35 96 6
30 96 7
32 96 8
24 96 9
31 96 10
26 96 11
31 96 12
23 96 13
30 96 14
28 96 15
34 96 16
31 96 17
28 96 18
28 96 19
36 96 20
40 96 21
25 96 22
35 96 23
30 96 24
27 96 25
42 96 26
36 96 27
40 96 28
25 96 29
26 96 30
28 96 31
40 96 32
36 96 33
31 96 34
32 96 35
51 96 36
29 96 37
31 96 38
42 96 39
32 96 40
19 96 41
38 96 42
51 96 43
28 96 44
27 96 45
26 96 46
34 96 47
27 96 48
30 96 49
31 96 50
32 96 51
37 96 52
32 96 53
26 96 54
32 96 55
38 96 56
37 96 57
25 96 58
36 96 59
47 96 60
26 96 61
41 96 62
33 96 63
30 96 64
37 96 65
23 96 66
28 96 67
33 96 68
24 96 69
35 96 70
32 96 71
29 96 72
28 96 73
29 96 74
33 96 75
38 96 76
38 96 77
40 96 78
30 96 79
23 96 80
30 96 81
20 96 82
25 96 83
31 96 84
35 96 85
38 96 86
32 96 87
38 96 88
29 96 89
33 96 90
31 96 91
36 96 92
34 96 93
23 96 94
31 96 95
79 96 96
32 96 97
39 96 98
35 96 99
32 96 100
30 97 1
28 97 2
32 97 3
42 97 4
25 97 5
41 97 6
35 97 7
39 97 8
44 97 9
39 97 10
19 97 11
25 97 12
25 97 13
40 97 14
33 97 15
41 97 16
22 97 17
28 97 18
35 97 19
30 97 20
37 97 21
28 97 22
38 97 23
37 97 24
29 97 25
28 97 26
44 97 27
42 97 28
34 97 29
36 97 30
45 97 31
32 97 32
26 97 33
27 97 34
19 97 35
26 97 36
17 97 37
34 97 38
33 97 39
45 97 40
27 97 41
30 97 42
33 97 43
29 97 44
23 97 45
23 97 46
33 97 47
31 97 48
20 97 49
27 97 50
42 97 51
34 97 52
32 97 53
29 97 54
53 97 55
32 97 56
29 97 57
26 97 58
29 97 59
39 97 60
39 97 61
31 97 62
27 97 63
28 97 64
27 97 65
44 97 66
28 97 67
43 97 68
35 97 69
31 97 70
27 97 71
29 97 72
32 97 73
30 97 74
48 97 75
34 97 76
40 97 77
27 97 78
29 97 79
29 97 80
29 97 81
40 97 82
42 97 83
33 97 84
32 97 85
25 97 86
32 97 87
35 97 88
26 97 89
28 97 90
34 97 91
27 97 92
28 97 93
50 97 94
38 97 95
38 97 96
90 97 97
27 97 98
30 97 99
24 97 100
42 98 1
25 98 2
23 98 3
34 98 4
21 98 5
33 98 6
24 98 7
32 98 8
33 98 9
27 98 10
29 98 11
31 98 12
38 98 13
27 98 14
24 98 15
25 98 16
29 98 17
38 98 18
36 98 19
35 98 20
38 98 21
43 98 22
35 98 23
25 98 24
27 98 25
40 98 26
25 98 27
28 98 28
29 98 29
22 98 30
29 98 31
34 98 32
25 98 33
31 98 34
23 98 35
44 98 36
36 98 37
31 98 38
36 98 39
30 98 40
39 98 41
32 98 42
38 98 43
27 98 44
40 98 45
34 98 46
28 98 47
28 98 48
36 98 49
31 98 50
24 98 51
35 98 52
34 98 53
31 98 54
24 98 55
31 98 56
30 98 57
29 98 58
35 98 59
31 98 60
35 98 61
30 98 62
29 98 63
33 98 64
31 98 65
31 98 66
24 98 67
30 98 68
33 98 69
23 98 70
30 98 71
34 98 72
23 98 73
28 98 74
23 98 75
33 98 76
29 98 77
35 98 78
45 98 79
27 98 80
29 98 81
27 98 82
27 98 83
27 98 84
23 98 85
31 98 86
35 98 87
38 98 88
35 98 89
30 98 90
27 98 91
23 98 92
36 98 93
26 98 94
48 98 95
33 98 96
20 98 97
85 98 98
37 98 99
30 98 100
30 99 1
29 99 2
24 99 3
25 99 4
23 99 5
25 99 6
24 99 7
25 99 8
17 99 9
30 99 10
29 99 11
29 99 12
35 99 13
29 99 14
35 99 15
40 99 16
33 99 17
30 99 18
27 99 19
30 99 20
26 99 21
33 99 22
42 99 23
37 99 24
29 99 25
30 99 26
28 99 27
32 99 28
29 99 29
26 99 30
27 99 31
36 99 32
44 99 33
29 99 34
34 99 35
32 99 36
31 99 37
31 99 38
32 99 39
29 99 40
31 99 41
31 99 42
34 99 43
37 99 44
26 99 45
35 99 46
37 99 47
37 99 48
31 99 49
43 99 50
28 99 51
43 99 52
34 99 53
31 99 54
23 99 55
31 99 56
34 99 57
36 99 58
28 99 59
35 99 60
34 99 61
35 99 62
31 99 63
30 99 64
36 99 65
25 99 66
28 99 67
20 99 68
31 99 69
38 99 70
29 99 71
33 99 72
31 99 73
35 99 74
29 99 75
37 99 76
31 99 77
30 99 78
33 99 79
33 99 80
25 99 81
27 99 82
21 99 83
25 99 84
33 99 85
38 99 86
40 99 87
32 99 88
39 99 89
40 99 90
34 99 91
24 99 92
40 99 93
23 99 94
36 99 95
36 99 96
23 99 97
40 99 98
85 99 99
38 99 100
22 100 1
32 100 2
23 100 3
31 100 4
25 100 5
27 100 6
28 100 7
22 100 8
27 100 9
29 100 10
31 100 11
34 100 12
38 100 13
25 100 14
25 100 15
29 100 16
39 100 17
35 100 18
21 100 19
25 100 20
22 100 21
30 100 22
25 100 23
19 100 24
31 100 25
31 100 26
28 100 27
17 100 28
36 100 29
22 100 30
36 100 31
29 100 32
36 100 33
34 100 34
25 100 35
36 100 36
32 100 37
28 100 38
28 100 39
25 100 40
22 100 41
30 100 42
29 100 43
41 100 44
31 100 45
41 100 46
35 100 47
33 100 48
35 100 49
21 100 50
30 100 51
29 100 52
20 100 53
40 100 54
22 100 55
31 100 56
33 100 57
30 100 58
30 100 59
32 100 60
31 100 61
28 100 62
26 100 63
33 100 64
23 100 65
27 100 66
37 100 67
27 100 68
38 100 69
26 100 70
36 100 71
31 100 72
34 100 73
31 100 74
23 100 75
26 100 76
22 100 77
31 100 78
30 100 79
17 100 80
23 100 81
28 100 82
22 100 83
28 100 84
21 100 85
28 100 86
28 100 87
22 100 88
32 100 89
35 100 90
30 100 91
31 100 92
35 100 93
27 100 94
23 100 95
34 100 96
25 100 97
31 100 98
25 100 99
86 100 100
